1 0.58671875 0.51796875 0.040625 0.034375
0 0.6375 0.51875 0.040625 0.0359375
0 0.73203125 0.51875 0.04140625 0.03671875
0 0.68828125 0.5171875 0.04140625 0.0359375
1 0.53359375 0.5140625 0.04140625 0.03828125
1 0.6328125 0.46328125 0.03984375 0.0375
1 0.43828125 0.525 0.0421875 0.0390625
1 0.48671875 0.525 0.04296875 0.03984375
1 0.68125 0.4609375 0.040625 0.03828125
0 0.33359375 0.5375 0.04375 0.03984375
0 0.3890625 0.48125 0.04375 0.03984375
0 0.759375 0.5546875 0.040625 0.03671875
1 0.478125 0.56796875 0.0421875 0.040625
0 0.38125 0.5171875 0.04375 0.03984375
0 0.6265625 0.5734375 0.03984375 0.03828125
0 0.4375 0.4703125 0.04375 0.040625
1 0.58359375 0.41875 0.040625 0.0375
1 0.3828125 0.5765625 0.04375 0.040625
1 0.72109375 0.42578125 0.04140625 0.03828125
1 0.628125 0.421875 0.04140625 0.0375
1 0.53046875 0.4671875 0.0421875 0.0390625
1 0.48359375 0.4703125 0.04140625 0.03984375
1 0.54296875 0.3890625 0.04140625 0.0390625
1 0.48359375 0.42265625 0.040625 0.03828125
0 0.67578125 0.61796875 0.040625 0.0390625
0 0.7296875 0.6140625 0.03984375 0.0390625
1 0.478125 0.34296875 0.04140625 0.0390625
1 0.38359375 0.428125 0.04453125 0.04140625
0 0.7703125 0.6109375 0.03984375 0.0375
1 0.43515625 0.3734375 0.0421875 0.0390625
1 0.3296875 0.47734375 0.0453125 0.04140625
1 0.57890625 0.33203125 0.040625 0.03828125
0 0.43203125 0.4328125 0.04453125 0.03984375
1 0.53203125 0.34609375 0.0421875 0.0390625
0 0.48125 0.29453125 0.04140625 0.0390625
1 0.440625 0.61640625 0.0421875 0.0390625
0 0.52578125 0.246875 0.04296875 0.03984375
1 0.678125 0.33671875 0.040625 0.0375
1 0.43046875 0.296875 0.04296875 0.03984375
0 0.48125 0.24921875 0.0421875 0.03984375
1 0.6265625 0.384375 0.0421875 0.0375
1 0.76953125 0.3796875 0.0421875 0.0390625
1 0.63203125 0.29765625 0.04140625 0.0375
1 0.72265625 0.3328125 0.04140625 0.03828125
0 0.33671875 0.58203125 0.04375 0.03984375
1 0.534375 0.3046875 0.0421875 0.0390625
0 0.73125 0.659375 0.03984375 0.03828125
1 0.5765625 0.25 0.04296875 0.03984375
1 0.4359375 0.2484375 0.04296875 0.040625