0 0.365625 0.84375 0.046875 0.05234375
1 0.16484375 0.5859375 0.05078125 0.05
1 0.1703125 0.634375 0.05078125 0.053125
1 0.21328125 0.53515625 0.05078125 0.0515625
0 0.73125 0.88125 0.0484375 0.0515625
0 0.62734375 0.88125 0.04921875 0.05234375
0 0.36875 0.78828125 0.05 0.0515625
1 0.21484375 0.584375 0.05 0.05234375
0 0.42734375 0.8890625 0.05 0.05234375
1 0.31328125 0.5828125 0.0515625 0.05390625
1 0.31171875 0.5265625 0.05078125 0.05234375
1 0.16796875 0.6859375 0.0515625 0.053125
0 0.478125 0.8390625 0.0484375 0.05078125
0 0.42421875 0.73203125 0.05 0.05
1 0.30859375 0.47578125 0.05078125 0.05234375
0 0.5265625 0.8890625 0.05078125 0.053125
1 0.315625 0.42734375 0.0515625 0.0515625
1 0.525 0.58671875 0.0484375 0.05078125
1 0.31875 0.6390625 0.0515625 0.05390625
1 0.51640625 0.4875 0.04921875 0.05078125
1 0.5296875 0.5375 0.04765625 0.05078125
1 0.87421875 0.56328125 0.0484375 0.05078125
1 0.87421875 0.415625 0.04921875 0.0515625
1 0.265625 0.6859375 0.05234375 0.05390625
1 0.365625 0.5328125 0.05078125 0.0515625
0 0.68125 0.82890625 0.0484375 0.05
1 0.37421875 0.6390625 0.05078125 0.053125
1 0.82890625 0.4265625 0.0484375 0.05078125
1 0.42578125 0.6359375 0.04921875 0.05078125
0 0.11171875 0.5375 0.05 0.0515625
1 0.87734375 0.51015625 0.04921875 0.0515625
1 0.728125 0.62578125 0.04765625 0.05
1 0.928125 0.61953125 0.04921875 0.0515625
1 0.41875 0.42578125 0.05 0.05078125
1 0.21953125 0.7390625 0.05234375 0.053125
1 0.57578125 0.58359375 0.046875 0.05
0 0.63046875 0.83125 0.04921875 0.05234375
1 0.4265625 0.53515625 0.05 0.05078125
1 0.77734375 0.57578125 0.0484375 0.05078125
1 0.7796875 0.62421875 0.04765625 0.04921875
1 0.5625 0.47265625 0.0484375 0.05078125
0 0.625 0.7765625 0.04921875 0.05234375
1 0.83671875 0.48125 0.04765625 0.05078125
0 0.47265625 0.68125 0.04765625 0.04921875
0 0.21640625 0.68828125 0.04921875 0.05078125
1 0.41171875 0.37734375 0.04921875 0.05078125
1 0.5796875 0.6859375 0.04765625 0.05
1 0.87421875 0.71796875 0.0484375 0.0515625
1 0.57734375 0.63359375 0.046875 0.05
1 0.46953125 0.48125 0.0484375 0.05078125
1 0.459375 0.378125 0.04921875 0.05078125
1 0.61796875 0.371875 0.04765625 0.04921875
0 0.73359375 0.78046875 0.04765625 0.05078125
1 0.778125 0.7328125 0.05 0.05078125
0 0.57578125 0.73515625 0.04765625 0.04921875
1 0.63203125 0.6765625 0.0484375 0.05
1 0.56953125 0.2765625 0.0484375 0.05078125
1 0.8796875 0.4625 0.04921875 0.0515625
1 0.2703125 0.7375 0.0515625 0.05234375
0 0.3171875 0.69140625 0.05 0.05078125
1 0.825 0.7234375 0.04921875 0.05
1 0.9390625 0.721875 0.05 0.05234375
0 0.68203125 0.775 0.04921875 0.05234375
1 0.83046875 0.5296875 0.0484375 0.05078125
1 0.928125 0.3109375 0.04765625 0.05
1 0.48203125 0.63203125 0.0484375 0.05078125
1 0.82109375 0.26953125 0.0484375 0.0515625
1 0.93046875 0.36015625 0.05 0.0515625
1 0.8671875 0.26953125 0.04921875 0.05234375
1 0.61796875 0.22734375 0.046875 0.05
1 0.7625 0.21875 0.04921875 0.05234375
1 0.37578125 0.73984375 0.0515625 0.05234375
1 0.9421875 0.7796875 0.05 0.05234375
1 0.6234375 0.42109375 0.046875 0.04921875
1 0.8109375 0.2140625 0.04765625 0.05078125
0 0.52890625 0.7875 0.0484375 0.05078125
0 0.16171875 0.5359375 0.05 0.05078125
1 0.5140625 0.3140625 0.04921875 0.05234375
1 0.32734375 0.73984375 0.05 0.05078125
1 0.578125 0.421875 0.046875 0.04921875
1 0.63125 0.72734375 0.0484375 0.05
0 0.525 0.8375 0.04921875 0.05
0 0.9203125 0.6671875 0.05 0.05078125
1 0.77890625 0.47890625 0.046875 0.0484375
1 0.728125 0.6734375 0.04765625 0.05078125
1 0.76171875 0.1703125 0.0484375 0.05078125
1 0.78203125 0.7828125 0.0484375 0.05
1 0.6640625 0.17421875 0.04765625 0.05078125
1 0.73125 0.72734375 0.04921875 0.05078125
0 0.775 0.68046875 0.0484375 0.05
0 0.721875 0.5734375 0.04765625 0.04921875
0 0.8234375 0.675 0.0484375 0.05
0 0.52890625 0.7390625 0.04921875 0.05078125
0 0.36640625 0.68984375 0.04921875 0.0515625
0 0.11015625 0.48359375 0.05 0.0515625
0 0.2171875 0.63984375 0.04921875 0.05234375
0 0.26875 0.6328125 0.05078125 0.05234375
0 0.58125 0.93671875 0.0484375 0.0515625
0 0.421875 0.48203125 0.0484375 0.04921875
1 0.73046875 0.8296875 0.0484375 0.05078125
1 0.78203125 0.83359375 0.04921875 0.05078125
1 0.9765625 0.36015625 0.046875 0.05078125
0 0.4140625 0.6828125 0.04921875 0.05
1 0.615625 0.171875 0.0484375 0.0515625
0 0.8734375 0.6671875 0.04921875 0.0515625
0 0.5328125 0.6875 0.0484375 0.05078125
1 0.86328125 0.16796875 0.05 0.05234375
0 0.209375 0.37890625 0.04765625 0.0515625
0 0.6796875 0.72578125 0.04765625 0.05078125
0 0.2625 0.584375 0.04921875 0.0515625
0 0.21171875 0.4859375 0.0484375 0.05078125
0 0.2625 0.53203125 0.04921875 0.05078125
0 0.3671875 0.48359375 0.05078125 0.05078125
1 0.1109375 0.325 0.05 0.0515625
0 0.53046875 0.6359375 0.0484375 0.04921875
0 0.725 0.41640625 0.0484375 0.04921875
0 0.53203125 0.43046875 0.0484375 0.05
0 0.7765625 0.415625 0.046875 0.05
1 0.77109375 0.11796875 0.0484375 0.05078125
0 0.6796875 0.675 0.04765625 0.05
0 0.10859375 0.37734375 0.05 0.0515625
0 0.109375 0.434375 0.05 0.05078125
1 0.97265625 0.2703125 0.04921875 0.0515625
1 0.97734375 0.4109375 0.04453125 0.0515625
1 0.978125 0.60859375 0.04375 0.05078125
0 0.665625 0.375 0.046875 0.05
0 0.47109375 0.43203125 0.04765625 0.04921875
1 0.97734375 0.521875 0.0453125 0.05
0 0.68046875 0.6265625 0.046875 0.0484375
0 0.8234375 0.5765625 0.0484375 0.04921875
1 0.94140625 0.8359375 0.04921875 0.05234375
0 0.878125 0.365625 0.04921875 0.0515625
0 0.715625 0.2234375 0.04765625 0.05
1 0.2109375 0.79375 0.05078125 0.053125
0 0.78359375 0.5265625 0.0484375 0.04765625
0 0.725 0.52421875 0.0484375 0.0484375
0 0.259375 0.4828125 0.04921875 0.05234375
0 0.26796875 0.3734375 0.04921875 0.0515625
0 0.5203125 0.37578125 0.046875 0.05
0 0.26640625 0.43359375 0.0484375 0.0515625
0 0.6625 0.2765625 0.046875 0.05
1 0.92734375 0.16484375 0.0484375 0.05078125
0 0.87421875 0.61875 0.04921875 0.0515625
0 0.15859375 0.32734375 0.04921875 0.0515625
0 0.36328125 0.43359375 0.04921875 0.05
0 0.6640625 0.22265625 0.046875 0.04921875
0 0.7203125 0.3671875 0.046875 0.04921875
0 0.8203125 0.31875 0.046875 0.04921875
0 0.3640625 0.375 0.04921875 0.05078125
0 0.82734375 0.62578125 0.04921875 0.05
0 0.87421875 0.3171875 0.0484375 0.0515625
0 0.3171875 0.378125 0.0484375 0.05078125
0 0.775 0.365625 0.046875 0.05
0 0.565625 0.37421875 0.046875 0.05
1 0.975 0.209375 0.04921875 0.05234375
0 0.73046875 0.47578125 0.04765625 0.04921875
0 0.25859375 0.3203125 0.04921875 0.05078125
0 0.815625 0.165625 0.04765625 0.05078125
1 0.88359375 0.8765625 0.0484375 0.05234375
0 0.76875 0.31796875 0.04765625 0.04921875
0 0.56015625 0.32421875 0.04765625 0.05
0 0.615625 0.27734375 0.046875 0.05
0 0.71171875 0.17109375 0.04921875 0.05234375
0 0.60703125 0.3234375 0.046875 0.04921875
1 0.82578125 0.884375 0.0484375 0.0515625
0 0.81796875 0.11640625 0.04765625 0.05078125
0 0.7734375 0.26875 0.046875 0.05
1 0.81796875 0.06796875 0.0484375 0.05078125
0 0.66328125 0.125 0.04921875 0.05
0 0.709375 0.1203125 0.0484375 0.05
1 0.50390625 0.17421875 0.05 0.0515625
1 0.18046875 0.18359375 0.05078125 0.0515625