0 0.46796875 0.47265625 0.05703125 0.0484375
1 0.04453125 0.7265625 0.05625 0.0515625
0 0.67578125 0.42109375 0.05390625 0.05
0 0.47734375 0.525 0.05390625 0.0484375
0 0.26953125 0.46484375 0.05625 0.05078125
0 0.32421875 0.42421875 0.05625 0.05078125
0 0.47890625 0.31015625 0.0546875 0.05
0 0.21875 0.41875 0.05703125 0.0515625
0 0.3234375 0.47265625 0.05546875 0.05
0 0.57265625 0.5171875 0.05234375 0.04765625
0 0.8390625 0.4640625 0.05703125 0.0484375
1 0.0984375 0.728125 0.0578125 0.053125
0 0.43046875 0.4171875 0.053125 0.0484375
0 0.42578125 0.571875 0.053125 0.04921875
0 0.57109375 0.41171875 0.05390625 0.04765625
1 0.103125 0.675 0.05703125 0.05234375
0 0.4625 0.36171875 0.05390625 0.04921875
0 0.578125 0.66484375 0.05234375 0.0484375
0 0.32578125 0.5203125 0.0546875 0.0484375
0 0.575 0.459375 0.053125 0.05
0 0.8296875 0.5140625 0.05703125 0.04609375
0 0.378125 0.4203125 0.05546875 0.05
1 0.0421875 0.36640625 0.05859375 0.05390625
0 0.265625 0.36328125 0.0546875 0.0515625
0 0.5296875 0.571875 0.05234375 0.0484375
0 0.371875 0.5765625 0.05546875 0.0484375
0 0.3671875 0.20546875 0.05625 0.053125
0 0.625 0.4625 0.05078125 0.04765625
0 0.3640625 0.26328125 0.0546875 0.05234375
0 0.15859375 0.31171875 0.0578125 0.05234375
0 0.67109375 0.3671875 0.05234375 0.04921875
0 0.61796875 0.36328125 0.05234375 0.0484375
1 0.14375 0.52421875 0.059375 0.05234375
0 0.73046875 0.36171875 0.05390625 0.0484375
0 0.7734375 0.5203125 0.0546875 0.0484375
0 0.42109375 0.21171875 0.0546875 0.05234375
0 0.478125 0.571875 0.05390625 0.0484375
0 0.47578125 0.20703125 0.0546875 0.05234375
1 0.20546875 0.575 0.05703125 0.0515625
0 0.471875 0.6671875 0.0578125 0.04921875
1 0.1 0.415625 0.059375 0.05234375
0 0.46796875 0.1515625 0.05625 0.05234375
0 0.78203125 0.60703125 0.05546875 0.0484375
0 0.52734375 0.71875 0.053125 0.05
0 0.21015625 0.36484375 0.05625 0.053125
0 0.79375 0.56171875 0.05546875 0.04765625
0 0.1546875 0.3609375 0.05703125 0.053125
0 0.515625 0.365625 0.05078125 0.046875
1 0.92265625 0.8484375 0.05234375 0.0484375
1 0.15859375 0.678125 0.05859375 0.05234375
0 0.37265625 0.1515625 0.0578125 0.0546875
1 0.09765625 0.36640625 0.0578125 0.05234375
1 0.31640625 0.7203125 0.05625 0.05
0 0.471875 0.25703125 0.05390625 0.053125
0 0.77578125 0.6546875 0.0546875 0.0484375
1 0.9328125 0.75703125 0.053125 0.04921875
1 0.15 0.4734375 0.059375 0.053125
1 0.871875 0.846875 0.05546875 0.05
0 0.4234375 0.7125 0.05390625 0.04765625
0 0.19609375 0.259375 0.05703125 0.05234375
0 0.36953125 0.71796875 0.0546875 0.04765625
0 0.7859375 0.36171875 0.053125 0.05
1 0.97578125 0.80390625 0.0484375 0.0484375
1 0.871875 0.8921875 0.0546875 0.04921875
0 0.4703125 0.1015625 0.05703125 0.05234375
0 0.3734375 0.10078125 0.0578125 0.05234375
1 0.87734375 0.8015625 0.05390625 0.04921875
0 0.2625 0.72890625 0.05546875 0.0484375
1 0.2125 0.67890625 0.0578125 0.05234375
0 0.7390625 0.165625 0.05234375 0.05
0 0.634375 0.21875 0.05234375 0.05
0 0.09921875 0.309375 0.05703125 0.05234375
0 0.19765625 0.153125 0.0578125 0.053125
1 0.26015625 0.565625 0.05703125 0.05
0 0.8375 0.36953125 0.0546875 0.0484375
1 0.16015625 0.4125 0.0609375 0.05390625
0 0.525 0.76875 0.05390625 0.05078125
0 0.79609375 0.11171875 0.05625 0.05078125
1 0.26484375 0.51484375 0.0578125 0.05078125
1 0.20703125 0.4703125 0.05859375 0.05234375
0 0.6859375 0.109375 0.053125 0.05234375
1 0.97890625 0.75703125 0.04140625 0.0484375
0 0.525 0.66875 0.053125 0.0484375
1 0.584375 0.909375 0.0546875 0.04921875
0 0.63203125 0.11875 0.05234375 0.05078125
1 0.41484375 0.665625 0.05703125 0.05078125
0 0.5265625 0.8203125 0.053125 0.05078125
0 0.8828125 0.7515625 0.053125 0.04765625
0 0.20859375 0.728125 0.0546875 0.05
1 0.3140625 0.5671875 0.05546875 0.05
1 0.2671875 0.6734375 0.05703125 0.05234375
0 0.19609375 0.203125 0.05703125 0.053125
1 0.5828125 0.86328125 0.05546875 0.05078125
1 0.3203125 0.66875 0.05625 0.0515625
0 0.884375 0.70703125 0.05234375 0.0484375
0 0.73671875 0.80546875 0.05546875 0.04765625
0 0.68671875 0.15859375 0.053125 0.0515625
0 0.31796875 0.771875 0.05390625 0.0484375
0 0.58125 0.1078125 0.053125 0.05078125
1 0.578125 0.81328125 0.05625 0.05
1 0.58046875 0.76484375 0.05546875 0.05
1 0.3109375 0.61640625 0.0578125 0.0515625
0 0.9390625 0.709375 0.053125 0.04921875
0 0.834375 0.70703125 0.053125 0.0484375
0 0.82890625 0.80390625 0.05390625 0.0453125
0 0.2109375 0.77421875 0.05546875 0.05
0 0.89453125 0.365625 0.05546875 0.04921875
1 0.67890625 0.9015625 0.05625 0.04921875
0 0.73125 0.7125 0.05234375 0.04921875
0 0.15390625 0.72578125 0.05390625 0.0484375
1 0.3203125 0.37265625 0.05703125 0.05234375
0 0.73125 0.8578125 0.053125 0.05078125
0 0.84375 0.1625 0.053125 0.05078125
1 0.6765625 0.7078125 0.0546875 0.05
1 0.675 0.80625 0.0578125 0.05078125
1 0.5796875 0.71328125 0.05546875 0.05
1 0.63359375 0.66875 0.0546875 0.04921875
1 0.68046875 0.75859375 0.05625 0.05
0 0.7828125 0.71015625 0.053125 0.0484375
0 0.2 0.103125 0.05625 0.0515625
1 0.3703125 0.6234375 0.05625 0.05
0 0.6921875 0.0609375 0.0546875 0.05078125
1 0.94296875 0.2140625 0.053125 0.05234375
1 0.9421875 0.3171875 0.0546875 0.05234375
1 0.865625 0.94609375 0.05625 0.04921875
1 0.6828125 0.9515625 0.05625 0.05078125
1 0.2546875 0.2625 0.0578125 0.053125
1 0.25625 0.31171875 0.0578125 0.05234375
1 0.4234375 0.6203125 0.05546875 0.05078125
1 0.89296875 0.2109375 0.053125 0.053125
0 0.73359375 0.76015625 0.05390625 0.0484375
1 0.41953125 0.26484375 0.05703125 0.05234375
1 0.42421875 0.315625 0.05625 0.0515625
1 0.3734375 0.36875 0.05390625 0.05078125
1 0.31796875 0.31171875 0.05703125 0.05234375
1 0.67578125 0.47265625 0.0546875 0.0484375
0 0.89375 0.11171875 0.05546875 0.05078125
0 0.3140625 0.05234375 0.05625 0.0515625
1 0.62734375 0.5125 0.0546875 0.04765625
0 0.53203125 0.86640625 0.053125 0.0484375
0 0.47421875 0.0515625 0.05703125 0.0515625
1 0.890625 0.31875 0.0546875 0.05234375
0 0.7453125 0.06015625 0.0546875 0.05078125
0 0.89375 0.16015625 0.05390625 0.0515625
1 0.253125 0.1484375 0.05859375 0.0546875
1 0.58203125 0.96484375 0.0546875 0.05
1 0.73125 0.615625 0.05546875 0.05
1 0.2546875 0.09296875 0.05859375 0.0546875
1 0.778125 0.46171875 0.05625 0.04921875
1 0.25625 0.20703125 0.05703125 0.053125
0 0.784375 0.75625 0.05234375 0.04609375
1 0.8421875 0.21015625 0.053125 0.0515625
1 0.72734375 0.46953125 0.0546875 0.04921875
1 0.31015625 0.25546875 0.05859375 0.05390625
1 0.5671875 0.35703125 0.05390625 0.05
0 0.7375 0.91015625 0.05390625 0.0484375
1 0.62734375 0.61484375 0.05234375 0.05
1 0.5796875 0.5640625 0.053125 0.04921875
1 0.475 0.6203125 0.05390625 0.05
1 0.67890625 0.61796875 0.05390625 0.05
1 0.31640625 0.10390625 0.0578125 0.05234375
0 0.94453125 0.36328125 0.05078125 0.0484375
1 0.8390625 0.321875 0.0546875 0.05078125
1 0.31171875 0.20234375 0.05703125 0.05234375
0 0.3796875 0.046875 0.05703125 0.0515625
1 0.78125 0.41171875 0.05625 0.04921875
1 0.7203125 0.51875 0.05625 0.05
1 0.7390625 0.2140625 0.0546875 0.05234375
1 0.525 0.26796875 0.05625 0.05234375
0 0.94296875 0.165625 0.0515625 0.0515625
1 0.7890625 0.31171875 0.05546875 0.05234375
1 0.97734375 0.26484375 0.0453125 0.0515625
1 0.73359375 0.565625 0.0578125 0.05
0 0.10859375 0.78046875 0.05703125 0.0515625
1 0.79140625 0.21171875 0.0546875 0.05234375
1 0.68359375 0.31875 0.05546875 0.0515625
1 0.5265625 0.6203125 0.053125 0.05
1 0.79140625 0.16015625 0.0546875 0.0515625
1 0.6359375 0.16875 0.0546875 0.05234375
1 0.52578125 0.2171875 0.05546875 0.05234375
0 0.52421875 0.9125 0.0546875 0.04921875
0 0.02890625 0.309375 0.05625 0.053125
1 0.68671875 0.2109375 0.0546875 0.0515625
1 0.52890625 0.1078125 0.0578125 0.053125
1 0.62578125 0.31171875 0.05390625 0.05078125
1 0.5765625 0.6140625 0.053125 0.05
1 0.571875 0.309375 0.0546875 0.0515625
1 0.6390625 0.05390625 0.05546875 0.05234375
1 0.5828125 0.2171875 0.05546875 0.0515625
1 0.73671875 0.31484375 0.0546875 0.0515625
1 0.53125 0.1578125 0.0578125 0.0546875
1 0.2578125 0.040625 0.05859375 0.05234375
1 0.584375 0.165625 0.05625 0.05390625
1 0.53046875 0.053125 0.05625 0.05234375
1 0.67890625 0.85390625 0.05625 0.05
1 0.584375 0.05546875 0.05546875 0.05234375
0 0.0484375 0.7828125 0.05625 0.05
0 0.19453125 0.0453125 0.05703125 0.05390625
0 0.89140625 0.0625 0.0578125 0.05078125
0 0.20546875 0.821875 0.0546875 0.0484375
0 0.26640625 0.83125 0.05546875 0.04921875
1 0.98359375 0.21640625 0.0328125 0.05078125
0 0.98359375 0.31875 0.0328125 0.05
0 0.98203125 0.7 0.0359375 0.046875
0 0.7328125 0.95546875 0.0515625 0.046875
0 0.98515625 0.16875 0.0296875 0.05
0 0.53203125 0.9640625 0.0515625 0.05
0 0.98515625 0.3625 0.0296875 0.046875