1 0.546875 0.60625 0.0359375 0.0421875
0 0.24453125 0.50390625 0.040625 0.040625
0 0.30078125 0.43984375 0.03828125 0.040625
0 0.2984375 0.6109375 0.03984375 0.03828125
1 0.80625 0.5546875 0.03828125 0.04140625
0 0.39453125 0.3578125 0.0390625 0.040625
1 0.40546875 0.55 0.0375 0.03828125
1 0.5984375 0.5625 0.0359375 0.0421875
0 0.3453125 0.39921875 0.03828125 0.03984375
1 0.69921875 0.46015625 0.03984375 0.03984375
1 0.5515625 0.50625 0.0359375 0.040625
0 0.25 0.3953125 0.03828125 0.040625
1 0.49609375 0.6546875 0.03515625 0.040625
1 0.4484375 0.60703125 0.03828125 0.04296875
0 0.43671875 0.40234375 0.040625 0.040625
1 0.8625 0.509375 0.0390625 0.03984375
1 0.44609375 0.65625 0.03984375 0.04375
0 0.33828125 0.34296875 0.03984375 0.04140625
1 0.396875 0.71796875 0.03828125 0.0421875
1 0.4953125 0.453125 0.0359375 0.040625
1 0.35078125 0.6578125 0.040625 0.04140625
0 0.38984375 0.45 0.0390625 0.03984375
0 0.49609375 0.39921875 0.040625 0.04296875
1 0.66015625 0.4546875 0.040625 0.0421875
1 0.49296875 0.55546875 0.0359375 0.0390625
1 0.59765625 0.5109375 0.0375 0.04296875
1 0.3484375 0.6078125 0.03828125 0.04140625
1 0.55625 0.44140625 0.03671875 0.03828125
1 0.75078125 0.55390625 0.03984375 0.04140625
0 0.44375 0.453125 0.0390625 0.040625
1 0.4546875 0.71171875 0.03984375 0.0421875
1 0.7609375 0.6703125 0.03984375 0.04140625
0 0.43984375 0.50703125 0.03828125 0.0390625
1 0.44765625 0.55546875 0.03984375 0.040625
0 0.24921875 0.55546875 0.0421875 0.04140625
0 0.353125 0.50078125 0.03671875 0.0390625
0 0.19453125 0.4578125 0.040625 0.04140625
0 0.546875 0.390625 0.03984375 0.04140625
0 0.49609375 0.509375 0.03671875 0.0390625
0 0.3515625 0.725 0.03828125 0.04140625
0 0.49921875 0.70859375 0.03984375 0.04140625
0 0.34921875 0.459375 0.0375 0.040625
0 0.45234375 0.35234375 0.03671875 0.040625
1 0.596875 0.3984375 0.0359375 0.0390625
1 0.39140625 0.5046875 0.03984375 0.0421875
1 0.8609375 0.45859375 0.03828125 0.040625
1 0.90859375 0.7171875 0.0390625 0.040625
0 0.38828125 0.28359375 0.03671875 0.0390625
1 0.85625 0.6578125 0.0359375 0.03984375
0 0.35390625 0.55625 0.03828125 0.0390625
0 0.446875 0.196875 0.040625 0.04296875
1 0.70390625 0.34375 0.0390625 0.04140625
0 0.496875 0.18203125 0.0390625 0.04296875
1 0.709375 0.60078125 0.03984375 0.03984375
1 0.8140625 0.4515625 0.03828125 0.04296875
0 0.39140625 0.1390625 0.0359375 0.0390625
1 0.6546875 0.39765625 0.03828125 0.0421875
0 0.3046875 0.665625 0.0390625 0.03984375
0 0.85625 0.71953125 0.040625 0.0421875
1 0.759375 0.403125 0.03984375 0.0421875
0 0.553125 0.19609375 0.03828125 0.04140625
0 0.44296875 0.240625 0.03828125 0.04140625
0 0.909375 0.7703125 0.0375 0.040625
1 0.91015625 0.86953125 0.0359375 0.03828125
0 0.80546875 0.72265625 0.03984375 0.04140625
0 0.753125 0.71328125 0.03828125 0.040625
1 0.9078125 0.3953125 0.0375 0.0421875
1 0.95390625 0.4546875 0.04140625 0.04375
1 0.48984375 0.2984375 0.03671875 0.04140625
0 0.60078125 0.13984375 0.03828125 0.04140625
1 0.859375 0.60859375 0.0359375 0.04140625
0 0.553125 0.13359375 0.03828125 0.040625
1 0.60234375 0.29609375 0.03984375 0.04296875
0 0.3921875 0.08359375 0.03828125 0.040625
1 0.81171875 0.66875 0.0375 0.040625
1 0.9640625 0.6140625 0.03828125 0.04140625
0 0.80390625 0.76875 0.04140625 0.04140625
1 0.96171875 0.7171875 0.0390625 0.040625
1 0.50234375 0.35390625 0.0375 0.0390625
1 0.753125 0.51328125 0.03828125 0.0390625
1 0.4984375 0.2453125 0.0375 0.04140625
1 0.7078125 0.24375 0.03828125 0.04375
1 0.91328125 0.821875 0.03828125 0.03828125
0 0.49453125 0.7609375 0.0390625 0.0421875
1 0.86015625 0.40078125 0.0375 0.04140625
0 0.96015625 0.771875 0.040625 0.040625
0 0.859375 0.82421875 0.03984375 0.04140625
1 0.95859375 0.81796875 0.03828125 0.0390625
1 0.4515625 0.30390625 0.03828125 0.04296875
0 0.490625 0.090625 0.03984375 0.03984375
1 0.9078125 0.29921875 0.03828125 0.04453125
1 0.85859375 0.92734375 0.0390625 0.040625
1 0.8109375 0.2390625 0.0390625 0.04140625
1 0.86328125 0.2390625 0.03671875 0.040625
0 0.74921875 0.76953125 0.0390625 0.0390625
0 0.64921875 0.14140625 0.03515625 0.03828125
1 0.54921875 0.246875 0.03828125 0.04296875
1 0.5515625 0.3453125 0.03515625 0.03828125
0 0.38671875 0.7640625 0.03828125 0.040625
1 0.9390625 0.5875 0.0390625 0.04296875
0 0.859375 0.8796875 0.03984375 0.0390625
1 0.80859375 0.40390625 0.03828125 0.04140625
1 0.59453125 0.24375 0.03984375 0.0453125
1 0.6078125 0.3515625 0.0359375 0.040625
1 0.659375 0.3421875 0.0359375 0.040625
1 0.6578125 0.29609375 0.03828125 0.04140625
1 0.39140625 0.240625 0.03671875 0.0421875
0 0.44296875 0.7734375 0.03828125 0.04140625
1 0.8078125 0.35625 0.0390625 0.04296875
1 0.9640625 0.403125 0.03984375 0.04296875
1 0.96015625 0.9171875 0.0375 0.0421875
1 0.7546875 0.2390625 0.0359375 0.03984375
0 0.69453125 0.66015625 0.03828125 0.0390625
0 0.8109375 0.9203125 0.03828125 0.0390625
1 0.96015625 0.34765625 0.0390625 0.0421875
1 0.653125 0.1921875 0.03828125 0.04296875
1 0.7515625 0.1875 0.03828125 0.04375
1 0.653125 0.24921875 0.0390625 0.04375
1 0.70234375 0.1375 0.03671875 0.04140625
1 0.5953125 0.19375 0.0375 0.04375
1 0.959375 0.25234375 0.03828125 0.040625
0 0.334375 0.04453125 0.0375 0.03984375
1 0.909375 0.18984375 0.03828125 0.040625
0 0.44375 0.03203125 0.0359375 0.03828125
1 0.85390625 0.971875 0.0359375 0.03984375
0 0.54765625 0.0234375 0.0359375 0.0375
1 0.9578125 0.97265625 0.0375 0.0421875
0 0.796875 0.975 0.03828125 0.04140625