1 0.0890625 0.89921875 0.05078125 0.0453125
0 0.81015625 0.51640625 0.0546875 0.04921875
0 0.7171875 0.521875 0.053125 0.046875
1 0.15546875 0.896875 0.05546875 0.05
0 0.7078125 0.3765625 0.0546875 0.0484375
1 0.24609375 0.89921875 0.0546875 0.04921875
1 0.3390625 0.8578125 0.0546875 0.04921875
0 0.6546875 0.6265625 0.05234375 0.046875
1 0.44921875 0.809375 0.053125 0.046875
1 0.07421875 0.71015625 0.05546875 0.0484375
1 0.1984375 0.85234375 0.05546875 0.05
1 0.25390625 0.815625 0.05546875 0.04765625
1 0.1484375 0.79609375 0.05546875 0.04921875
1 0.190625 0.95234375 0.0546875 0.0484375
0 0.84765625 0.2203125 0.053125 0.04921875
0 0.56015625 0.4984375 0.0546875 0.0484375
1 0.02421875 0.60859375 0.0484375 0.0484375
0 0.4484375 0.5109375 0.053125 0.04765625
0 0.78984375 0.22265625 0.053125 0.04921875
1 0.34296875 0.76171875 0.05390625 0.0484375
1 0.65703125 0.88984375 0.05390625 0.04765625
1 0.1359375 0.9484375 0.05390625 0.0484375
1 0.675 0.9328125 0.0546875 0.04921875
1 0.0640625 0.56328125 0.0546875 0.05
1 0.13515625 0.7515625 0.05625 0.05
0 0.821875 0.86015625 0.05703125 0.04921875
1 0.60859375 0.81171875 0.05390625 0.04765625
1 0.2921875 0.7546875 0.05390625 0.046875
1 0.06953125 0.66328125 0.05546875 0.05
0 0.9578125 0.2234375 0.05390625 0.05078125
1 0.48671875 0.76015625 0.0515625 0.04609375
1 0.65390625 0.8453125 0.05390625 0.0484375
1 0.23203125 0.6078125 0.05390625 0.0484375
1 0.17734375 0.54921875 0.05546875 0.04921875
1 0.3421875 0.6203125 0.05390625 0.04765625
1 0.70625 0.80078125 0.053125 0.04765625
0 0.6625 0.71171875 0.05390625 0.0484375
0 0.5015625 0.4546875 0.05234375 0.04765625
0 0.71875 0.75625 0.05390625 0.04609375
1 0.18828125 0.759375 0.05546875 0.05
0 0.96171875 0.31796875 0.05234375 0.05
0 0.6453125 0.15859375 0.05390625 0.04921875
1 0.18046875 0.70546875 0.05625 0.04921875
1 0.07109375 0.50859375 0.05546875 0.05078125
1 0.28671875 0.5609375 0.05390625 0.046875
0 0.60625 0.71171875 0.053125 0.04765625
1 0.1265625 0.696875 0.05625 0.05078125
0 0.909375 0.06953125 0.0546875 0.05234375
1 0.19921875 0.80625 0.0546875 0.04921875
0 0.45546875 0.6078125 0.05234375 0.04609375
1 0.55546875 0.71015625 0.053125 0.04765625
1 0.50078125 0.659375 0.05234375 0.0484375
1 0.2984375 0.70546875 0.05390625 0.0484375
1 0.28046875 0.6625 0.0546875 0.04921875
1 0.12421875 0.65 0.05546875 0.04921875
0 0.90078125 0.275 0.053125 0.05078125
0 0.9546875 0.1171875 0.05546875 0.0515625
0 0.74296875 0.16640625 0.053125 0.05
1 0.021875 0.4890625 0.04375 0.0484375
1 0.70390625 0.84453125 0.05078125 0.04609375
0 0.853125 0.1203125 0.053125 0.05078125
1 0.6109375 0.7640625 0.0546875 0.0484375
1 0.66875 0.759375 0.053125 0.04765625
0 0.5578125 0.5546875 0.053125 0.046875
0 0.5328125 0.3140625 0.053125 0.04921875
1 0.44921875 0.6546875 0.053125 0.0484375
0 0.06484375 0.46171875 0.0546875 0.0484375
1 0.59921875 0.6609375 0.053125 0.04765625
0 0.06640625 0.35234375 0.0546875 0.0515625
0 0.06015625 0.41484375 0.053125 0.04921875
1 0.396875 0.615625 0.0515625 0.04765625
1 0.44140625 0.4140625 0.0546875 0.05078125
0 0.546875 0.3640625 0.0546875 0.05
0 0.05703125 0.23671875 0.0546875 0.0515625
0 0.01796875 0.3046875 0.03515625 0.0484375
1 0.1234375 0.49921875 0.05703125 0.0515625
0 0.27421875 0.40859375 0.0546875 0.05
0 0.75703125 0.80703125 0.0546875 0.046875
1 0.3328125 0.41171875 0.05546875 0.05078125
0 0.50625 0.609375 0.05234375 0.04765625
1 0.23046875 0.50703125 0.0546875 0.05
0 0.01875 0.440625 0.03671875 0.0484375
0 0.54296875 0.41171875 0.053125 0.0484375
1 0.39453125 0.56015625 0.05390625 0.046875
1 0.2890625 0.4578125 0.05546875 0.05078125
0 0.11640625 0.30234375 0.0546875 0.05
1 0.60625 0.61328125 0.0515625 0.046875
1 0.1171875 0.45234375 0.05390625 0.05
0 0.7625 0.85234375 0.0546875 0.04765625
1 0.16796875 0.41328125 0.05625 0.0515625
1 0.3921875 0.50703125 0.05390625 0.0484375
0 0.50703125 0.56328125 0.05234375 0.04765625
0 0.6390625 0.11171875 0.05234375 0.0484375
0 0.5328125 0.26484375 0.05390625 0.04921875
0 0.1703125 0.35703125 0.05390625 0.05078125
1 0.384375 0.3703125 0.0546875 0.05
0 0.4921875 0.4078125 0.053125 0.05
1 0.4546875 0.56328125 0.053125 0.04765625
0 0.9125 0.32109375 0.05078125 0.0453125
1 0.175 0.5015625 0.053125 0.0484375
0 0.8 0.0640625 0.0546875 0.0515625
0 0.27421875 0.3578125 0.0546875 0.05
0 0.74921875 0.11953125 0.05390625 0.0484375
0 0.1109375 0.4046875 0.05546875 0.05
0 0.284375 0.31015625 0.053125 0.046875
1 0.2265625 0.46171875 0.0546875 0.05
0 0.059375 0.1875 0.0546875 0.05
0 0.11875 0.3578125 0.05390625 0.04921875
1 0.4875 0.15625 0.053125 0.0515625
0 0.1671875 0.20859375 0.05546875 0.04921875
1 0.3234375 0.2578125 0.0546875 0.05
1 0.221875 0.40859375 0.0546875 0.05078125
0 0.7578125 0.89765625 0.05234375 0.04609375
1 0.38359375 0.15546875 0.05390625 0.05078125
1 0.59296875 0.1640625 0.053125 0.05
0 0.7078125 0.8890625 0.05234375 0.046875
0 0.23359375 0.31640625 0.05390625 0.04765625
1 0.55859375 0.6 0.0515625 0.046875
1 0.37890625 0.321875 0.05625 0.05078125
1 0.4359375 0.1515625 0.05390625 0.05078125
1 0.49453125 0.36015625 0.053125 0.05078125
1 0.271875 0.215625 0.05546875 0.05078125
1 0.53671875 0.21796875 0.05234375 0.04921875
0 0.15859375 0.103125 0.05625 0.05390625
1 0.5859375 0.1140625 0.05234375 0.05078125
1 0.33046875 0.153125 0.05390625 0.05078125
1 0.171875 0.30625 0.05546875 0.05078125
1 0.1125 0.25234375 0.0546875 0.05234375
1 0.48203125 0.2609375 0.053125 0.05
0 0.10625 0.10625 0.05625 0.053125
1 0.221875 0.36171875 0.05546875 0.05078125
1 0.2234375 0.259375 0.0546875 0.0515625
0 0.8015625 0.11171875 0.05390625 0.05078125
1 0.153125 0.0515625 0.0546875 0.053125
1 0.48203125 0.3109375 0.0546875 0.0515625
0 0.09375 0.05625 0.0546875 0.05078125
1 0.1609375 0.16015625 0.05390625 0.0515625
1 0.1703125 0.25625 0.05546875 0.0515625
1 0.27734375 0.159375 0.05390625 0.05
1 0.21953125 0.2046875 0.05390625 0.05
0 0.725 0.934375 0.053125 0.04453125
0 0.11015625 0.203125 0.05703125 0.05234375
1 0.21796875 0.10703125 0.05546875 0.0515625
0 0.10703125 0.15859375 0.05546875 0.0515625
1 0.21015625 0.05 0.0546875 0.053125
1 0.21328125 0.1546875 0.05546875 0.05234375