1 0.428125 0.41796875 0.071875 0.06484375
0 0.14921875 0.2375 0.07421875 0.065625
1 0.2921875 0.42265625 0.0734375 0.0640625
0 0.2296875 0.16875 0.07265625 0.06484375
1 0.34765625 0.4890625 0.07265625 0.0640625
1 0.21328125 0.3671875 0.07421875 0.06484375
1 0.65234375 0.42421875 0.0734375 0.06328125
1 0.21328125 0.49453125 0.075 0.06484375
1 0.57734375 0.225 0.0703125 0.06484375
0 0.1421875 0.56953125 0.0734375 0.065625
0 0.50546875 0.22265625 0.06875 0.06171875
1 0.41875 0.6171875 0.075 0.06484375
1 0.66015625 0.3609375 0.07265625 0.06328125
1 0.72734375 0.34375 0.07265625 0.06328125
1 0.35078125 0.3546875 0.07109375 0.06328125
1 0.29453125 0.3171875 0.07265625 0.0640625
1 0.646875 0.22734375 0.071875 0.06640625
1 0.365625 0.69453125 0.0765625 0.06796875
1 0.22578125 0.29765625 0.0734375 0.06640625
1 0.15703125 0.30234375 0.0734375 0.065625
1 0.346875 0.625 0.07109375 0.0671875
1 0.4890625 0.56640625 0.07421875 0.065625
1 0.4984375 0.63828125 0.0765625 0.06484375
1 0.43203125 0.35 0.07265625 0.0640625
0 0.04765625 0.2484375 0.071875 0.0640625
1 0.275 0.62421875 0.0734375 0.0671875
1 0.66015625 0.29375 0.071875 0.06484375
1 0.203125 0.6890625 0.07578125 0.0671875
1 0.50625 0.7 0.07578125 0.065625
1 0.0765625 0.49921875 0.07421875 0.06640625
1 0.41640625 0.553125 0.07421875 0.065625
1 0.13203125 0.6390625 0.07421875 0.0671875
1 0.28515625 0.559375 0.07265625 0.065625
1 0.5765625 0.5578125 0.07421875 0.06484375
1 0.07734375 0.3796875 0.0734375 0.06484375
1 0.49375 0.7640625 0.0765625 0.065625
1 0.725 0.496875 0.07421875 0.0640625
0 0.725 0.09453125 0.0703125 0.0625
1 0.2046875 0.6203125 0.075 0.06875
1 0.78828125 0.2265625 0.0734375 0.06484375
1 0.71796875 0.22109375 0.0734375 0.06484375
0 0.80546875 0.08671875 0.0703125 0.0640625
0 0.1484375 0.0984375 0.0703125 0.0625
0 0.5828125 0.6203125 0.0703125 0.06328125
1 0.06875 0.57265625 0.0734375 0.065625
1 0.4203125 0.75703125 0.075 0.0671875
1 0.65546875 0.61640625 0.0734375 0.0671875
0 0.2 0.75703125 0.0734375 0.06875
1 0.22109375 0.23359375 0.0734375 0.06328125
0 0.86953125 0.28125 0.07265625 0.065625
0 0.21875 0.10546875 0.0734375 0.06328125
0 0.728125 0.28125 0.0703125 0.06328125
1 0.725 0.62578125 0.07578125 0.065625
1 0.27265625 0.7640625 0.075 0.0671875
1 0.665625 0.7546875 0.07578125 0.0671875
1 0.64375 0.16015625 0.07109375 0.06484375
1 0.50625 0.8265625 0.075 0.0671875
1 0.73046875 0.6890625 0.07421875 0.06484375
0 0.79765625 0.36328125 0.07265625 0.0640625
1 0.721875 0.5609375 0.07265625 0.0640625
1 0.6515625 0.55078125 0.07421875 0.065625
0 0.79921875 0.29140625 0.07265625 0.0640625
1 0.5765625 0.8375 0.075 0.06640625
1 0.7953125 0.15390625 0.071875 0.0640625
1 0.559375 0.159375 0.0734375 0.065625
0 0.07109375 0.1015625 0.07265625 0.06484375
0 0.721875 0.42734375 0.0703125 0.06328125
1 0.059375 0.64375 0.07265625 0.06484375
1 0.646875 0.81875 0.075 0.06796875
1 0.865625 0.48046875 0.071875 0.065625
1 0.29765625 0.153125 0.0703125 0.0640625
0 0.86875 0.415625 0.07265625 0.0640625
0 0.34921875 0.75625 0.07421875 0.06484375
1 0.86875 0.6125 0.0734375 0.065625
1 0.7921875 0.55546875 0.0703125 0.0640625
1 0.7234375 0.15703125 0.07265625 0.0640625
1 0.93984375 0.56015625 0.07265625 0.0640625
0 0.86328125 0.2171875 0.07265625 0.0671875
1 0.865625 0.5484375 0.0734375 0.06640625
1 0.28125 0.82578125 0.07421875 0.06796875
1 0.87265625 0.1546875 0.07265625 0.065625
0 0.9515625 0.41328125 0.07109375 0.06484375
0 0.946875 0.34921875 0.071875 0.065625
0 0.934375 0.21953125 0.0734375 0.06640625
1 0.946875 0.625 0.07109375 0.06328125
0 0.6546875 0.6890625 0.071875 0.0640625
0 0.94296875 0.15625 0.06953125 0.0640625
0 0.9359375 0.4984375 0.0734375 0.06640625
1 0.58046875 0.9015625 0.075 0.06640625
0 0.79453125 0.490625 0.071875 0.06484375
0 0.94453125 0.2859375 0.0703125 0.06640625
1 0.66328125 0.89296875 0.07421875 0.0671875
0 0.79375 0.42890625 0.07265625 0.06640625
0 0.20859375 0.821875 0.075 0.06796875
0 0.94296875 0.6875 0.07265625 0.065625
1 0.2796875 0.8921875 0.07421875 0.06796875
0 0.35234375 0.82109375 0.07265625 0.065625
0 0.4375 0.884375 0.071875 0.06484375
0 0.42578125 0.82109375 0.0734375 0.065625
0 0.50703125 0.89921875 0.071875 0.0640625
0 0.203125 0.8953125 0.07265625 0.06484375
0 0.7953125 0.61875 0.07265625 0.0640625
0 0.87265625 0.67578125 0.0734375 0.065625
0 0.734375 0.88046875 0.0734375 0.06640625
1 0.8921875 0.08984375 0.06796875 0.06171875
0 0.85703125 0.8890625 0.07265625 0.065625
0 0.73359375 0.7546875 0.071875 0.065625
0 0.8015625 0.68125 0.0734375 0.0640625
0 0.875 0.73984375 0.07265625 0.06484375
0 0.8578125 0.80390625 0.071875 0.0640625
0 0.95390625 0.884375 0.07109375 0.065625
0 0.8046875 0.74609375 0.0734375 0.065625
0 0.71640625 0.8171875 0.07109375 0.065625
0 0.7859375 0.8234375 0.071875 0.06328125
1 0.96328125 0.08359375 0.06875 0.059375