1 0.56640625 0.25 0.06171875 0.06171875
0 0.309375 0.5046875 0.0625 0.05859375
0 0.378125 0.4296875 0.06484375 0.059375
1 0.315625 0.31796875 0.0640625 0.0609375
0 0.565625 0.38125 0.0640625 0.059375
0 0.6953125 0.43125 0.0609375 0.0578125
1 0.4296875 0.30859375 0.06484375 0.06015625
0 0.37265625 0.48671875 0.0609375 0.0578125
1 0.240625 0.37734375 0.06328125 0.06328125
0 0.1109375 0.71015625 0.06484375 0.0609375
0 0.50859375 0.49609375 0.06171875 0.05703125
1 0.759375 0.31171875 0.06328125 0.0625
0 0.19140625 0.7671875 0.06328125 0.059375
1 0.62734375 0.30859375 0.06171875 0.05859375
0 0.6234375 0.36875 0.0609375 0.06171875
0 0.57109375 0.496875 0.05703125 0.0546875
0 0.765625 0.55078125 0.0609375 0.0578125
1 0.89375 0.23125 0.06484375 0.06328125
0 0.3203125 0.69765625 0.0609375 0.0578125
0 0.325 0.76171875 0.0609375 0.05859375
0 0.1203125 0.6359375 0.06484375 0.06015625
1 0.94375 0.18515625 0.0625 0.0640625
1 0.56484375 0.3140625 0.0625 0.0609375
0 0.69296875 0.4921875 0.05625 0.05546875
0 0.76640625 0.6125 0.0609375 0.05703125
1 0.3109375 0.43984375 0.06328125 0.0609375
1 0.8921875 0.11953125 0.0640625 0.06640625
1 0.24296875 0.5015625 0.0640625 0.06171875
1 0.17578125 0.4328125 0.059375 0.06328125
1 0.82578125 0.3046875 0.0625 0.0609375
0 0.12421875 0.571875 0.06640625 0.06171875
0 0.1203125 0.7703125 0.0625 0.05859375
0 0.3828125 0.565625 0.0640625 0.05703125
1 0.49921875 0.3734375 0.0625 0.0609375
0 0.4359375 0.7515625 0.06171875 0.0578125
0 0.5078125 0.62109375 0.06171875 0.059375
0 0.38203125 0.68828125 0.05859375 0.05625
1 0.04375 0.57421875 0.0609375 0.06171875
0 0.6375 0.49140625 0.06171875 0.0578125
0 0.31015625 0.82109375 0.06328125 0.05703125
0 0.6390625 0.55390625 0.06015625 0.05859375
1 0.6921875 0.37109375 0.0625 0.059375
0 0.31484375 0.56484375 0.06328125 0.05859375
1 0.753125 0.38046875 0.065625 0.06015625
1 0.95234375 0.296875 0.0609375 0.0640625
0 0.68984375 0.7515625 0.06015625 0.05859375
1 0.8875 0.3609375 0.06640625 0.0625
0 0.31796875 0.6328125 0.06171875 0.05703125
0 0.4390625 0.8265625 0.06171875 0.05859375
0 0.51171875 0.43125 0.0625 0.059375
0 0.45390625 0.4359375 0.06171875 0.06328125
1 0.3828125 0.36875 0.05859375 0.06015625
1 0.24453125 0.56953125 0.065625 0.0609375
0 0.2484375 0.82265625 0.06328125 0.06015625
1 0.82578125 0.49140625 0.0625 0.05859375
0 0.9546875 0.625 0.0609375 0.0609375
1 0.9515625 0.42890625 0.0609375 0.0640625
0 0.51171875 0.56015625 0.0578125 0.0546875
1 0.95234375 0.559375 0.06328125 0.06328125
0 0.44765625 0.50625 0.0609375 0.05546875
1 0.25 0.63828125 0.0671875 0.06171875
0 0.821875 0.68125 0.059375 0.059375
0 0.6984375 0.8109375 0.0578125 0.05625
1 0.890625 0.55078125 0.0625 0.06328125
1 0.44765625 0.63125 0.0640625 0.06171875
1 0.82734375 0.5515625 0.06171875 0.059375
0 0.76640625 0.67421875 0.06328125 0.06015625
1 0.43984375 0.36953125 0.06171875 0.05859375
1 0.8953125 0.428125 0.0609375 0.06328125
0 0.496875 0.8078125 0.06015625 0.0578125
0 0.57109375 0.43984375 0.06015625 0.059375
0 0.64140625 0.87734375 0.0609375 0.05859375
1 0.75546875 0.496875 0.0625 0.05703125
1 0.0484375 0.63984375 0.06640625 0.06171875
0 0.946875 0.75078125 0.059375 0.05859375
1 0.88984375 0.2953125 0.06328125 0.0625
1 0.75859375 0.4421875 0.06328125 0.05703125
1 0.0484375 0.70234375 0.06640625 0.06328125
0 0.759375 0.74375 0.059375 0.05859375
0 0.8296875 0.61640625 0.0578125 0.0578125
0 0.43984375 0.69453125 0.06015625 0.05546875
0 0.57109375 0.6859375 0.05859375 0.05859375
0 0.18203125 0.8859375 0.06484375 0.0609375
0 0.75859375 0.809375 0.0640625 0.0578125
0 0.88828125 0.815625 0.06015625 0.06015625
0 0.121875 0.8921875 0.0625 0.0578125
0 0.89921875 0.6171875 0.06171875 0.06171875
1 0.25625 0.6984375 0.06875 0.059375
1 0.2546875 0.7640625 0.065625 0.06015625
0 0.61875 0.64375 0.0625 0.059375
0 0.95234375 0.6890625 0.0578125 0.06015625
0 0.5796875 0.55703125 0.05859375 0.0546875
1 0.0546875 0.7640625 0.0671875 0.0625
0 0.31328125 0.88203125 0.06171875 0.05859375
0 0.45 0.88515625 0.0625 0.06015625
0 0.8921875 0.746875 0.059375 0.05859375
0 0.2515625 0.88359375 0.0609375 0.0578125
1 0.1265625 0.83515625 0.065625 0.06015625
1 0.1859375 0.82734375 0.06484375 0.06171875
0 0.70546875 0.87265625 0.0578125 0.059375
0 0.5546875 0.753125 0.05703125 0.05625
1 0.0546875 0.83125 0.06796875 0.0609375
0 0.7703125 0.86875 0.05859375 0.05546875
0 0.38515625 0.88125 0.06015625 0.06015625
0 0.6421875 0.93828125 0.0625 0.059375
0 0.8234375 0.81640625 0.05859375 0.0609375
0 0.69921875 0.9359375 0.0578125 0.0578125
0 0.8171875 0.93515625 0.06015625 0.05859375
1 0.05546875 0.8921875 0.0671875 0.0578125
0 0.75703125 0.92265625 0.0609375 0.05859375
0 0.57890625 0.934375 0.0609375 0.06171875
0 0.44765625 0.9453125 0.0625 0.0578125
0 0.315625 0.94375 0.0578125 0.05625
0 0.1328125 0.94921875 0.0578125 0.0578125
0 0.1921875 0.9515625 0.0609375 0.0578125
0 0.06484375 0.95546875 0.0640625 0.05859375
0 0.95546875 0.93984375 0.06171875 0.059375