0 0.184375 0.509375 0.0484375 0.05234375
1 0.8171875 0.23125 0.04921875 0.05234375
0 0.1984375 0.621875 0.04609375 0.05
0 0.190625 0.178125 0.04765625 0.0515625
1 0.70390625 0.16875 0.04765625 0.053125
0 0.865625 0.4609375 0.046875 0.0515625
0 0.55859375 0.61171875 0.04609375 0.05
0 0.50625 0.1734375 0.04609375 0.0515625
1 0.3484375 0.125 0.04765625 0.05390625
1 0.4984375 0.115625 0.04765625 0.05390625
1 0.76875 0.7625 0.04765625 0.05234375
0 0.5453125 0.7125 0.046875 0.0515625
1 0.60546875 0.5953125 0.04609375 0.053125
0 0.38515625 0.7609375 0.04765625 0.05078125
0 0.34921875 0.80859375 0.04609375 0.05078125
0 0.44140625 0.759375 0.046875 0.05078125
0 0.559375 0.76484375 0.046875 0.05078125
0 0.45 0.815625 0.04765625 0.05078125
0 0.2828125 0.865625 0.04609375 0.05
1 0.653125 0.8609375 0.0453125 0.05078125
0 0.5609375 0.8171875 0.04609375 0.05
0 0.29453125 0.915625 0.046875 0.04921875
0 0.5125 0.81875 0.046875 0.05078125
0 0.35078125 0.9203125 0.046875 0.04921875
0 0.496875 0.8671875 0.04609375 0.04921875
0 0.39921875 0.91640625 0.046875 0.05078125
1 0.6109375 0.7140625 0.04765625 0.053125
0 0.40703125 0.96796875 0.04765625 0.04921875
1 0.6171875 0.7640625 0.046875 0.05078125
1 0.60859375 0.81484375 0.04765625 0.05234375
1 0.33203125 0.8609375 0.046875 0.05234375
1 0.396875 0.81328125 0.04765625 0.05234375
1 0.4515625 0.97734375 0.046875 0.0453125
1 0.4421875 0.86796875 0.04609375 0.05
1 0.54609375 0.9171875 0.046875 0.0515625
1 0.39375 0.865625 0.046875 0.0515625
1 0.4953125 0.9234375 0.046875 0.05078125
1 0.44921875 0.92890625 0.046875 0.0515625
1 0.54765625 0.86484375 0.0453125 0.05078125