0 0.50546875 0.740625 0.04921875 0.05078125
1 0.596875 0.48828125 0.0515625 0.0484375
1 0.4875 0.39375 0.0515625 0.04921875
1 0.60546875 0.5390625 0.05234375 0.04765625
1 0.54765625 0.43984375 0.05078125 0.04921875
0 0.34609375 0.7875 0.053125 0.046875
0 0.55625 0.69609375 0.05234375 0.04765625
0 0.60234375 0.6421875 0.0515625 0.046875
1 0.3921875 0.39375 0.0515625 0.04921875
0 0.40078125 0.7921875 0.05390625 0.0484375
0 0.5609375 0.79296875 0.05234375 0.04765625
0 0.6140625 0.790625 0.0515625 0.04609375
0 0.71015625 0.69453125 0.0515625 0.04765625
0 0.50703125 0.596875 0.05234375 0.046875
0 0.55625 0.74375 0.053125 0.046875
0 0.659375 0.75078125 0.0515625 0.04765625
0 0.65703125 0.69765625 0.0515625 0.046875
0 0.40078125 0.6921875 0.053125 0.046875
0 0.45546875 0.54296875 0.0515625 0.046875
1 0.64765625 0.2375 0.0515625 0.04921875
1 0.44765625 0.334375 0.0515625 0.04765625
1 0.44609375 0.43359375 0.05 0.04765625
0 0.346875 0.6359375 0.053125 0.046875
0 0.6625 0.64765625 0.05234375 0.04765625
0 0.40234375 0.59296875 0.0515625 0.046875
0 0.409375 0.84296875 0.05390625 0.04921875
0 0.29453125 0.69453125 0.05234375 0.046875
1 0.60078125 0.290625 0.05078125 0.046875
0 0.4015625 0.74140625 0.05234375 0.04609375
0 0.71875 0.59609375 0.05234375 0.04765625
0 0.559375 0.60078125 0.0515625 0.04609375
0 0.13671875 0.75625 0.05234375 0.0484375
1 0.39375 0.28515625 0.04921875 0.04765625
0 0.19609375 0.84453125 0.053125 0.0484375
1 0.55625 0.32890625 0.05078125 0.05
0 0.459375 0.840625 0.05234375 0.04765625
0 0.60546875 0.69375 0.053125 0.04765625
0 0.296875 0.74296875 0.05234375 0.046875
0 0.34375 0.54609375 0.05078125 0.046875
1 0.70234375 0.23203125 0.05078125 0.0484375
1 0.7078125 0.39296875 0.05234375 0.0484375
1 0.45078125 0.4875 0.05234375 0.04921875
1 0.60859375 0.590625 0.0515625 0.0484375
0 0.871875 0.79765625 0.0515625 0.046875
1 0.29296875 0.2359375 0.0515625 0.0484375
1 0.6671875 0.596875 0.053125 0.04921875
1 0.65859375 0.346875 0.05078125 0.04765625
0 0.87265625 0.74921875 0.0515625 0.0484375
0 0.55859375 0.8421875 0.053125 0.046875
0 0.14609375 0.540625 0.053125 0.046875
1 0.33671875 0.3765625 0.0515625 0.0484375
1 0.24296875 0.28984375 0.05078125 0.0484375
1 0.1890625 0.17890625 0.053125 0.04921875
1 0.49765625 0.44921875 0.05234375 0.0484375
1 0.19921875 0.23359375 0.05234375 0.04921875
1 0.33828125 0.1796875 0.05078125 0.04921875
0 0.4 0.49296875 0.053125 0.04765625
0 0.9171875 0.69375 0.05234375 0.04765625
0 0.24453125 0.7875 0.053125 0.046875
1 0.709375 0.13203125 0.0515625 0.04921875
1 0.7609375 0.29453125 0.0515625 0.04765625
0 0.29375 0.54296875 0.053125 0.04765625
0 0.9234375 0.74296875 0.05234375 0.046875
0 0.09140625 0.50078125 0.05234375 0.04921875
1 0.23125 0.13046875 0.05234375 0.04921875
1 0.715625 0.44453125 0.05234375 0.04921875
0 0.2421875 0.5953125 0.053125 0.046875
0 0.8171875 0.39296875 0.0515625 0.04765625
0 0.50546875 0.5453125 0.05234375 0.046875
0 0.34375 0.43515625 0.05234375 0.04765625
0 0.24453125 0.6921875 0.05390625 0.04765625
1 0.76015625 0.18359375 0.05234375 0.04765625
0 0.871875 0.84296875 0.0515625 0.04609375
0 0.92109375 0.6 0.0515625 0.04765625
0 0.08671875 0.79765625 0.053125 0.04765625
0 0.396875 0.44140625 0.053125 0.0484375
0 0.24375 0.64609375 0.053125 0.04765625
0 0.24453125 0.54921875 0.053125 0.04765625
1 0.8078125 0.24140625 0.0515625 0.04921875
0 0.82109375 0.59140625 0.05078125 0.04609375
1 0.75703125 0.2328125 0.0515625 0.04921875
0 0.86796875 0.5484375 0.0515625 0.04765625
0 0.2953125 0.4390625 0.053125 0.0484375
0 0.2453125 0.43515625 0.05234375 0.0484375
0 0.50859375 0.4921875 0.05234375 0.046875
1 0.60546875 0.3375 0.05234375 0.0484375
1 0.60625 0.13671875 0.05234375 0.05
0 0.92265625 0.84375 0.05078125 0.046875
0 0.77265625 0.590625 0.05234375 0.0484375
0 0.9203125 0.546875 0.05234375 0.04765625
1 0.34609375 0.32890625 0.05078125 0.0484375
0 0.09296875 0.68828125 0.0546875 0.04765625
1 0.5484375 0.1859375 0.0515625 0.04765625
0 0.24375 0.8984375 0.053125 0.04921875
1 0.80703125 0.1390625 0.05234375 0.04921875
1 0.65546875 0.08671875 0.05078125 0.04765625
0 0.5078125 0.8421875 0.05234375 0.04765625
1 0.48984375 0.1859375 0.05078125 0.0484375
0 0.915625 0.49609375 0.0515625 0.0484375
1 0.29453125 0.28203125 0.05078125 0.04765625
0 0.09296875 0.84375 0.05546875 0.05
1 0.18984375 0.28359375 0.0515625 0.04921875
0 0.1375 0.903125 0.05390625 0.04921875
0 0.81875 0.5421875 0.05078125 0.04765625
1 0.31796875 0.128125 0.05078125 0.05
0 0.14140625 0.39296875 0.0546875 0.05
0 0.13984375 0.44453125 0.05390625 0.05
1 0.71640625 0.49296875 0.053125 0.0484375
1 0.7078125 0.3421875 0.0484375 0.046875
0 0.81796875 0.3421875 0.0515625 0.0484375
0 0.76875 0.5453125 0.0515625 0.046875
0 0.19140625 0.3859375 0.053125 0.04765625
0 0.7578125 0.396875 0.0515625 0.04765625
0 0.0890625 0.44921875 0.05234375 0.0484375
0 0.24296875 0.38671875 0.05390625 0.04765625
1 0.71796875 0.546875 0.05234375 0.0484375
0 0.76796875 0.49765625 0.0515625 0.04765625
1 0.7578125 0.33984375 0.05 0.0484375
0 0.084375 0.59453125 0.053125 0.046875
1 0.75625 0.08125 0.053125 0.04921875
1 0.49296875 0.1375 0.05078125 0.0484375
1 0.1484375 0.240625 0.0515625 0.04921875
0 0.915625 0.6453125 0.0515625 0.046875
1 0.86171875 0.1328125 0.05234375 0.04921875
0 0.03671875 0.446875 0.053125 0.05078125
0 0.2453125 0.740625 0.053125 0.046875
1 0.815625 0.08125 0.0515625 0.0484375
1 0.921875 0.38671875 0.05234375 0.05078125
0 0.8171875 0.49375 0.05078125 0.04765625
0 0.0328125 0.74375 0.05390625 0.05
1 0.7640625 0.44765625 0.05078125 0.0484375
1 0.3859375 0.0890625 0.05078125 0.0484375
0 0.9734375 0.75078125 0.05 0.04765625
1 0.34375 0.28359375 0.05078125 0.04609375
0 0.08125 0.346875 0.05234375 0.04921875
0 0.14453125 0.490625 0.05390625 0.04765625
1 0.91875 0.43984375 0.0515625 0.05078125
0 0.13671875 0.28984375 0.05390625 0.04921875
0 0.81484375 0.29296875 0.05078125 0.0484375
1 0.91875 0.33671875 0.0515625 0.05078125
0 0.92421875 0.89140625 0.05078125 0.04765625
0 0.96953125 0.5453125 0.05078125 0.0484375
0 0.86796875 0.33671875 0.0515625 0.04921875
1 0.54609375 0.1359375 0.05078125 0.04765625
1 0.54375 0.07578125 0.05078125 0.046875
1 0.2859375 0.08359375 0.05 0.04921875
0 0.9140625 0.28828125 0.05234375 0.0484375
1 0.86875 0.4375 0.053125 0.05
1 0.8140625 0.44296875 0.053125 0.05
1 0.8609375 0.69453125 0.05234375 0.04765625
1 0.60390625 0.0796875 0.05234375 0.0484375
0 0.8609375 0.2421875 0.05234375 0.0484375
1 0.909375 0.08671875 0.05234375 0.0484375
0 0.96796875 0.44921875 0.0515625 0.04921875
1 0.8703125 0.38828125 0.053125 0.05078125
1 0.7640625 0.65 0.05234375 0.05
0 0.0890625 0.640625 0.05390625 0.04765625
1 0.7640625 0.7515625 0.053125 0.04765625
1 0.29609375 0.7921875 0.05234375 0.05
1 0.97421875 0.40234375 0.0515625 0.05
0 0.865625 0.2890625 0.053125 0.04921875
1 0.3359375 0.07734375 0.05078125 0.04765625
1 0.86875 0.490625 0.0515625 0.05
1 0.7140625 0.74375 0.05234375 0.04921875
1 0.815625 0.6421875 0.05390625 0.04921875
0 0.97734375 0.846875 0.04453125 0.046875
0 0.96796875 0.2984375 0.05390625 0.0484375
0 0.86875 0.19375 0.05234375 0.0484375
0 0.296875 0.340625 0.05234375 0.04765625
0 0.0359375 0.896875 0.0546875 0.05
0 0.02890625 0.39453125 0.05234375 0.05
0 0.91875 0.18046875 0.053125 0.04921875
0 0.9703125 0.35546875 0.05234375 0.04921875
0 0.1359375 0.196875 0.05390625 0.04921875
0 0.8140625 0.18828125 0.0515625 0.0484375
1 0.353125 0.846875 0.053125 0.04921875
1 0.81875 0.7421875 0.05234375 0.04765625
0 0.084375 0.2421875 0.05234375 0.0484375
1 0.81484375 0.78984375 0.053125 0.046875
1 0.759375 0.7 0.05078125 0.0484375
0 0.13203125 0.34375 0.05390625 0.05
1 0.81875 0.84453125 0.05234375 0.046875
1 0.865625 0.64140625 0.05234375 0.04921875
0 0.18828125 0.896875 0.05234375 0.0484375
1 0.66328125 0.84609375 0.05234375 0.0484375
1 0.25234375 0.8421875 0.0515625 0.05
1 0.6640625 0.796875 0.0515625 0.04765625
1 0.59296875 0.03046875 0.05078125 0.04609375
0 0.96640625 0.49453125 0.05078125 0.046875
0 0.13828125 0.1390625 0.05234375 0.04921875
1 0.3015625 0.84375 0.05234375 0.05
1 0.86640625 0.034375 0.05078125 0.04765625
1 0.56015625 0.9 0.05078125 0.04765625
1 0.87265625 0.59765625 0.05234375 0.0515625
0 0.9125 0.13359375 0.05234375 0.0484375
1 0.3515625 0.8984375 0.05390625 0.05
1 0.34375 0.0296875 0.05 0.04609375
0 0.9734375 0.2453125 0.053125 0.0484375
1 0.609375 0.8453125 0.05078125 0.046875
0 0.1953125 0.94609375 0.0546875 0.04921875
1 0.91640625 0.03671875 0.0515625 0.04765625
1 0.509375 0.890625 0.0515625 0.04921875
1 0.7140625 0.64609375 0.05234375 0.04921875
1 0.778125 0.890625 0.05234375 0.046875
1 0.759375 0.021875 0.05078125 0.04375
1 0.4609375 0.8953125 0.0515625 0.0484375
0 0.08984375 0.13671875 0.05234375 0.04921875
1 0.29453125 0.89375 0.05234375 0.04921875
1 0.41015625 0.8921875 0.05234375 0.04921875
0 0.965625 0.13046875 0.05390625 0.05
0 0.084375 0.946875 0.05625 0.04921875
0 0.9765625 0.89296875 0.046875 0.0453125
0 0.0359375 0.13828125 0.05234375 0.05078125
1 0.8734375 0.896875 0.053125 0.04921875
0 0.9625 0.08046875 0.053125 0.0484375
1 0.296875 0.9546875 0.053125 0.04921875
1 0.82109375 0.9453125 0.053125 0.04765625
1 0.24609375 0.95078125 0.05234375 0.04921875
1 0.87421875 0.94296875 0.053125 0.04765625
0 0.1859375 0.08671875 0.053125 0.0484375
1 0.92890625 0.9390625 0.05234375 0.046875