1 0.41875 0.80546875 0.071875 0.0609375
0 0.73125 0.86015625 0.07421875 0.05859375
1 0.79453125 0.7359375 0.07578125 0.0625
1 0.36015625 0.68046875 0.07734375 0.0609375
1 0.340625 0.8609375 0.0765625 0.0609375
1 0.19609375 0.746875 0.075 0.0625
1 0.265625 0.7984375 0.0765625 0.06328125
1 0.04453125 0.5796875 0.075 0.0625
1 0.57578125 0.7390625 0.0765625 0.0625
1 0.57734375 0.8578125 0.0765625 0.06171875
1 0.58984375 0.796875 0.07578125 0.0625
1 0.26875 0.73984375 0.07578125 0.0625
1 0.87421875 0.68515625 0.0765625 0.06328125
1 0.50234375 0.68125 0.0765625 0.06171875
1 0.1328125 0.6296875 0.075 0.06328125
1 0.6578125 0.86796875 0.07578125 0.06171875
1 0.71953125 0.684375 0.07578125 0.0609375
0 0.66328125 0.80390625 0.07421875 0.0609375
1 0.9546875 0.6890625 0.07578125 0.0609375
1 0.4234375 0.61796875 0.07421875 0.06171875
1 0.14296875 0.5609375 0.075 0.06171875
1 0.26328125 0.86015625 0.075 0.0640625
1 0.06484375 0.49453125 0.07578125 0.06328125
1 0.2734375 0.6828125 0.07578125 0.06171875
1 0.79765625 0.6359375 0.0765625 0.0625
1 0.875 0.6234375 0.0765625 0.0625
1 0.57421875 0.68046875 0.0734375 0.06015625
1 0.20390625 0.62578125 0.07421875 0.06328125
1 0.28828125 0.565625 0.07421875 0.059375
1 0.4984375 0.61875 0.0765625 0.0625
1 0.64609375 0.67265625 0.07421875 0.06171875
1 0.2 0.68828125 0.07421875 0.0625
1 0.27890625 0.6234375 0.07421875 0.0609375
1 0.28359375 0.50703125 0.07421875 0.059375
1 0.5828125 0.2640625 0.07421875 0.059375
1 0.57265625 0.49765625 0.075 0.06171875
1 0.65390625 0.6125 0.07421875 0.0609375
1 0.05 0.31484375 0.07421875 0.06015625
1 0.50625 0.31484375 0.075 0.06015625
1 0.5078125 0.5578125 0.0734375 0.0609375
1 0.509375 0.18984375 0.075 0.06171875
1 0.71796875 0.496875 0.07421875 0.06171875
1 0.796875 0.440625 0.0765625 0.06015625
1 0.5765625 0.4390625 0.075 0.06015625
1 0.725 0.43515625 0.07578125 0.0609375
1 0.50625 0.375 0.075 0.06015625
1 0.57734375 0.38046875 0.075 0.06015625
1 0.6546875 0.31640625 0.0765625 0.06015625
1 0.7296875 0.37421875 0.0765625 0.0609375
1 0.653125 0.37578125 0.075 0.06015625
1 0.66640625 0.20078125 0.0765625 0.06015625
1 0.5828125 0.128125 0.075 0.06015625
1 0.72734375 0.31640625 0.07578125 0.059375
1 0.66328125 0.1390625 0.07734375 0.06015625
1 0.659375 0.25703125 0.0765625 0.06015625
1 0.50859375 0.12265625 0.075 0.06328125
0 0.9484375 0.63046875 0.075 0.06015625
0 0.34921875 0.62109375 0.0765625 0.06015625
1 0.50234375 0.8609375 0.07734375 0.06015625
0 0.7265625 0.62109375 0.075 0.06015625
0 0.05546875 0.4359375 0.0734375 0.06015625
0 0.959375 0.32578125 0.07578125 0.0609375
0 0.58046875 0.621875 0.0734375 0.05859375
0 0.215625 0.565625 0.07421875 0.059375
0 0.0609375 0.25 0.071875 0.06015625
0 0.13359375 0.128125 0.075 0.0609375
0 0.36171875 0.32109375 0.071875 0.05859375
0 0.809375 0.1421875 0.0734375 0.05859375
0 0.13828125 0.503125 0.0734375 0.06015625
0 0.1328125 0.19609375 0.07265625 0.06015625
0 0.95546875 0.503125 0.07578125 0.0625
0 0.27578125 0.44765625 0.071875 0.05859375
0 0.7359375 0.13515625 0.07265625 0.059375
0 0.80078125 0.5734375 0.07265625 0.059375
0 0.2875 0.2046875 0.07421875 0.059375
0 0.88515625 0.2515625 0.075 0.059375
0 0.95625 0.57109375 0.07421875 0.0625
0 0.9578125 0.140625 0.07578125 0.06328125
0 0.80234375 0.38125 0.07421875 0.05859375
0 0.21328125 0.26796875 0.071875 0.059375
0 0.28359375 0.1453125 0.075 0.0609375
0 0.81015625 0.2640625 0.07421875 0.059375
0 0.509375 0.25546875 0.07421875 0.06015625
0 0.4328125 0.55546875 0.07421875 0.06015625
0 0.73984375 0.2 0.0734375 0.0609375
0 0.8765625 0.3765625 0.07578125 0.0609375
0 0.80078125 0.3234375 0.07421875 0.06015625
0 0.9625 0.25859375 0.07421875 0.06171875
0 0.12734375 0.378125 0.07578125 0.0625
0 0.21015625 0.4984375 0.0734375 0.06015625
0 0.7390625 0.2578125 0.07421875 0.059375
0 0.43515625 0.13359375 0.07578125 0.0625
0 0.64921875 0.4375 0.075 0.0640625
0 0.875 0.5640625 0.07578125 0.0609375
0 0.86328125 0.4953125 0.075 0.06015625
0 0.12890625 0.43671875 0.07578125 0.06171875
0 0.3609375 0.56171875 0.071875 0.0609375
0 0.8734375 0.434375 0.0734375 0.06015625
0 0.2078125 0.38125 0.0734375 0.06171875
0 0.36328125 0.2 0.0734375 0.059375
0 0.125 0.31796875 0.071875 0.06015625
0 0.19609375 0.325 0.0734375 0.06015625
0 0.728125 0.5546875 0.07421875 0.06171875
0 0.5796875 0.56328125 0.07265625 0.0625
0 0.49921875 0.49609375 0.0734375 0.059375
0 0.7890625 0.50234375 0.0734375 0.06015625
0 0.35703125 0.5046875 0.0734375 0.06171875
0 0.43359375 0.3109375 0.07265625 0.059375
0 0.20546875 0.4390625 0.075 0.06171875
0 0.43359375 0.3734375 0.0734375 0.05859375
0 0.4296875 0.253125 0.0734375 0.0609375
0 0.43515625 0.19453125 0.07421875 0.0609375
0 0.4265625 0.49140625 0.0734375 0.0609375
0 0.64375 0.49609375 0.07421875 0.06015625
0 0.5015625 0.43671875 0.0734375 0.0609375
0 0.65234375 0.553125 0.0734375 0.059375
0 0.43046875 0.43203125 0.0734375 0.059375