1 0.3015625 0.41484375 0.053125 0.05625
0 0.56796875 0.48203125 0.0546875 0.05546875
1 0.43125 0.35 0.05546875 0.0546875
0 0.4796875 0.4765625 0.05625 0.05546875
1 0.42421875 0.42265625 0.05546875 0.05625
1 0.6734375 0.359375 0.05390625 0.05546875
0 0.49609375 0.5609375 0.05390625 0.05390625
0 0.36328125 0.6046875 0.05390625 0.05546875
1 0.55390625 0.421875 0.05546875 0.05703125
1 0.24453125 0.4765625 0.05625 0.05625
0 0.41640625 0.54375 0.05546875 0.05625
1 0.29453125 0.29140625 0.05390625 0.05546875
1 0.484375 0.42265625 0.05546875 0.05546875
0 0.41953125 0.4875 0.05859375 0.05703125
0 0.6234375 0.55859375 0.05625 0.05546875
1 0.36484375 0.29921875 0.05546875 0.0546875
1 0.17734375 0.359375 0.05390625 0.05234375
1 0.73828125 0.37890625 0.05703125 0.05546875
1 0.68515625 0.43203125 0.05546875 0.05625
1 0.615625 0.4234375 0.05546875 0.05625
1 0.7375 0.22578125 0.05703125 0.05546875
1 0.1234375 0.48125 0.053125 0.05546875
1 0.359375 0.4828125 0.05546875 0.05625
1 0.2359375 0.3015625 0.05390625 0.05546875
1 0.109375 0.415625 0.053125 0.0546875
0 0.55390625 0.61796875 0.05546875 0.05625
1 0.30078125 0.5515625 0.05625 0.05703125
1 0.803125 0.2234375 0.05625 0.05625
1 0.18046875 0.565625 0.05234375 0.05390625
1 0.80546875 0.35234375 0.05546875 0.05625
1 0.10859375 0.55078125 0.0546875 0.05546875
1 0.8109375 0.4125 0.05625 0.05546875
1 0.23828125 0.628125 0.05625 0.05546875
1 0.7375 0.2859375 0.05625 0.05625
1 0.35390625 0.54375 0.05390625 0.05625
1 0.8703125 0.42265625 0.05546875 0.0546875
1 0.74140625 0.49140625 0.05546875 0.05625
0 0.6859375 0.56328125 0.05546875 0.0546875
0 0.428125 0.6890625 0.0546875 0.05546875
1 0.6703125 0.225 0.05625 0.0546875
1 0.296875 0.6140625 0.0546875 0.05703125
1 0.303125 0.47890625 0.0546875 0.05390625
1 0.23125 0.24296875 0.05078125 0.053125
0 0.81171875 0.5484375 0.05703125 0.05703125
0 0.68125 0.628125 0.05625 0.05625
1 0.80625 0.2796875 0.05625 0.0578125
0 0.5578125 0.69296875 0.05546875 0.05546875
1 0.80234375 0.4890625 0.05546875 0.0546875
0 0.296875 0.6828125 0.05703125 0.05625
1 0.6765625 0.4875 0.05546875 0.05546875
1 0.8109375 0.62578125 0.05703125 0.05625
1 0.9390625 0.415625 0.05625 0.05625
1 0.75078125 0.60859375 0.05625 0.05625
1 0.72890625 0.15234375 0.05625 0.05546875
1 0.74140625 0.546875 0.05546875 0.05546875
0 0.8609375 0.2875 0.05859375 0.05859375
0 0.80546875 0.16640625 0.05625 0.05546875
0 0.490625 0.69375 0.05703125 0.05703125
0 0.86796875 0.540625 0.05859375 0.0578125
0 0.8625 0.35234375 0.059375 0.05859375
0 0.24296875 0.6859375 0.05625 0.05703125
0 0.68046875 0.6921875 0.05546875 0.05625
0 0.9421875 0.353125 0.0578125 0.05859375
0 0.87265625 0.63125 0.05859375 0.059375
1 0.7359375 0.68046875 0.05703125 0.0578125
0 0.85859375 0.21875 0.0578125 0.05703125
1 0.184375 0.68359375 0.05546875 0.05625
1 0.9390625 0.48828125 0.0578125 0.05703125
1 0.81796875 0.69921875 0.0578125 0.05859375
0 0.93828125 0.546875 0.05859375 0.0578125
1 0.121875 0.684375 0.05546875 0.05625
0 0.86875 0.48203125 0.05859375 0.05859375
0 0.9265625 0.22109375 0.05625 0.05625
0 0.36328125 0.7546875 0.0546875 0.05546875
0 0.6140625 0.76015625 0.05625 0.05625
0 0.490625 0.75234375 0.05625 0.05625
0 0.8859375 0.69375 0.059375 0.05859375
1 0.05859375 0.58515625 0.05390625 0.05390625
0 0.95390625 0.63203125 0.05859375 0.059375
0 0.17421875 0.73984375 0.05625 0.05625
0 0.68046875 0.75078125 0.05625 0.05625
0 0.24140625 0.74765625 0.05625 0.0578125
1 0.7375 0.75078125 0.05703125 0.05703125
0 0.8125 0.81328125 0.0578125 0.05859375
0 0.7421875 0.8125 0.05625 0.05703125
0 0.73359375 0.08984375 0.05546875 0.0546875
0 0.35859375 0.81015625 0.05546875 0.05625
1 0.11328125 0.7390625 0.0546875 0.05546875
1 0.809375 0.75625 0.05625 0.05703125
0 0.4328125 0.81328125 0.05390625 0.0546875
0 0.9484375 0.7453125 0.05859375 0.05703125
0 0.8640625 0.09140625 0.05546875 0.05703125
1 0.890625 0.75078125 0.0578125 0.05703125
0 0.94765625 0.6890625 0.059375 0.059375
0 0.1875 0.81484375 0.0546875 0.05625
0 0.6125 0.87421875 0.05625 0.05625
0 0.86796875 0.8125 0.0578125 0.059375
0 0.553125 0.8265625 0.05390625 0.05390625
0 0.925 0.09375 0.05625 0.05703125
0 0.2453125 0.80859375 0.0578125 0.0578125
0 0.3015625 0.86640625 0.05703125 0.05625
0 0.3015625 0.8109375 0.0578125 0.05703125
0 0.68515625 0.8296875 0.0578125 0.0578125
0 0.62890625 0.8140625 0.05625 0.05703125
0 0.49140625 0.821875 0.05703125 0.05546875
0 0.94453125 0.81953125 0.0578125 0.0578125
1 0.12421875 0.8109375 0.05703125 0.05703125
0 0.690625 0.8921875 0.05625 0.0578125
0 0.37734375 0.9453125 0.0546875 0.05546875
0 0.31171875 0.940625 0.05390625 0.05703125
0 0.2421875 0.9390625 0.05546875 0.05703125
1 0.24453125 0.87578125 0.0546875 0.05625
0 0.63125 0.953125 0.05703125 0.05703125
0 0.759375 0.9546875 0.05546875 0.05625
1 0.18515625 0.87109375 0.0546875 0.053125
1 0.03515625 0.8296875 0.05703125 0.05625
0 0.68828125 0.9484375 0.0578125 0.0578125
0 0.50546875 0.965625 0.0546875 0.05390625
1 0.12265625 0.9265625 0.0546875 0.05625
1 0.1875 0.93359375 0.0515625 0.053125
0 0.95390625 0.96875 0.0578125 0.05546875