0 0.5015625 0.63671875 0.0484375 0.04921875
1 0.29375 0.5890625 0.0515625 0.0515625
0 0.390625 0.80625 0.05 0.05078125
0 0.60625 0.646875 0.04921875 0.05
1 0.4015625 0.4859375 0.0546875 0.05390625
0 0.5609375 0.43125 0.05078125 0.05
0 0.28671875 0.8015625 0.05 0.0515625
0 0.65625 0.65234375 0.04921875 0.05
0 0.52265625 0.80703125 0.04921875 0.05078125
0 0.50859375 0.48046875 0.0515625 0.04921875
0 0.24453125 0.84609375 0.053125 0.05234375
0 0.6578125 0.74609375 0.0515625 0.0515625
0 0.13203125 0.73671875 0.0546875 0.0546875
0 0.34765625 0.85078125 0.05234375 0.05234375
0 0.71015625 0.4890625 0.04765625 0.04765625
0 0.1359375 0.7921875 0.05390625 0.053125
0 0.6609375 0.4921875 0.04921875 0.04921875
0 0.6109375 0.48671875 0.05078125 0.0515625
0 0.55625 0.5359375 0.04140625 0.0421875
1 0.30078125 0.5328125 0.053125 0.0515625
0 0.61796875 0.37734375 0.05234375 0.05
0 0.55546875 0.6453125 0.05234375 0.05234375
0 0.6578125 0.85078125 0.0515625 0.0515625
0 0.55625 0.48515625 0.04453125 0.04375
0 0.07890625 0.74140625 0.05078125 0.05234375
0 0.5484375 0.85625 0.04921875 0.0515625
1 0.15390625 0.684375 0.0546875 0.05390625
0 0.815625 0.8015625 0.04765625 0.05
0 0.14140625 0.84609375 0.0515625 0.05078125
0 0.7109375 0.54453125 0.04921875 0.04765625
1 0.0875 0.6671875 0.0515625 0.053125
0 0.7078125 0.803125 0.04296875 0.04296875
1 0.5109375 0.3828125 0.05234375 0.05234375
1 0.5046875 0.690625 0.05 0.05078125
0 0.290625 0.8984375 0.05078125 0.04921875
0 0.50625 0.43125 0.04453125 0.04296875
0 0.8640625 0.74921875 0.04921875 0.0515625
0 0.6171875 0.4328125 0.05078125 0.0484375
0 0.665625 0.38046875 0.04296875 0.04296875
1 0.76484375 0.28125 0.0484375 0.05234375
0 0.60234375 0.7453125 0.0421875 0.04375
0 0.70859375 0.596875 0.0515625 0.0515625
0 0.76640625 0.3296875 0.0421875 0.04296875
1 0.4390625 0.7515625 0.05234375 0.05234375
0 0.81640625 0.28203125 0.05078125 0.053125
1 0.56015625 0.378125 0.05 0.05078125
1 0.76015625 0.2234375 0.04921875 0.05078125
0 0.55390625 0.90703125 0.05 0.05
1 0.19453125 0.7375 0.05390625 0.0546875
0 0.5609375 0.59609375 0.04375 0.0421875
0 0.71015625 0.90546875 0.05 0.05078125
0 0.659375 0.33125 0.04296875 0.04296875
0 0.71484375 0.37890625 0.05078125 0.0515625
1 0.6578125 0.79921875 0.05078125 0.0515625
1 0.7171875 0.27734375 0.04921875 0.0515625
1 0.61015625 0.32578125 0.04921875 0.04921875
0 0.6109375 0.909375 0.0515625 0.05234375
1 0.45546875 0.7015625 0.053125 0.05078125
1 0.56953125 0.79296875 0.05234375 0.053125
1 0.0921875 0.8453125 0.05234375 0.05390625
1 0.29375 0.48046875 0.0546875 0.053125
1 0.459375 0.48828125 0.0515625 0.05
1 0.46171875 0.321875 0.0515625 0.053125
1 0.60078125 0.85234375 0.05234375 0.05234375
0 0.8140625 0.21953125 0.05234375 0.053125
1 0.19453125 0.79765625 0.0515625 0.05234375
0 0.55703125 0.69609375 0.04296875 0.04375
1 0.03671875 0.63515625 0.05078125 0.0546875
1 0.4609375 0.59375 0.05234375 0.0484375
1 0.46015625 0.54140625 0.05234375 0.05078125
1 0.5484375 0.74296875 0.0515625 0.0515625
0 0.70703125 0.3296875 0.04140625 0.0421875
1 0.66484375 0.275 0.05078125 0.053125
0 0.8078125 0.90625 0.04375 0.0453125
1 0.86796875 0.1796875 0.04765625 0.0515625
0 0.915625 0.64921875 0.0515625 0.05234375
1 0.4546875 0.646875 0.0515625 0.04765625
1 0.51484375 0.3265625 0.05 0.05234375
1 0.296875 0.9515625 0.053125 0.053125
0 0.7125 0.646875 0.04296875 0.0421875
1 0.2984375 0.4234375 0.05390625 0.053125
1 0.3484375 0.95625 0.0515625 0.0515625
1 0.56328125 0.3265625 0.04921875 0.05078125
1 0.61171875 0.27265625 0.05 0.05
1 0.4890625 0.940625 0.05078125 0.05234375
1 0.43203125 0.8453125 0.053125 0.053125
0 0.715625 0.4359375 0.04140625 0.040625
1 0.409375 0.43203125 0.05390625 0.05234375
1 0.19375 0.90546875 0.053125 0.05234375
1 0.2421875 0.9046875 0.05078125 0.05234375
1 0.44140625 0.9546875 0.0515625 0.0515625
1 0.4609375 0.43203125 0.05 0.05078125
1 0.4796875 0.78046875 0.0515625 0.05234375
1 0.0390625 0.84375 0.0515625 0.053125
1 0.18984375 0.8515625 0.053125 0.053125
0 0.7546875 0.90625 0.0421875 0.04296875
1 0.1390625 0.95234375 0.0515625 0.05390625
1 0.40390625 0.3765625 0.05234375 0.05078125
1 0.821875 0.16484375 0.04921875 0.05078125
1 0.7625 0.165625 0.04921875 0.05
1 0.38828125 0.90390625 0.05078125 0.05078125
1 0.15078125 0.6296875 0.05234375 0.0515625
0 0.34296875 0.90546875 0.04375 0.04453125
1 0.0359375 0.95 0.0515625 0.05390625
1 0.14609375 0.89921875 0.053125 0.0515625
1 0.0359375 0.8953125 0.05078125 0.05234375
1 0.4421875 0.896875 0.0515625 0.05078125
1 0.48046875 0.834375 0.05078125 0.05234375
1 0.48984375 0.88828125 0.05 0.05
1 0.08359375 0.615625 0.05 0.0515625
0 0.80625 0.959375 0.04921875 0.05078125
0 0.6078125 0.96015625 0.04296875 0.04296875
0 0.09296875 0.95 0.04140625 0.04453125
0 0.8640625 0.959375 0.05234375 0.05234375
0 0.7015625 0.95859375 0.0421875 0.04375