0 0.2 0.65625 0.04765625 0.0421875
1 0.3046875 0.50859375 0.05 0.0515625
1 0.40390625 0.509375 0.05078125 0.05234375
0 0.190625 0.7640625 0.046875 0.04375
1 0.403125 0.5640625 0.05234375 0.05234375
1 0.50859375 0.4984375 0.053125 0.05234375
1 0.2484375 0.38125 0.05078125 0.0515625
1 0.44375 0.39296875 0.05078125 0.05234375
1 0.396875 0.3984375 0.04921875 0.05078125
1 0.34609375 0.40546875 0.04921875 0.05078125
0 0.19609375 0.60390625 0.04765625 0.04609375
0 0.39765625 0.6140625 0.04453125 0.04375
1 0.15234375 0.38515625 0.05234375 0.05390625
1 0.553125 0.396875 0.05078125 0.053125
1 0.5 0.65859375 0.053125 0.04921875
1 0.45234375 0.80390625 0.05078125 0.05
1 0.653125 0.49609375 0.05078125 0.05234375
0 0.1984375 0.715625 0.04609375 0.046875
1 0.09453125 0.4515625 0.053125 0.05625
1 0.6140625 0.39375 0.0515625 0.053125
1 0.3015625 0.3 0.05390625 0.05390625
1 0.503125 0.40546875 0.0515625 0.0515625
1 0.50625 0.8109375 0.05 0.04765625
1 0.61171875 0.4546875 0.05234375 0.053125
0 0.3015625 0.55625 0.046875 0.0453125
0 0.096875 0.5046875 0.046875 0.04453125
1 0.7125 0.7546875 0.05078125 0.0515625
1 0.55625 0.8453125 0.0515625 0.04921875
0 0.1890625 0.4953125 0.04609375 0.04609375
0 0.25 0.5609375 0.04609375 0.04453125
1 0.55703125 0.696875 0.05078125 0.04765625
1 0.25546875 0.43828125 0.0515625 0.05234375
1 0.80625 0.49921875 0.05 0.053125
0 0.75859375 0.40390625 0.05 0.04453125
0 0.465625 0.61484375 0.046875 0.04453125
1 0.69609375 0.803125 0.05 0.05078125
0 0.45234375 0.67109375 0.04765625 0.04296875
1 0.3984375 0.1703125 0.04921875 0.05234375
0 0.04453125 0.5078125 0.04609375 0.04453125
1 0.459375 0.85546875 0.05 0.046875
0 0.1984375 0.91875 0.0453125 0.04296875
0 0.75859375 0.80546875 0.0421875 0.040625
0 0.3515625 0.5640625 0.04609375 0.04453125
1 0.709375 0.19375 0.0515625 0.053125
1 0.50703125 0.1859375 0.05078125 0.05078125
1 0.1015625 0.38828125 0.05390625 0.05546875
1 0.35 0.2890625 0.0546875 0.05546875
0 0.1421875 0.44375 0.046875 0.04609375
1 0.25078125 0.1890625 0.0515625 0.053125
0 0.1953125 0.44609375 0.04609375 0.046875
1 0.44921875 0.17734375 0.05234375 0.05234375
1 0.3484375 0.1671875 0.05078125 0.053125
1 0.8046875 0.5828125 0.04921875 0.0515625
1 0.6125 0.553125 0.0546875 0.0515625
0 0.0390625 0.39296875 0.0453125 0.046875
1 0.3 0.165625 0.05 0.053125
0 0.196875 0.55234375 0.04765625 0.04609375
0 0.1953125 0.82109375 0.04609375 0.04375
0 0.29921875 0.85546875 0.04453125 0.04375
0 0.45546875 0.7546875 0.04609375 0.04140625
0 0.14453125 0.5 0.0484375 0.04453125
0 0.25703125 0.90234375 0.0453125 0.0421875
0 0.20078125 0.871875 0.04609375 0.04453125
0 0.41328125 0.85546875 0.04609375 0.040625
1 0.90546875 0.7015625 0.046875 0.0515625
1 0.721875 0.08046875 0.05390625 0.05390625
0 0.40390625 0.803125 0.046875 0.04296875
1 0.40234375 0.28671875 0.05234375 0.05390625
1 0.403125 0.9125 0.0515625 0.0515625
1 0.5578125 0.19609375 0.0515625 0.05078125
0 0.4140625 0.74453125 0.04609375 0.04140625
0 0.8046875 0.340625 0.04765625 0.04375
1 0.54609375 0.14375 0.0515625 0.05078125
1 0.8625 0.64921875 0.0515625 0.0515625
0 0.2 0.33515625 0.046875 0.0453125
1 0.19921875 0.17734375 0.053125 0.05390625
0 0.60078125 0.95703125 0.0421875 0.04140625
1 0.50625 0.90546875 0.053125 0.0484375
0 0.36484375 0.95234375 0.04375 0.040625
0 0.3609375 0.84921875 0.04453125 0.04296875
1 0.046875 0.4546875 0.05390625 0.05625
0 0.803125 0.9203125 0.04296875 0.04296875
1 0.95703125 0.7015625 0.04609375 0.053125
0 0.51015625 0.60390625 0.04609375 0.0421875
0 0.809375 0.2921875 0.05078125 0.0484375
1 0.6546875 0.19921875 0.05390625 0.053125
0 0.6109375 0.34375 0.04765625 0.0421875
0 0.30859375 0.3515625 0.0453125 0.04375
0 0.5640625 0.34375 0.0453125 0.0421875
0 0.80703125 0.86171875 0.04453125 0.04375
0 0.49921875 0.33828125 0.04453125 0.04296875
0 0.70625 0.34453125 0.046875 0.04296875
0 0.35703125 0.34765625 0.046875 0.04453125
0 0.659375 0.34609375 0.0453125 0.0421875
0 0.95703125 0.86328125 0.04296875 0.04453125
0 0.50859375 0.76015625 0.04375 0.0421875
0 0.253125 0.33125 0.046875 0.0453125
1 0.6578125 0.13203125 0.05546875 0.05234375
1 0.959375 0.6453125 0.0484375 0.05
0 0.50546875 0.71171875 0.04453125 0.046875
0 0.55390625 0.90703125 0.04140625 0.03984375
0 0.4546875 0.56171875 0.04609375 0.0421875
0 0.0578125 0.334375 0.04765625 0.04609375
0 0.80625 0.18203125 0.0515625 0.046875
1 0.1453125 0.13515625 0.053125 0.05234375
0 0.109375 0.32734375 0.04921875 0.04609375
0 0.35390625 0.9 0.04453125 0.0421875
0 0.4046875 0.34609375 0.04765625 0.04375
0 0.74296875 0.9625 0.04375 0.040625
0 0.775 0.13671875 0.05234375 0.046875
1 0.14609375 0.18984375 0.05546875 0.053125
0 0.44921875 0.34453125 0.04765625 0.04375
0 0.303125 0.9046875 0.04296875 0.040625
0 0.69453125 0.85390625 0.04375 0.04140625
1 0.86796875 0.12734375 0.04921875 0.05234375
0 0.54296875 0.546875 0.04453125 0.04375
0 0.69375 0.915625 0.04375 0.040625
0 0.15625 0.325 0.04921875 0.0453125
1 0.96171875 0.5984375 0.0515625 0.0546875
0 0.75859375 0.2421875 0.05234375 0.0515625
1 0.809375 0.03359375 0.05 0.04921875
1 0.55859375 0.0875 0.05234375 0.05
0 0.50078125 0.55 0.04765625 0.04375
1 0.14453125 0.08046875 0.053125 0.05078125
0 0.76328125 0.18828125 0.053125 0.04765625
0 0.69765625 0.97109375 0.04140625 0.04140625
0 0.76953125 0.08046875 0.0484375 0.0453125
0 0.60859375 0.85 0.04375 0.04453125
1 0.44453125 0.23359375 0.053125 0.053125
0 0.8609375 0.9734375 0.0421875 0.04453125
0 0.95390625 0.75859375 0.040625 0.0453125
0 0.95390625 0.815625 0.04140625 0.04609375
0 0.909375 0.9125 0.0421875 0.04140625
0 0.64765625 0.8609375 0.04296875 0.0421875
1 0.91796875 0.5484375 0.05 0.04921875
0 0.8625 0.91484375 0.04296875 0.04296875
1 0.7171875 0.02578125 0.05078125 0.046875
0 0.8125 0.7953125 0.0421875 0.04140625
0 0.76796875 0.74296875 0.0421875 0.04140625
0 0.603125 0.9 0.0421875 0.04140625
1 0.24765625 0.240625 0.05390625 0.0515625
1 0.62578125 0.078125 0.053125 0.0515625
0 0.81640625 0.7453125 0.04609375 0.04453125
0 0.64296875 0.915625 0.04375 0.0421875
0 0.859375 0.8640625 0.04375 0.046875
1 0.7015625 0.65546875 0.05625 0.053125
1 0.55625 0.96484375 0.05390625 0.0515625
1 0.95 0.95546875 0.04921875 0.0515625
1 0.4515625 0.95703125 0.04921875 0.0484375
0 0.76640625 0.03046875 0.05078125 0.04921875
1 0.55625 0.03203125 0.05234375 0.04921875
1 0.6078125 0.259375 0.05546875 0.0546875
1 0.15 0.0296875 0.053125 0.04921875
1 0.2015625 0.38515625 0.04375 0.04921875
1 0.2546875 0.50390625 0.0484375 0.05390625
1 0.3546875 0.51484375 0.04921875 0.0484375
1 0.4546875 0.50625 0.05078125 0.04921875
1 0.5625 0.50078125 0.0515625 0.0515625
1 0.5640625 0.59375 0.0453125 0.04453125
1 0.54921875 0.640625 0.04609375 0.04609375
1 0.6625 0.3984375 0.0453125 0.046875
1 0.7078125 0.396875 0.04609375 0.0484375
1 0.71171875 0.5015625 0.04921875 0.05234375
1 0.753125 0.4546875 0.05 0.04765625
1 0.75703125 0.540625 0.05234375 0.04765625
1 0.55546875 0.7484375 0.0484375 0.0453125
1 0.55546875 0.796875 0.0484375 0.04453125
1 0.60390625 0.80078125 0.0453125 0.04609375
1 0.65078125 0.815625 0.04453125 0.04375
1 0.75703125 0.6953125 0.0484375 0.04921875
1 0.80859375 0.68828125 0.0515625 0.0453125
1 0.8109375 0.6375 0.0484375 0.04609375
1 0.86328125 0.765625 0.0484375 0.04765625
1 0.90859375 0.7625 0.04609375 0.04921875
1 0.81796875 0.08203125 0.04609375 0.04765625
1 0.82109375 0.13203125 0.04375 0.04921875
1 0.85390625 0.18203125 0.0421875 0.05
1 0.80546875 0.2375 0.04453125 0.04921875
1 0.85390625 0.2359375 0.046875 0.05078125
1 0.86015625 0.29375 0.0484375 0.04921875
1 0.85546875 0.3453125 0.0484375 0.05078125
1 0.8046875 0.39453125 0.04453125 0.04609375
1 0.859375 0.3984375 0.046875 0.0484375
1 0.859375 0.44765625 0.0484375 0.046875
1 0.86015625 0.496875 0.04765625 0.04921875
1 0.29765625 0.40390625 0.04609375 0.04765625
0 0.759375 0.28984375 0.0484375 0.04765625
0 0.75625 0.33828125 0.05078125 0.04765625
0 0.859375 0.8171875 0.04296875 0.04375
0 0.90703125 0.8140625 0.04765625 0.0484375
1 0.71953125 0.13515625 0.053125 0.04921875