1 0.80390625 0.296875 0.0484375 0.04921875
0 0.18203125 0.29140625 0.04921875 0.05234375
0 0.18359375 0.396875 0.0484375 0.05234375
1 0.746875 0.34453125 0.04765625 0.0515625
0 0.23828125 0.23515625 0.04765625 0.05078125
1 0.746875 0.23828125 0.04765625 0.05078125
0 0.28515625 0.2953125 0.0484375 0.0515625
1 0.80546875 0.18515625 0.0484375 0.0515625
0 0.1859375 0.18984375 0.04765625 0.0515625
1 0.18359375 0.5453125 0.046875 0.0515625
0 0.18203125 0.4953125 0.04921875 0.05234375
0 0.33828125 0.240625 0.0484375 0.05078125
1 0.5875 0.3453125 0.04765625 0.05234375
1 0.7015625 0.453125 0.04921875 0.05078125
1 0.69375 0.28984375 0.0484375 0.0515625
1 0.18125 0.6046875 0.04765625 0.05234375
1 0.69453125 0.3421875 0.04921875 0.0515625
1 0.753125 0.1875 0.04921875 0.05
1 0.70234375 0.39609375 0.0484375 0.05078125
0 0.23515625 0.446875 0.04921875 0.05234375
0 0.39375 0.2921875 0.046875 0.0515625
0 0.42890625 0.19375 0.04765625 0.05078125
1 0.63828125 0.3453125 0.0484375 0.0515625
1 0.70078125 0.1828125 0.046875 0.04765625
1 0.70078125 0.5046875 0.04921875 0.05
0 0.2875 0.18515625 0.04765625 0.0515625
1 0.65234375 0.4484375 0.0484375 0.05234375
1 0.7 0.55625 0.05 0.0515625
0 0.4953125 0.28984375 0.04765625 0.05078125
0 0.33515625 0.5 0.04921875 0.0515625
0 0.2859375 0.39375 0.04921875 0.05234375
0 0.5921875 0.29375 0.0484375 0.05234375
1 0.23125 0.60625 0.046875 0.05
1 0.28359375 0.60234375 0.046875 0.04921875
1 0.6984375 0.60859375 0.05078125 0.0515625
0 0.38359375 0.44609375 0.0484375 0.05234375
0 0.28671875 0.44453125 0.04921875 0.0515625
1 0.65 0.5546875 0.05 0.05234375
0 0.440625 0.2984375 0.046875 0.05078125
0 0.696875 0.23671875 0.05 0.05234375
0 0.3390625 0.18828125 0.04921875 0.0515625
0 0.43984375 0.496875 0.04765625 0.04921875
1 0.2828125 0.653125 0.046875 0.05
0 0.64140625 0.290625 0.04921875 0.05234375
1 0.7 0.6640625 0.04921875 0.0515625
0 0.5359375 0.34453125 0.04765625 0.05078125
1 0.70234375 0.7125 0.05 0.05234375
1 0.70234375 0.76640625 0.05 0.0515625
0 0.5453125 0.2390625 0.04765625 0.0515625
0 0.5921875 0.40078125 0.04921875 0.0515625
0 0.3421875 0.39375 0.046875 0.0515625
0 0.54375 0.1859375 0.04765625 0.05
0 0.23359375 0.5546875 0.04921875 0.05234375
0 0.6515625 0.18515625 0.0484375 0.05078125
0 0.48828125 0.4953125 0.04765625 0.05
0 0.490625 0.396875 0.04765625 0.05078125
1 0.6515625 0.6578125 0.05078125 0.05234375
0 0.2328125 0.5015625 0.04921875 0.05234375
0 0.2859375 0.49921875 0.05 0.05234375
0 0.3921875 0.39296875 0.0484375 0.0515625
1 0.33515625 0.65859375 0.04765625 0.05078125
1 0.4296875 0.76328125 0.04921875 0.05234375
0 0.646875 0.3953125 0.0484375 0.0515625
0 0.59609375 0.18515625 0.04765625 0.05078125
0 0.334375 0.6078125 0.04921875 0.05234375
0 0.4953125 0.2375 0.046875 0.05078125
0 0.5390625 0.39609375 0.04765625 0.0515625
1 0.38515625 0.715625 0.04765625 0.0515625
0 0.43984375 0.39609375 0.046875 0.05078125
0 0.64765625 0.23828125 0.04921875 0.053125
1 0.3328125 0.71015625 0.046875 0.05
1 0.4296875 0.65625 0.046875 0.05078125
1 0.484375 0.66015625 0.04765625 0.05234375
0 0.28125 0.55 0.05078125 0.05234375
1 0.58515625 0.70703125 0.0484375 0.0515625
1 0.54140625 0.65546875 0.0484375 0.05234375
1 0.6484375 0.815625 0.04921875 0.05078125
1 0.590625 0.8171875 0.04921875 0.05078125
0 0.3859375 0.60703125 0.04921875 0.053125
0 0.53515625 0.54765625 0.0484375 0.0515625
1 0.53828125 0.7078125 0.04921875 0.05234375
0 0.646875 0.49921875 0.0484375 0.05078125
1 0.5359375 0.76015625 0.04921875 0.053125
0 0.38125 0.6625 0.05 0.05234375
0 0.59453125 0.50234375 0.04921875 0.0515625
0 0.64453125 0.6046875 0.04921875 0.05234375
1 0.48125 0.81328125 0.04765625 0.05
0 0.48359375 0.71171875 0.05078125 0.05390625
0 0.60078125 0.4515625 0.04921875 0.05234375
0 0.59296875 0.65625 0.05 0.05390625
0 0.49375 0.60859375 0.0484375 0.0515625
0 0.44609375 0.60546875 0.04765625 0.0515625
0 0.590625 0.55390625 0.04921875 0.0515625
0 0.4859375 0.7625 0.05078125 0.05234375
0 0.5453125 0.60234375 0.04921875 0.053125
0 0.5921875 0.603125 0.05 0.0546875