1 0.346875 0.459375 0.040625 0.04140625
0 0.08203125 0.45 0.04140625 0.0421875
0 0.1359375 0.45078125 0.040625 0.0421875
1 0.34453125 0.4078125 0.040625 0.040625
0 0.0796875 0.19375 0.04140625 0.04296875
0 0.0390625 0.50859375 0.040625 0.04296875
1 0.2984375 0.50859375 0.0421875 0.04140625
0 0.134375 0.353125 0.040625 0.0421875
0 0.08515625 0.28984375 0.040625 0.0421875
0 0.03203125 0.196875 0.040625 0.04375
1 0.29453125 0.19609375 0.040625 0.0421875
1 0.2375 0.24296875 0.0390625 0.0421875
0 0.134375 0.50703125 0.040625 0.0421875
0 0.1875 0.40546875 0.040625 0.0421875
0 0.23359375 0.14453125 0.0421875 0.04375
0 0.75078125 0.25 0.04140625 0.04140625
0 0.38515625 0.39609375 0.03984375 0.04140625
0 0.1875 0.29765625 0.03984375 0.040625
1 0.35078125 0.56484375 0.04140625 0.04140625
0 0.18828125 0.50859375 0.0421875 0.0421875
1 0.18671875 0.2453125 0.03984375 0.0421875
0 0.14140625 0.5609375 0.04140625 0.04140625
1 0.284375 0.6109375 0.040625 0.040625
0 0.184375 0.19296875 0.040625 0.04140625
0 0.646875 0.46328125 0.040625 0.040625
0 0.03203125 0.24296875 0.040625 0.04296875
0 0.296875 0.35625 0.040625 0.040625
0 0.13359375 0.23984375 0.04140625 0.04296875
0 0.4 0.5 0.040625 0.040625
0 0.75625 0.40234375 0.0421875 0.04140625
0 0.44296875 0.5046875 0.040625 0.040625
1 0.2859375 0.559375 0.040625 0.040625
0 0.49609375 0.559375 0.04140625 0.04140625
0 0.853125 0.46328125 0.04140625 0.04140625
1 0.40078125 0.56171875 0.040625 0.040625
0 0.7015625 0.46171875 0.04140625 0.040625
0 0.28828125 0.2953125 0.03828125 0.0390625
0 0.24375 0.50234375 0.040625 0.040625
0 0.290625 0.45625 0.040625 0.040625
0 0.7546875 0.29921875 0.0421875 0.040625
0 0.903125 0.50859375 0.04140625 0.040625
0 0.29140625 0.4046875 0.040625 0.04140625
1 0.64375 0.5046875 0.0421875 0.0421875
0 0.80625 0.19609375 0.04140625 0.0421875
1 0.43984375 0.1421875 0.0421875 0.0421875
0 0.18515625 0.13984375 0.0421875 0.04375
1 0.13046875 0.196875 0.04140625 0.04296875
1 0.49453125 0.14296875 0.0421875 0.0421875
0 0.7984375 0.3046875 0.04140625 0.040625
0 0.75 0.4625 0.04140625 0.04140625
0 0.75 0.35078125 0.0421875 0.0421875
0 0.19140625 0.659375 0.040625 0.04140625
0 0.2875 0.09375 0.04140625 0.04296875
1 0.70234375 0.509375 0.04140625 0.04140625
1 0.3 0.140625 0.0421875 0.04375
0 0.440625 0.5515625 0.04140625 0.040625
1 0.23828125 0.55625 0.0421875 0.0421875
1 0.446875 0.6125 0.04140625 0.04140625
0 0.6515625 0.14453125 0.03984375 0.04140625
0 0.74921875 0.140625 0.0421875 0.04375
0 0.5953125 0.0859375 0.04140625 0.0421875
1 0.134375 0.1421875 0.04296875 0.04609375
1 0.5015625 0.61484375 0.04140625 0.040625
0 0.7015625 0.090625 0.0421875 0.04140625
0 0.7 0.56171875 0.04140625 0.03984375
1 0.2390625 0.3078125 0.040625 0.040625
0 0.7984375 0.56640625 0.040625 0.040625
0 0.234375 0.03828125 0.04140625 0.04296875
0 0.8 0.4546875 0.0421875 0.040625
0 0.2359375 0.596875 0.040625 0.04140625
0 0.5421875 0.61328125 0.040625 0.040625
1 0.39140625 0.65703125 0.04140625 0.03984375
0 0.8015625 0.14609375 0.04140625 0.04296875
0 0.4421875 0.18828125 0.040625 0.04140625
1 0.346875 0.6578125 0.040625 0.040625
0 0.75234375 0.08671875 0.0421875 0.04296875
0 0.5984375 0.19140625 0.040625 0.03984375
1 0.38828125 0.146875 0.0421875 0.04296875
1 0.08828125 0.50078125 0.04140625 0.0421875
0 0.3421875 0.509375 0.040625 0.03984375
0 0.23046875 0.353125 0.03984375 0.04140625
1 0.08984375 0.559375 0.04140625 0.04296875
0 0.3390625 0.2015625 0.040625 0.040625
0 0.0421875 0.8140625 0.040625 0.04296875
0 0.29296875 0.04296875 0.04140625 0.0421875
0 0.296875 0.66171875 0.040625 0.040625
0 0.2375 0.0875 0.04140625 0.0421875
1 0.3453125 0.7671875 0.040625 0.040625
0 0.753125 0.51171875 0.0421875 0.03984375
0 0.85625 0.559375 0.04140625 0.0421875
0 0.240625 0.6578125 0.040625 0.040625
1 0.18515625 0.09375 0.0421875 0.04453125
1 0.3953125 0.70546875 0.040625 0.03984375
0 0.53515625 0.18984375 0.04140625 0.040625
0 0.85859375 0.665625 0.040625 0.040625
0 0.59453125 0.6078125 0.03984375 0.040625
1 0.45 0.65859375 0.040625 0.03984375
0 0.8578125 0.50703125 0.04140625 0.04140625
1 0.7984375 0.3515625 0.0421875 0.0421875
0 0.85234375 0.61015625 0.040625 0.04140625
0 0.48984375 0.19296875 0.04140625 0.040625
1 0.54609375 0.1390625 0.04375 0.04375
1 0.34140625 0.090625 0.0421875 0.04375
0 0.340625 0.04453125 0.04140625 0.0421875
0 0.3453125 0.7125 0.040625 0.03984375
1 0.0859375 0.146875 0.04296875 0.0453125
0 0.19296875 0.7640625 0.040625 0.04140625
0 0.09296875 0.81171875 0.04140625 0.0421875
0 0.7625 0.0375 0.0421875 0.04296875
1 0.646875 0.715625 0.040625 0.040625
0 0.34453125 0.14453125 0.04140625 0.04140625
0 0.803125 0.675 0.04140625 0.040625
1 0.8015625 0.259375 0.0421875 0.0421875
1 0.18828125 0.5578125 0.04296875 0.0421875
0 0.65 0.04140625 0.04140625 0.04296875
0 0.59609375 0.65859375 0.03984375 0.040625
0 0.384375 0.19140625 0.040625 0.0421875
0 0.64609375 0.559375 0.04140625 0.040625
0 0.29140625 0.71640625 0.040625 0.040625
1 0.3859375 0.090625 0.0421875 0.04375
1 0.19453125 0.71875 0.04140625 0.0421875
0 0.63828125 0.60625 0.040625 0.040625
1 0.1390625 0.6609375 0.04140625 0.0421875
1 0.8046875 0.41015625 0.04140625 0.040625
0 0.2421875 0.7078125 0.040625 0.04140625
1 0.4453125 0.7609375 0.040625 0.040625
1 0.596875 0.1453125 0.040625 0.0421875
1 0.7515625 0.72109375 0.0421875 0.0421875
1 0.90703125 0.45390625 0.04296875 0.04375
0 0.24453125 0.7625 0.040625 0.0421875
1 0.5484375 0.0921875 0.04140625 0.04296875
1 0.19375 0.61171875 0.04140625 0.04140625
1 0.8546875 0.2421875 0.04140625 0.04140625
1 0.8546875 0.1875 0.0421875 0.04296875
0 0.44921875 0.70546875 0.03984375 0.03984375
0 0.08671875 0.865625 0.04140625 0.04296875
0 0.24140625 0.815625 0.04140625 0.04140625
1 0.85625 0.2953125 0.0421875 0.04296875
1 0.13515625 0.715625 0.0421875 0.0421875
0 0.646875 0.66484375 0.040625 0.03984375
0 0.60078125 0.7171875 0.03984375 0.03984375
1 0.80390625 0.61328125 0.0421875 0.0421875
1 0.134375 0.08515625 0.04296875 0.0453125
0 0.49453125 0.6640625 0.04140625 0.040625
0 0.14140625 0.86875 0.04140625 0.04375
1 0.59453125 0.76640625 0.03984375 0.040625
1 0.9015625 0.6109375 0.0421875 0.0421875
1 0.28671875 0.86875 0.040625 0.0421875
1 0.7484375 0.66875 0.040625 0.03984375
0 0.54765625 0.7125 0.040625 0.040625
0 0.5421875 0.7640625 0.040625 0.040625
1 0.853125 0.40546875 0.0421875 0.04296875
1 0.9046875 0.56328125 0.0421875 0.04375
1 0.4890625 0.815625 0.04140625 0.0421875
0 0.80390625 0.7171875 0.0421875 0.040625
1 0.2953125 0.91640625 0.0421875 0.0421875
1 0.0375 0.6078125 0.04296875 0.04453125
1 0.13984375 0.7640625 0.04140625 0.0421875
1 0.09453125 0.70859375 0.04140625 0.04296875
0 0.48828125 0.76640625 0.040625 0.03984375
1 0.0828125 0.0859375 0.0421875 0.04453125
1 0.1953125 0.815625 0.04140625 0.0421875
1 0.7015625 0.61328125 0.04140625 0.040625
1 0.1453125 0.6125 0.0421875 0.04140625
1 0.746875 0.7765625 0.04140625 0.040625
1 0.80078125 0.7640625 0.040625 0.04140625
0 0.19453125 0.86015625 0.04140625 0.0421875
0 0.4921875 0.71015625 0.04140625 0.040625
1 0.1359375 0.81640625 0.04140625 0.0421875
1 0.90390625 0.66875 0.0421875 0.0421875
1 0.69609375 0.65546875 0.0421875 0.040625
1 0.75 0.6125 0.04140625 0.0421875
1 0.9078125 0.40234375 0.04296875 0.0421875
1 0.85390625 0.71640625 0.04140625 0.0421875
1 0.02890625 0.1453125 0.04140625 0.0453125
1 0.3515625 0.8671875 0.04140625 0.0421875
1 0.0875 0.6625 0.040625 0.04296875
0 0.1421875 0.9171875 0.04140625 0.0421875
1 0.703125 0.8140625 0.04140625 0.04140625
1 0.64765625 0.81953125 0.040625 0.0421875
1 0.85703125 0.1375 0.0421875 0.04296875
0 0.03984375 0.91875 0.040625 0.04296875
1 0.0890625 0.7703125 0.040625 0.0421875
1 0.04453125 0.77265625 0.040625 0.04375
1 0.53984375 0.80625 0.03984375 0.03984375
1 0.75859375 0.56640625 0.040625 0.040625
1 0.2421875 0.865625 0.04140625 0.040625
1 0.809375 0.815625 0.0421875 0.04140625
1 0.38515625 0.04375 0.0421875 0.0421875
1 0.18828125 0.91796875 0.04140625 0.04296875
1 0.8140625 0.09296875 0.04296875 0.04375
1 0.9140625 0.096875 0.04375 0.04609375
1 0.95234375 0.5078125 0.0421875 0.04296875
1 0.1828125 0.0359375 0.04296875 0.04453125
1 0.54609375 0.0375 0.0421875 0.04140625
1 0.134375 0.03203125 0.04296875 0.04453125
0 0.0921875 0.965625 0.040625 0.040625
1 0.909375 0.04609375 0.04140625 0.04296875
1 0.8484375 0.86171875 0.040625 0.04140625
1 0.809375 0.02578125 0.0421875 0.0421875
1 0.03125 0.0328125 0.04140625 0.04296875
1 0.184375 0.96171875 0.040625 0.040625
1 0.1390625 0.96640625 0.04140625 0.04140625
1 0.2953125 0.96953125 0.040625 0.0421875