0 0.2984375 0.134375 0.0484375 0.053125
1 0.0515625 0.73828125 0.05390625 0.05703125
1 0.115625 0.7328125 0.05390625 0.05546875
0 0.178125 0.171875 0.0484375 0.05234375
1 0.16640625 0.746875 0.053125 0.05546875
1 0.1046875 0.84609375 0.05390625 0.05546875
1 0.1640625 0.80078125 0.05390625 0.05625
1 0.04296875 0.8953125 0.05234375 0.05546875
1 0.17109375 0.68828125 0.05390625 0.05703125
1 0.1578125 0.9046875 0.05390625 0.0546875
1 0.8984375 0.84296875 0.05 0.05625
1 0.965625 0.55 0.05 0.053125
1 0.84921875 0.61484375 0.04921875 0.053125
1 0.10078125 0.95234375 0.05390625 0.05546875
1 0.753125 0.55625 0.05 0.053125
1 0.9609375 0.4984375 0.05078125 0.0546875
1 0.53828125 0.84921875 0.0484375 0.05234375
1 0.8546875 0.79765625 0.0484375 0.053125
1 0.95703125 0.90078125 0.05078125 0.0546875
1 0.16015625 0.95703125 0.053125 0.05234375
1 0.84453125 0.8953125 0.0484375 0.05390625
1 0.9640625 0.44375 0.05078125 0.0546875
1 0.7609375 0.3421875 0.05234375 0.053125
1 0.6375 0.90390625 0.05 0.0546875
1 0.75 0.4984375 0.04921875 0.0546875
1 0.69453125 0.646875 0.05 0.053125
1 0.7640625 0.246875 0.04921875 0.05546875
0 0.8703125 0.13359375 0.0484375 0.053125
1 0.80390625 0.7984375 0.04921875 0.0546875
1 0.91171875 0.55390625 0.05 0.053125
1 0.5296875 0.90078125 0.05078125 0.05390625
1 0.5765625 0.909375 0.05 0.0546875
1 0.91015625 0.44765625 0.05 0.05390625
1 0.85234375 0.5546875 0.05078125 0.053125
1 0.753125 0.64921875 0.05 0.0515625
1 0.85625 0.50078125 0.04921875 0.053125
1 0.80234375 0.746875 0.0484375 0.0515625
1 0.8671875 0.296875 0.05 0.0546875
1 0.5265625 0.953125 0.05078125 0.05625
1 0.74921875 0.7984375 0.05 0.053125
1 0.8125 0.4046875 0.05078125 0.053125
1 0.7 0.596875 0.05 0.05078125
1 0.8125 0.34921875 0.0515625 0.0546875
1 0.703125 0.39453125 0.05 0.053125
1 0.70390625 0.3453125 0.05078125 0.0515625
1 0.75859375 0.696875 0.05 0.0515625
1 0.91328125 0.33828125 0.05 0.0546875
1 0.584375 0.96171875 0.05078125 0.0546875
1 0.6640625 0.29609375 0.05 0.053125
1 0.8140625 0.24453125 0.05 0.05546875
1 0.7546875 0.446875 0.05 0.0515625
1 0.71796875 0.2484375 0.04921875 0.05390625
1 0.89765625 0.9546875 0.04921875 0.05390625
1 0.69453125 0.9 0.05078125 0.05390625
1 0.79375 0.95546875 0.05 0.05625
1 0.80625 0.696875 0.04765625 0.05078125
1 0.7921875 0.90078125 0.05 0.05390625
1 0.91171875 0.39140625 0.05 0.0546875
1 0.690625 0.9515625 0.05078125 0.05625
1 0.01484375 0.73515625 0.028125 0.0546875
1 0.7453125 0.953125 0.05078125 0.05625
1 0.7125 0.2953125 0.05078125 0.053125
1 0.8625 0.40234375 0.0515625 0.053125
1 0.81328125 0.48671875 0.05 0.053125
1 0.959375 0.3921875 0.04921875 0.05234375
1 0.81875 0.2984375 0.05078125 0.05390625
1 0.7953125 0.84921875 0.0484375 0.05234375
1 0.7015625 0.446875 0.05078125 0.05234375
0 0.6109375 0.2984375 0.04765625 0.05234375
0 0.71796875 0.153125 0.04765625 0.0515625
0 0.55546875 0.49375 0.04765625 0.05078125
0 0.59609375 0.4453125 0.04765625 0.05
0 0.18125 0.63828125 0.0515625 0.0546875
0 0.9109375 0.6625 0.05 0.05625
0 0.6625 0.234375 0.04765625 0.053125
0 0.91875 0.18515625 0.04765625 0.0515625
0 0.43671875 0.79765625 0.05 0.0515625
1 0.8546875 0.44921875 0.05 0.053125
0 0.96796875 0.34296875 0.05 0.05390625
0 0.11484375 0.67890625 0.05234375 0.053125
0 0.06640625 0.68828125 0.0515625 0.05234375
0 0.5578125 0.5765625 0.0484375 0.05078125
0 0.6078125 0.53984375 0.04765625 0.05
0 0.759375 0.19765625 0.04921875 0.05234375
0 0.9109375 0.6046875 0.05078125 0.05390625
0 0.81171875 0.19375 0.0484375 0.0515625
0 0.6515625 0.3453125 0.0484375 0.05
0 0.49609375 0.73984375 0.04921875 0.0515625
0 0.23359375 0.690625 0.05234375 0.05390625
0 0.7046875 0.2015625 0.05 0.05546875
0 0.271875 0.8453125 0.0515625 0.053125
0 0.5546875 0.7 0.04765625 0.0515625
0 0.859375 0.24765625 0.05078125 0.05234375
0 0.9140625 0.28671875 0.05078125 0.05390625
0 0.59296875 0.64609375 0.0484375 0.05078125
0 0.96953125 0.2828125 0.0515625 0.05703125
0 0.5375 0.78671875 0.04765625 0.0515625
0 0.915625 0.23671875 0.04921875 0.05234375
0 0.640625 0.5984375 0.046875 0.05
0 0.653125 0.396875 0.04765625 0.0515625
0 0.5890625 0.73828125 0.04765625 0.05
0 0.2203125 0.740625 0.05234375 0.05390625
0 0.6515625 0.49765625 0.0484375 0.053125
0 0.2265625 0.79296875 0.05234375 0.05390625
0 0.475 0.9609375 0.05 0.05234375
0 0.6515625 0.446875 0.0484375 0.0515625
0 0.64375 0.709375 0.0484375 0.0515625
0 0.23203125 0.95234375 0.05078125 0.05234375
0 0.64375 0.64921875 0.0484375 0.05234375
0 0.70234375 0.496875 0.04921875 0.05078125
0 0.221875 0.8515625 0.05234375 0.05390625
0 0.165625 0.85390625 0.0515625 0.05390625
0 0.96171875 0.23125 0.04296875 0.05390625
0 0.22421875 0.9015625 0.0515625 0.053125
0 0.490625 0.85 0.05078125 0.0546875
0 0.4796875 0.9046875 0.05078125 0.053125
0 0.590625 0.84921875 0.05 0.0515625
0 0.7015625 0.6953125 0.04921875 0.05078125
0 0.7484375 0.74609375 0.04921875 0.05078125
0 0.640625 0.79453125 0.04921875 0.0515625
0 0.7 0.54609375 0.04921875 0.05
0 0.64140625 0.8453125 0.05 0.05234375
0 0.696875 0.746875 0.0484375 0.05234375
0 0.74296875 0.9 0.05078125 0.05234375
0 0.74609375 0.8484375 0.05078125 0.05234375
0 0.696875 0.79609375 0.05 0.053125
0 0.69765625 0.84765625 0.05 0.05234375