1 0.61484375 0.39921875 0.03984375 0.040625
0 0.503125 0.35234375 0.040625 0.040625
0 0.44375 0.35625 0.04140625 0.040625
0 0.39140625 0.35390625 0.0421875 0.040625
1 0.5578125 0.35 0.04140625 0.040625
0 0.6078125 0.4578125 0.04140625 0.03984375
0 0.50546875 0.403125 0.04140625 0.040625
1 0.55390625 0.40546875 0.0421875 0.04140625
0 0.3921875 0.3 0.0421875 0.04140625
0 0.44765625 0.24609375 0.0421875 0.04140625
1 0.6671875 0.453125 0.0421875 0.04140625
1 0.50625 0.296875 0.0421875 0.04140625
0 0.34609375 0.45390625 0.0421875 0.040625
0 0.50625 0.50859375 0.04296875 0.040625
0 0.66484375 0.509375 0.0421875 0.03984375
0 0.39453125 0.1921875 0.04296875 0.04140625
1 0.446875 0.303125 0.04140625 0.04140625
0 0.3921875 0.25 0.0421875 0.0421875
1 0.82109375 0.46015625 0.04296875 0.03984375
0 0.2359375 0.5046875 0.04375 0.0421875
1 0.7703125 0.2984375 0.0421875 0.040625
0 0.3453125 0.51015625 0.0421875 0.040625
0 0.3953125 0.4015625 0.04140625 0.03984375
0 0.396875 0.509375 0.0421875 0.040625
1 0.50390625 0.24140625 0.04140625 0.04140625
0 0.6109375 0.5046875 0.04140625 0.0390625
1 0.71640625 0.50859375 0.0421875 0.03984375
0 0.2859375 0.44921875 0.04296875 0.040625
1 0.5578125 0.44921875 0.04140625 0.040625
0 0.559375 0.5078125 0.04140625 0.0390625
1 0.44921875 0.19375 0.0421875 0.040625
1 0.5046875 0.45703125 0.0421875 0.040625
1 0.44921875 0.403125 0.04140625 0.040625
1 0.7171875 0.34765625 0.04140625 0.040625
0 0.34140625 0.1375 0.04140625 0.0421875
0 0.23359375 0.559375 0.0421875 0.04140625
1 0.77265625 0.246875 0.04296875 0.0421875
0 0.66328125 0.5609375 0.04140625 0.03984375
1 0.7703125 0.41015625 0.04140625 0.040625
1 0.4484375 0.4546875 0.04296875 0.0421875
1 0.76875 0.55859375 0.0421875 0.040625
0 0.71796875 0.559375 0.0421875 0.0390625
1 0.40234375 0.4546875 0.0421875 0.040625
0 0.2375 0.453125 0.04296875 0.0421875
0 0.39765625 0.61796875 0.04296875 0.04140625
0 0.23046875 0.60859375 0.0421875 0.04140625
0 0.3421875 0.19140625 0.040625 0.04140625
0 0.39765625 0.559375 0.04296875 0.04140625
0 0.5046875 0.559375 0.04296875 0.040625
1 0.44765625 0.50390625 0.0421875 0.04140625
0 0.3421875 0.61015625 0.0421875 0.04140625
0 0.17890625 0.60859375 0.0421875 0.04140625
0 0.66796875 0.6125 0.0421875 0.03984375
0 0.1375 0.6515625 0.04296875 0.04296875
1 0.8265625 0.51484375 0.04296875 0.040625
0 0.615625 0.61328125 0.040625 0.03984375
0 0.50625 0.61015625 0.04296875 0.040625
1 0.81953125 0.615625 0.0421875 0.040625
1 0.39765625 0.13671875 0.0421875 0.0421875
0 0.2953125 0.08828125 0.04296875 0.0421875
1 0.821875 0.19921875 0.04375 0.04296875
0 0.81953125 0.3109375 0.04375 0.04140625
1 0.45 0.55390625 0.0421875 0.040625
1 0.2890625 0.50625 0.04296875 0.04140625
1 0.34453125 0.56015625 0.0421875 0.04140625
0 0.509375 0.659375 0.04140625 0.03984375
0 0.5671875 0.66640625 0.04140625 0.040625
1 0.2921875 0.56328125 0.04296875 0.04140625
0 0.87578125 0.5109375 0.04453125 0.0421875
1 0.71796875 0.621875 0.0421875 0.040625
0 0.39609375 0.665625 0.04296875 0.0421875
0 0.87421875 0.6203125 0.04296875 0.040625
0 0.2890625 0.1421875 0.0421875 0.04296875
1 0.4 0.08671875 0.0421875 0.04296875
0 0.82421875 0.55859375 0.04296875 0.040625
0 0.771875 0.35 0.0421875 0.040625
0 0.81796875 0.25234375 0.04375 0.0421875
1 0.4453125 0.61171875 0.0421875 0.04140625
0 0.4515625 0.71171875 0.0421875 0.04140625
0 0.0828125 0.6625 0.04296875 0.04375
0 0.871875 0.45546875 0.04375 0.04140625
1 0.8203125 0.0921875 0.04375 0.04453125
0 0.08828125 0.715625 0.04296875 0.0421875
0 0.8203125 0.3578125 0.0421875 0.040625
1 0.2921875 0.61640625 0.04375 0.0421875
0 0.87421875 0.56171875 0.04375 0.040625
0 0.87578125 0.15234375 0.04375 0.0421875
0 0.50625 0.715625 0.04296875 0.04140625
1 0.44609375 0.66171875 0.0421875 0.04140625
0 0.084375 0.775 0.04375 0.04296875
0 0.8796875 0.675 0.04296875 0.040625
1 0.87421875 0.725 0.04375 0.040625
1 0.35 0.0859375 0.04140625 0.04140625
1 0.825 0.6671875 0.0421875 0.0390625
1 0.8234375 0.14296875 0.04375 0.04375
1 0.2390625 0.65703125 0.04375 0.0421875
1 0.615625 0.675 0.0421875 0.04140625
0 0.925 0.6671875 0.0453125 0.0421875
1 0.66484375 0.6703125 0.04140625 0.040625
1 0.18671875 0.66328125 0.04296875 0.04140625
0 0.44140625 0.76484375 0.04375 0.04140625
1 0.56171875 0.71875 0.0421875 0.040625
1 0.3953125 0.7171875 0.04296875 0.04140625
1 0.13671875 0.7109375 0.04375 0.04296875
0 0.809375 0.40078125 0.0421875 0.040625
1 0.3421875 0.66328125 0.0421875 0.040625
0 0.87734375 0.19765625 0.04375 0.04296875
1 0.28828125 0.66484375 0.0421875 0.04140625
0 0.8703125 0.0921875 0.04296875 0.04140625
0 0.87578125 0.246875 0.04296875 0.04140625
0 0.33984375 0.03359375 0.040625 0.04140625
0 0.08359375 0.815625 0.04375 0.0421875
1 0.50625 0.77265625 0.04296875 0.0421875
1 0.39765625 0.7671875 0.04375 0.04296875
0 0.92421875 0.71640625 0.04375 0.040625
1 0.4 0.03515625 0.04140625 0.040625
1 0.13515625 0.76953125 0.04375 0.04296875
1 0.13828125 0.82109375 0.04453125 0.04375
1 0.4484375 0.81875 0.04453125 0.04375
0 0.290625 0.03359375 0.0421875 0.04140625
1 0.76640625 0.0390625 0.04375 0.04140625
0 0.08125 0.86640625 0.04453125 0.0421875
0 0.81875 0.0453125 0.04296875 0.04140625
1 0.14453125 0.8703125 0.04453125 0.04375
1 0.45234375 0.8734375 0.04375 0.0421875
0 0.978125 0.665625 0.04375 0.04296875
0 0.86875 0.04453125 0.04296875 0.04140625
1 0.93046875 0.76953125 0.04296875 0.040625
1 0.97734375 0.7234375 0.04296875 0.04296875
0 0.08515625 0.92265625 0.04375 0.0421875
1 0.396875 0.9125 0.04296875 0.04140625
1 0.14140625 0.9203125 0.04375 0.0421875
1 0.9796875 0.76796875 0.040625 0.03984375
1 0.1359375 0.9671875 0.04375 0.0421875
0 0.0859375 0.96953125 0.04296875 0.0421875
1 0.3984375 0.9765625 0.04375 0.04140625