1 0.5015625 0.50390625 0.0484375 0.05
0 0.17890625 0.19609375 0.0484375 0.04921875
0 0.796875 0.20234375 0.05234375 0.04921875
0 0.80625 0.49453125 0.0515625 0.0484375
1 0.4953125 0.8140625 0.05078125 0.05
0 0.184375 0.80859375 0.0484375 0.0484375
1 0.3859375 0.30625 0.05 0.0515625
1 0.3296875 0.25625 0.0515625 0.05078125
0 0.43984375 0.08359375 0.05 0.05
1 0.34296875 0.20390625 0.05078125 0.05
1 0.43828125 0.31015625 0.05 0.0515625
1 0.64921875 0.7609375 0.053125 0.05078125
0 0.53984375 0.1453125 0.05078125 0.05078125
0 0.434375 0.2046875 0.05078125 0.04921875
1 0.4921875 0.30703125 0.05 0.05078125
1 0.546875 0.303125 0.05 0.05078125
1 0.7625 0.6046875 0.053125 0.0515625
0 0.44296875 0.26328125 0.05 0.04921875
1 0.86484375 0.7609375 0.05234375 0.05
0 0.49140625 0.13984375 0.05 0.0515625
0 0.43984375 0.13671875 0.05078125 0.0515625
0 0.50859375 0.26171875 0.04921875 0.0484375
1 0.7046875 0.81953125 0.05234375 0.0484375
1 0.70703125 0.64921875 0.05234375 0.04921875
0 0.8140625 0.7625 0.0515625 0.04765625
0 0.553125 0.20703125 0.04921875 0.0484375
0 0.7015625 0.76640625 0.0515625 0.0484375
1 0.70390625 0.709375 0.0515625 0.05078125
1 0.76171875 0.86875 0.0515625 0.046875
1 0.8125 0.64921875 0.05234375 0.05078125
1 0.821875 0.82265625 0.05234375 0.0484375
0 0.76640625 0.82109375 0.0515625 0.046875
0 0.7546875 0.70703125 0.0515625 0.0484375
1 0.80546875 0.70390625 0.0515625 0.05
0 0.55703125 0.2546875 0.05 0.05078125
0 0.7578125 0.65859375 0.053125 0.0484375