1 0.5546875 0.553125 0.05234375 0.0484375
0 0.4953125 0.45078125 0.05 0.04921875
1 0.50078125 0.5578125 0.05390625 0.05
1 0.5515625 0.60625 0.05234375 0.05
1 0.5578125 0.5046875 0.05234375 0.05
0 0.50546875 0.5046875 0.05390625 0.04921875
1 0.23984375 0.60546875 0.05390625 0.0515625
0 0.43359375 0.4078125 0.05390625 0.05
1 0.240625 0.55625 0.0546875 0.0515625
1 0.7046875 0.5578125 0.05234375 0.04921875
1 0.29140625 0.709375 0.05390625 0.05
1 0.34921875 0.50546875 0.053125 0.05
1 0.23828125 0.65546875 0.05390625 0.05
1 0.40625 0.69921875 0.053125 0.0484375
0 0.54765625 0.4515625 0.0546875 0.05
1 0.7640625 0.509375 0.05234375 0.04921875
1 0.45078125 0.50078125 0.053125 0.05
1 0.390625 0.45078125 0.0546875 0.05078125
0 0.440625 0.4546875 0.0546875 0.04921875
1 0.28984375 0.646875 0.05390625 0.04921875
1 0.759375 0.4046875 0.05390625 0.05078125
1 0.3453125 0.7515625 0.0546875 0.05078125
0 0.55390625 0.6609375 0.053125 0.04921875
1 0.8109375 0.4 0.053125 0.05078125
0 0.49609375 0.60859375 0.05546875 0.04921875
1 0.34140625 0.5984375 0.053125 0.04921875
0 0.390625 0.55234375 0.05234375 0.0484375
0 0.39921875 0.60625 0.053125 0.0484375
0 0.4390625 0.54609375 0.05390625 0.0484375
1 0.7640625 0.6625 0.05390625 0.05
1 0.29375 0.35546875 0.0546875 0.05234375
0 0.54375 0.4 0.0546875 0.05
1 0.55625 0.24453125 0.05234375 0.0515625
1 0.8609375 0.4015625 0.053125 0.05078125
0 0.2890625 0.59921875 0.05234375 0.04765625
0 0.659375 0.4609375 0.05390625 0.04921875
1 0.3953125 0.346875 0.05234375 0.0515625
1 0.39765625 0.75078125 0.05390625 0.04921875
0 0.2875 0.54375 0.05390625 0.04921875
1 0.39921875 0.50390625 0.053125 0.05078125
1 0.4515625 0.30546875 0.053125 0.0515625
1 0.340625 0.5515625 0.053125 0.04921875
0 0.3421875 0.646875 0.05234375 0.0484375
1 0.7640625 0.2546875 0.0515625 0.0515625
0 0.60078125 0.45390625 0.053125 0.04921875
0 0.1875 0.60078125 0.0546875 0.0515625
1 0.71015625 0.709375 0.05234375 0.05
1 0.38359375 0.39921875 0.05078125 0.05
0 0.4484375 0.596875 0.05390625 0.04921875
1 0.1875 0.6546875 0.05390625 0.05078125
1 0.60625 0.65703125 0.0515625 0.0484375
0 0.4578125 0.69296875 0.0515625 0.046875
1 0.8078125 0.58984375 0.053125 0.0484375
0 0.659375 0.39921875 0.05390625 0.05
1 0.2828125 0.403125 0.0546875 0.0515625
1 0.60859375 0.7609375 0.05234375 0.0484375
1 0.39296875 0.25 0.05390625 0.05234375
1 0.715625 0.25078125 0.05390625 0.05234375
0 0.709375 0.40078125 0.05390625 0.05
0 0.50078125 0.34609375 0.0546875 0.05
1 0.609375 0.50078125 0.05234375 0.05
0 0.7671875 0.45234375 0.05390625 0.05078125
1 0.6609375 0.5078125 0.05234375 0.0484375
1 0.7171875 0.60859375 0.053125 0.05
0 0.3890625 0.6515625 0.05390625 0.0484375
0 0.50390625 0.6546875 0.05390625 0.04765625
0 0.55625 0.709375 0.05390625 0.0484375
1 0.2375 0.7484375 0.0546875 0.04921875
0 0.71171875 0.5109375 0.05390625 0.0484375
1 0.2875 0.7578125 0.0546875 0.04921875
0 0.7125 0.3 0.05390625 0.05078125
0 0.44375 0.359375 0.05390625 0.05078125
0 0.70859375 0.45078125 0.053125 0.05078125
1 0.709375 0.20078125 0.05234375 0.05
1 0.87265625 0.35078125 0.053125 0.0515625
1 0.3484375 0.8 0.05546875 0.05
1 0.5046875 0.80625 0.05546875 0.05
1 0.66953125 0.5953125 0.05390625 0.05078125
1 0.1875 0.55 0.05234375 0.05078125
1 0.66015625 0.19453125 0.053125 0.05078125
1 0.759375 0.20546875 0.05234375 0.05078125
1 0.45078125 0.253125 0.05390625 0.05234375
1 0.23125 0.40078125 0.05234375 0.0515625
1 0.86640625 0.596875 0.053125 0.04921875
1 0.5609375 0.30078125 0.05390625 0.05078125
0 0.50078125 0.2984375 0.05390625 0.04921875
0 0.29375 0.496875 0.0546875 0.05078125
0 0.76328125 0.30703125 0.053125 0.04921875
1 0.80859375 0.54296875 0.053125 0.04921875
0 0.3484375 0.7 0.053125 0.046875
1 0.5984375 0.19609375 0.053125 0.05
0 0.65859375 0.2484375 0.05390625 0.05234375
0 0.5515625 0.353125 0.053125 0.046875
1 0.81171875 0.49453125 0.05390625 0.04921875
1 0.91015625 0.41015625 0.05390625 0.05234375
0 0.75703125 0.70859375 0.05390625 0.05
0 0.23984375 0.7015625 0.05546875 0.0484375
1 0.86015625 0.74765625 0.0546875 0.0515625
0 0.50078125 0.75859375 0.05390625 0.046875
0 0.76171875 0.35546875 0.05390625 0.04921875
1 0.34140625 0.2515625 0.05234375 0.05234375
0 0.1859375 0.49140625 0.05546875 0.05078125
0 0.6046875 0.7140625 0.05390625 0.04609375
0 0.18828125 0.7046875 0.05625 0.05234375
0 0.45 0.74921875 0.05390625 0.04765625
1 0.9171875 0.459375 0.053125 0.053125
1 0.6140625 0.55625 0.053125 0.05
0 0.6609375 0.3 0.05234375 0.04921875
1 0.8640625 0.20546875 0.05390625 0.05234375
1 0.44921875 0.79765625 0.0546875 0.04765625
1 0.2875 0.31171875 0.05390625 0.053125
1 0.35 0.1953125 0.0546875 0.05390625
1 0.346875 0.1421875 0.0546875 0.05234375
0 0.55390625 0.7640625 0.05390625 0.046875
1 0.8109375 0.20234375 0.0515625 0.05078125
1 0.9203125 0.36328125 0.053125 0.05078125
1 0.81875 0.44921875 0.05234375 0.05
1 0.24375 0.24296875 0.0546875 0.053125
0 0.13671875 0.6453125 0.05546875 0.05078125
1 0.56171875 0.81015625 0.05390625 0.04921875
1 0.234375 0.79453125 0.05625 0.05
1 0.76484375 0.61640625 0.05234375 0.05
0 0.653125 0.1453125 0.053125 0.0515625
1 0.81328125 0.7640625 0.0546875 0.05
0 0.8140625 0.65703125 0.05390625 0.05078125
1 0.6578125 0.7125 0.053125 0.05
0 0.60859375 0.290625 0.05078125 0.04765625
1 0.60703125 0.24140625 0.0515625 0.05
1 0.3 0.446875 0.053125 0.05
0 0.2375 0.1953125 0.0546875 0.0515625
0 0.54609375 0.19765625 0.05390625 0.05078125
0 0.12734375 0.58828125 0.05546875 0.05078125
0 0.553125 0.15078125 0.05546875 0.05234375
0 0.6015625 0.146875 0.053125 0.04921875
0 0.18203125 0.7515625 0.05546875 0.04921875
1 0.34296875 0.353125 0.05234375 0.0515625
1 0.87265625 0.6984375 0.05390625 0.0515625
0 0.23515625 0.5 0.0578125 0.05234375
0 0.13125 0.53984375 0.05703125 0.0515625
0 0.1328125 0.759375 0.05625 0.05078125
1 0.87421875 0.2546875 0.053125 0.05234375
1 0.18125 0.80234375 0.05546875 0.0515625
0 0.70234375 0.15234375 0.05390625 0.0515625
1 0.29765625 0.85859375 0.05546875 0.0515625
1 0.496875 0.2015625 0.053125 0.05
0 0.86171875 0.55 0.05390625 0.0484375
0 0.2453125 0.45390625 0.05703125 0.05078125
0 0.23515625 0.35234375 0.0546875 0.0515625
0 0.5046875 0.25 0.0546875 0.05078125
1 0.3984375 0.8109375 0.05703125 0.04921875
0 0.2875 0.2 0.05625 0.05234375
1 0.91171875 0.50625 0.05234375 0.05078125
1 0.759375 0.80390625 0.0546875 0.0484375
0 0.81171875 0.3484375 0.05234375 0.05
0 0.1765625 0.34375 0.0546875 0.0515625
0 0.80859375 0.71015625 0.05390625 0.04921875
1 0.86015625 0.8 0.0546875 0.04921875
0 0.8234375 0.303125 0.05390625 0.05
0 0.23515625 0.30234375 0.05546875 0.0515625
0 0.8640625 0.6515625 0.0546875 0.05
1 0.39921875 0.09609375 0.0546875 0.053125
0 0.75234375 0.1578125 0.05390625 0.05078125
1 0.6984375 0.7671875 0.053125 0.0484375
0 0.503125 0.1 0.0546875 0.05078125
0 0.28984375 0.259375 0.05390625 0.05078125
0 0.86796875 0.45625 0.0546875 0.05234375
0 0.17890625 0.40234375 0.05390625 0.05078125
0 0.9171875 0.553125 0.0546875 0.0484375
1 0.915625 0.75390625 0.05390625 0.05
0 0.9171875 0.5984375 0.0546875 0.05
1 0.39921875 0.1421875 0.05390625 0.05078125
1 0.9125 0.20625 0.05234375 0.053125
0 0.81484375 0.24921875 0.05390625 0.05234375
0 0.55390625 0.1 0.05625 0.05390625
1 0.12734375 0.86015625 0.05390625 0.05078125
1 0.2875 0.14453125 0.0546875 0.05234375
1 0.925 0.309375 0.053125 0.05234375
0 0.75859375 0.75703125 0.05546875 0.04921875
0 0.08203125 0.7609375 0.0546875 0.05
0 0.234375 0.13828125 0.0546875 0.05234375
0 0.0703125 0.5890625 0.0546875 0.0515625
1 0.34921875 0.090625 0.0546875 0.053125
1 0.4515625 0.09609375 0.05390625 0.05234375
0 0.1359375 0.49296875 0.0546875 0.05
1 0.49453125 0.14609375 0.05390625 0.05078125
0 0.03125 0.65546875 0.05390625 0.05234375
0 0.4015625 0.19140625 0.05390625 0.05078125
0 0.8015625 0.1515625 0.05390625 0.0515625
0 0.91484375 0.6546875 0.05546875 0.0515625
0 0.875 0.303125 0.053125 0.05
1 0.8578125 0.85703125 0.0546875 0.05
0 0.12578125 0.80625 0.05703125 0.05078125
1 0.19296875 0.24140625 0.053125 0.05234375
1 0.909375 0.8125 0.05390625 0.04921875
1 0.9203125 0.15859375 0.05390625 0.05234375
0 0.709375 0.10625 0.05546875 0.05390625
0 0.0328125 0.70625 0.0546875 0.0515625
1 0.07890625 0.53671875 0.05234375 0.04921875
0 0.55703125 0.0453125 0.05390625 0.05078125
1 0.18671875 0.90859375 0.05546875 0.0515625
0 0.28828125 0.09140625 0.05625 0.05390625
0 0.8515625 0.15390625 0.0546875 0.05234375
0 0.18125 0.1953125 0.0546875 0.05
0 0.07421875 0.8640625 0.0546875 0.05078125
1 0.8609375 0.1015625 0.05234375 0.0546875
1 0.30234375 0.9078125 0.05546875 0.0515625
0 0.9703125 0.5453125 0.05546875 0.05
0 0.8109375 0.0984375 0.0546875 0.05390625
1 0.1328125 0.90546875 0.05546875 0.05234375
0 0.965625 0.49921875 0.05703125 0.05078125
1 0.66171875 0.046875 0.0515625 0.0515625
1 0.6125 0.0453125 0.05234375 0.0515625
0 0.5046875 0.04453125 0.05546875 0.0515625
0 0.02265625 0.5984375 0.0453125 0.05078125
1 0.50703125 0.86328125 0.05546875 0.05078125
0 0.234375 0.0875 0.05390625 0.0515625
1 0.9703125 0.353125 0.05234375 0.0515625
0 0.971875 0.75703125 0.05390625 0.05078125
0 0.971875 0.59140625 0.05390625 0.05078125
0 0.7640625 0.04765625 0.053125 0.053125
0 0.975 0.70703125 0.05 0.0484375
0 0.9671875 0.45078125 0.0546875 0.05078125
0 0.446875 0.046875 0.05390625 0.0515625
0 0.71171875 0.04609375 0.053125 0.053125
1 0.85859375 0.9046875 0.0546875 0.04921875
0 0.13671875 0.246875 0.05390625 0.05234375
0 0.0796875 0.91171875 0.05546875 0.05
1 0.81484375 0.04765625 0.053125 0.0515625
1 0.3375 0.0421875 0.05390625 0.053125
0 0.35234375 0.85703125 0.05390625 0.04765625
0 0.96953125 0.4046875 0.0546875 0.05234375
1 0.8671875 0.04296875 0.0515625 0.0515625
1 0.9671875 0.903125 0.05546875 0.04921875
1 0.39609375 0.040625 0.0546875 0.053125
1 0.971875 0.80546875 0.05390625 0.04921875
0 0.91484375 0.87421875 0.05625 0.04921875
1 0.9171875 0.04921875 0.053125 0.05234375
0 0.02265625 0.803125 0.0453125 0.046875
1 0.6546875 0.85703125 0.053125 0.04921875
0 0.75859375 0.8515625 0.05625 0.04921875
0 0.284375 0.03984375 0.0546875 0.053125
1 0.24765625 0.96015625 0.05546875 0.05078125
0 0.13671875 0.95625 0.059375 0.053125
0 0.1921875 0.96171875 0.05546875 0.0484375
1 0.9109375 0.94609375 0.05546875 0.05
0 0.0859375 0.9625 0.05625 0.05078125
1 0.303125 0.96328125 0.05546875 0.04921875
1 0.9703125 0.109375 0.05546875 0.0515625
1 0.96328125 0.953125 0.05546875 0.05
0 0.03359375 0.96328125 0.05703125 0.04921875
0 0.925 0.7015625 0.05078125 0.04453125