1 0.24375 0.396875 0.05078125 0.0484375
0 0.35 0.35078125 0.0515625 0.04921875
0 0.50625 0.29375 0.0515625 0.0484375
0 0.240625 0.496875 0.05390625 0.04921875
0 0.29375 0.23984375 0.0515625 0.05
0 0.40390625 0.39921875 0.05234375 0.04921875
0 0.453125 0.35390625 0.05234375 0.0484375
0 0.29765625 0.49453125 0.05390625 0.04921875
0 0.29375 0.296875 0.0515625 0.04921875
0 0.4015625 0.353125 0.05234375 0.0484375
0 0.5578125 0.290625 0.0515625 0.04921875
0 0.403125 0.446875 0.053125 0.04921875
0 0.6125 0.29296875 0.053125 0.0515625
0 0.34765625 0.19375 0.053125 0.05
1 0.2890625 0.3484375 0.0515625 0.0515625
0 0.659375 0.39609375 0.0515625 0.04921875
1 0.29140625 0.18125 0.05078125 0.05
0 0.7671875 0.39921875 0.05234375 0.04921875
0 0.55390625 0.3984375 0.0515625 0.04921875
0 0.60625 0.39375 0.05078125 0.0484375
0 0.65234375 0.33828125 0.05 0.04765625
0 0.8140625 0.3453125 0.05390625 0.05
0 0.40703125 0.54296875 0.05234375 0.04765625
0 0.4046875 0.4953125 0.053125 0.04921875
0 0.77109375 0.44765625 0.053125 0.04921875
0 0.66875 0.44765625 0.05234375 0.04921875
0 0.190625 0.4953125 0.053125 0.04921875
0 0.35625 0.5453125 0.05234375 0.0484375
0 0.35078125 0.59296875 0.053125 0.04921875
1 0.290625 0.446875 0.053125 0.05
0 0.39921875 0.19140625 0.053125 0.04921875
0 0.6125 0.190625 0.05234375 0.05078125
0 0.76171875 0.28671875 0.05078125 0.0484375
0 0.6640625 0.19375 0.0515625 0.04921875
0 0.71015625 0.28359375 0.05078125 0.04921875
0 0.4578125 0.54609375 0.0515625 0.046875
0 0.71796875 0.44296875 0.0515625 0.04921875
1 0.665625 0.2421875 0.05078125 0.04921875
0 0.7171875 0.234375 0.05234375 0.04765625
0 0.86640625 0.3375 0.05234375 0.05
0 0.3546875 0.640625 0.053125 0.05
0 0.3453125 0.24140625 0.053125 0.05078125
1 0.240625 0.54765625 0.053125 0.04921875
0 0.76796875 0.54453125 0.05234375 0.0484375
0 0.8171875 0.49375 0.05234375 0.05
0 0.40390625 0.69375 0.05390625 0.05
0 0.71171875 0.5359375 0.05234375 0.0484375
0 0.4078125 0.6453125 0.05390625 0.05
0 0.13828125 0.49296875 0.05390625 0.04921875
1 0.23828125 0.12890625 0.05 0.05078125
0 0.715625 0.48828125 0.05234375 0.04765625
0 0.4515625 0.24375 0.05234375 0.04921875
0 0.303125 0.64921875 0.053125 0.04921875
0 0.91796875 0.33515625 0.053125 0.0515625
0 0.55625 0.1875 0.053125 0.0515625
0 0.60859375 0.54140625 0.0515625 0.04921875
0 0.659375 0.5421875 0.0515625 0.0484375
0 0.6109375 0.59453125 0.0515625 0.0484375
0 0.5578125 0.5453125 0.05078125 0.04765625
0 0.81875 0.54765625 0.05234375 0.0484375
0 0.45546875 0.70078125 0.053125 0.05
1 0.925 0.440625 0.05234375 0.05
0 0.50859375 0.646875 0.05234375 0.04921875
1 0.340625 0.134375 0.05234375 0.05
0 0.08203125 0.49296875 0.05390625 0.0515625
0 0.61015625 0.1390625 0.053125 0.05
1 0.45 0.190625 0.05 0.04921875
1 0.29765625 0.5421875 0.05390625 0.05
0 0.39921875 0.7515625 0.0546875 0.05
0 0.615625 0.64609375 0.05234375 0.0484375
1 0.5046875 0.1984375 0.05078125 0.04921875
0 0.19140625 0.79296875 0.05390625 0.05
1 0.97578125 0.503125 0.0484375 0.05
0 0.1375 0.7953125 0.05546875 0.05234375
1 0.553125 0.240625 0.05078125 0.0515625
0 0.8140625 0.6421875 0.053125 0.04921875
0 0.4546875 0.753125 0.053125 0.05
1 0.6046875 0.23984375 0.0515625 0.0515625
1 0.50078125 0.1390625 0.05234375 0.04921875
0 0.50625 0.696875 0.05234375 0.04921875
1 0.971875 0.3390625 0.0515625 0.05
0 0.3921875 0.13828125 0.0546875 0.05
1 0.91953125 0.38984375 0.0515625 0.05
1 0.025 0.74921875 0.05 0.0515625
0 0.9171875 0.596875 0.05390625 0.05078125
0 0.24296875 0.80078125 0.05390625 0.0515625
0 0.0859375 0.7984375 0.0546875 0.0515625
1 0.97265625 0.38828125 0.0515625 0.04921875
0 0.91328125 0.2875 0.05390625 0.05
1 0.0796875 0.746875 0.05390625 0.0515625
1 0.96796875 0.5953125 0.05078125 0.04921875
1 0.55546875 0.1328125 0.0515625 0.0484375
0 0.7234375 0.75703125 0.0515625 0.05
1 0.8234375 0.44296875 0.0515625 0.0484375
1 0.34296875 0.696875 0.053125 0.0515625
0 0.60234375 0.85 0.053125 0.0515625
0 0.24453125 0.84921875 0.0546875 0.0484375
0 0.03046875 0.5 0.05234375 0.05078125
0 0.9234375 0.6453125 0.05390625 0.0515625
0 0.878125 0.70234375 0.053125 0.05
1 0.134375 0.7453125 0.0546875 0.05078125
1 0.82109375 0.396875 0.05078125 0.04921875
0 0.509375 0.80390625 0.05390625 0.05
0 0.8703125 0.646875 0.0546875 0.0515625
0 0.61796875 0.75078125 0.05546875 0.0515625
0 0.1390625 0.85234375 0.05546875 0.05078125
1 0.50234375 0.340625 0.05 0.04921875
0 0.5640625 0.80078125 0.05234375 0.04921875
0 0.0265625 0.80078125 0.053125 0.0515625
0 0.7203125 0.80390625 0.05234375 0.04921875
1 0.45859375 0.49609375 0.0515625 0.04921875
0 0.9359375 0.7015625 0.05390625 0.0515625
1 0.5109375 0.4390625 0.05234375 0.04921875
0 0.6671875 0.80078125 0.0515625 0.04921875
0 0.5109375 0.85625 0.053125 0.05078125
1 0.603125 0.34140625 0.05078125 0.04921875
0 0.61640625 0.80078125 0.053125 0.05
1 0.928125 0.54765625 0.05078125 0.0484375
1 0.8703125 0.396875 0.05078125 0.0484375
1 0.40234375 0.5984375 0.05234375 0.04921875
1 0.1859375 0.74375 0.05234375 0.05
1 0.55234375 0.33671875 0.0515625 0.05
1 0.4546875 0.403125 0.0515625 0.04921875
1 0.5609375 0.44921875 0.05078125 0.04921875
1 0.34765625 0.7484375 0.053125 0.05
0 0.6171875 0.9015625 0.05234375 0.05
0 0.50703125 0.90390625 0.05390625 0.05
0 0.25390625 0.89609375 0.0546875 0.04921875
0 0.9328125 0.746875 0.0546875 0.05
0 0.56171875 0.903125 0.05234375 0.0484375
1 0.5140625 0.49765625 0.05234375 0.05
1 0.7640625 0.6421875 0.05234375 0.04921875
0 0.20234375 0.9046875 0.0546875 0.05
1 0.9203125 0.50078125 0.0515625 0.05
1 0.6703125 0.640625 0.0515625 0.0484375
1 0.4578125 0.59296875 0.0515625 0.04921875
1 0.5046875 0.39140625 0.0515625 0.04921875
0 0.49921875 0.09140625 0.05390625 0.05078125
1 0.2375 0.75078125 0.0546875 0.05078125
1 0.86953125 0.53984375 0.053125 0.05
1 0.45546875 0.45078125 0.05234375 0.04921875
1 0.6109375 0.44453125 0.05078125 0.04921875
1 0.5640625 0.49609375 0.05078125 0.0484375
1 0.6140625 0.490625 0.05078125 0.0484375
0 0.9734375 0.28984375 0.053125 0.0515625
0 0.9359375 0.79921875 0.05390625 0.04921875
1 0.39296875 0.8 0.053125 0.04921875
1 0.290625 0.75078125 0.05390625 0.05078125
0 0.55546875 0.084375 0.053125 0.05078125
1 0.66484375 0.49453125 0.0515625 0.04921875
1 0.296875 0.8 0.053125 0.05
0 0.97578125 0.64296875 0.0484375 0.0515625
1 0.45859375 0.64140625 0.0515625 0.04921875
1 0.67421875 0.909375 0.0515625 0.0515625
1 0.82734375 0.68828125 0.0515625 0.0484375
0 0.934375 0.86015625 0.05546875 0.05234375
0 0.090625 0.9 0.0546875 0.05078125
1 0.86875 0.4921875 0.0515625 0.04765625
1 0.7125 0.69453125 0.0515625 0.05078125
1 0.7640625 0.703125 0.0515625 0.05
0 0.978125 0.75078125 0.04375 0.0484375
1 0.7765625 0.8015625 0.0515625 0.0484375
1 0.50859375 0.59296875 0.05078125 0.04921875
1 0.66328125 0.59296875 0.0515625 0.05
1 0.71171875 0.8625 0.0515625 0.05078125
1 0.71484375 0.58671875 0.0515625 0.05
1 0.28828125 0.95625 0.053125 0.05078125
1 0.7671875 0.59296875 0.05234375 0.04921875
1 0.4515625 0.85390625 0.053125 0.05078125
1 0.559375 0.63984375 0.05 0.0484375
1 0.5609375 0.590625 0.05078125 0.04921875
1 0.50859375 0.54375 0.05078125 0.05
1 0.6625 0.971875 0.05234375 0.0515625
1 0.778125 0.8515625 0.05234375 0.04921875
1 0.87421875 0.96015625 0.0546875 0.0515625
1 0.4546875 0.95703125 0.053125 0.05
1 0.559375 0.703125 0.0515625 0.05
1 0.87421875 0.753125 0.05234375 0.04921875
1 0.7765625 0.7484375 0.0515625 0.04921875
1 0.5125 0.7515625 0.05234375 0.05
1 0.3515625 0.85078125 0.053125 0.05078125
0 0.03203125 0.896875 0.05390625 0.0515625
1 0.86640625 0.58515625 0.05234375 0.04921875
1 0.8171875 0.59453125 0.0515625 0.0484375
1 0.2984375 0.85 0.0515625 0.05
1 0.30234375 0.9109375 0.053125 0.05
1 0.83125 0.8453125 0.05234375 0.04921875
1 0.67109375 0.746875 0.0515625 0.05
1 0.87890625 0.90390625 0.0546875 0.05078125
1 0.61015625 0.7015625 0.0515625 0.05
1 0.6625 0.8515625 0.05234375 0.05078125
0 0.6109375 0.9546875 0.05234375 0.05
1 0.353125 0.90546875 0.05390625 0.05078125
1 0.45546875 0.909375 0.053125 0.05078125
1 0.884375 0.80390625 0.05234375 0.05
1 0.6609375 0.69609375 0.05078125 0.05078125
0 0.93046875 0.9078125 0.0546875 0.0484375
0 0.51171875 0.9515625 0.053125 0.05
1 0.88359375 0.8546875 0.0515625 0.05078125
1 0.4046875 0.90703125 0.05234375 0.05
1 0.4546875 0.803125 0.05234375 0.04921875
1 0.56328125 0.7515625 0.05078125 0.04921875
0 0.97890625 0.86015625 0.0421875 0.0484375
0 0.925 0.95546875 0.0546875 0.04921875