1 0.8140625 0.56875 0.06484375 0.06015625
0 0.20625 0.5671875 0.0625 0.05625
1 0.8921875 0.49140625 0.0671875 0.059375
1 0.7265625 0.57421875 0.06875 0.06015625
0 0.2828125 0.709375 0.06328125 0.05625
0 0.28984375 0.628125 0.0625 0.05546875
0 0.196875 0.421875 0.06328125 0.0578125
0 0.1328125 0.503125 0.06171875 0.05625
1 0.72734375 0.7921875 0.06796875 0.06015625
1 0.8046875 0.4203125 0.06796875 0.05859375
0 0.3453125 0.5640625 0.06328125 0.05546875
0 0.27421875 0.48984375 0.06328125 0.05625
0 0.42109375 0.7078125 0.06328125 0.05546875
1 0.72421875 0.4859375 0.06875 0.059375
0 0.1265625 0.784375 0.06328125 0.05859375
1 0.56484375 0.49296875 0.0640625 0.0578125
0 0.4984375 0.778125 0.06328125 0.05625
1 0.64765625 0.484375 0.06484375 0.05859375
1 0.73515625 0.3453125 0.0671875 0.0578125
1 0.503125 0.56015625 0.06484375 0.0578125
0 0.35390625 0.7828125 0.0625 0.05625
1 0.5125 0.69609375 0.065625 0.059375
0 0.19921875 0.3421875 0.0625 0.05859375
0 0.271875 0.35625 0.0640625 0.05703125
1 0.65234375 0.70546875 0.065625 0.05859375
1 0.571875 0.78046875 0.06640625 0.0609375
0 0.43515625 0.571875 0.0640625 0.05625
1 0.95859375 0.4203125 0.0671875 0.059375
0 0.2 0.78828125 0.0625 0.0578125
1 0.578125 0.70390625 0.065625 0.05859375
1 0.34609375 0.35703125 0.065625 0.0578125
0 0.43125 0.6359375 0.06328125 0.05703125
1 0.6515625 0.6375 0.0671875 0.059375
1 0.653125 0.35078125 0.065625 0.05859375
0 0.35 0.42890625 0.0640625 0.05703125
1 0.50859375 0.6375 0.065625 0.05859375
1 0.64375 0.775 0.065625 0.0578125
0 0.34453125 0.4984375 0.0640625 0.0578125
1 0.56640625 0.3453125 0.06484375 0.059375
0 0.27890625 0.8515625 0.06328125 0.05703125
0 0.884375 0.35625 0.06484375 0.059375
0 0.80234375 0.3453125 0.06484375 0.0578125
0 0.49921875 0.4890625 0.06328125 0.05625
0 0.19921875 0.275 0.06328125 0.059375
0 0.19453125 0.853125 0.0625 0.05703125
1 0.51015625 0.4296875 0.065625 0.05703125
1 0.440625 0.3484375 0.065625 0.059375
1 0.50625 0.36328125 0.065625 0.0578125
1 0.66640625 0.86640625 0.06640625 0.059375
0 0.421875 0.859375 0.06171875 0.05546875
0 0.053125 0.853125 0.06328125 0.05859375
0 0.73046875 0.8703125 0.0640625 0.059375
1 0.96171875 0.278125 0.06640625 0.059375
1 0.26953125 0.27578125 0.06328125 0.0578125
0 0.88671875 0.42421875 0.065625 0.0609375
0 0.8734375 0.27109375 0.06484375 0.059375
0 0.43203125 0.42578125 0.0640625 0.05703125
0 0.61875 0.82734375 0.0640625 0.0578125
1 0.3421875 0.28515625 0.0640625 0.05703125
1 0.57265625 0.209375 0.06484375 0.05859375
0 0.35859375 0.8546875 0.06328125 0.05546875
1 0.6546875 0.2796875 0.065625 0.0578125
1 0.41796875 0.2046875 0.065625 0.05625
1 0.80390625 0.26953125 0.06640625 0.059375
1 0.86640625 0.19453125 0.06328125 0.05703125
1 0.34609375 0.20625 0.0640625 0.05703125
0 0.43203125 0.4921875 0.0640625 0.0578125
0 0.50625 0.928125 0.0640625 0.0578125
1 0.64453125 0.2046875 0.0640625 0.05625
0 0.7234375 0.20859375 0.06484375 0.0578125
0 0.57578125 0.928125 0.06328125 0.0578125
1 0.428125 0.2890625 0.065625 0.05703125
0 0.20078125 0.209375 0.06328125 0.05859375
1 0.80234375 0.196875 0.0640625 0.0578125
1 0.428125 0.13515625 0.0640625 0.05546875
0 0.96015625 0.21171875 0.06484375 0.059375
1 0.65 0.9234375 0.065625 0.059375
0 0.26484375 0.19296875 0.06484375 0.0578125
1 0.721875 0.14453125 0.065625 0.05703125
1 0.6578125 0.11328125 0.06484375 0.05703125
1 0.79609375 0.1328125 0.06484375 0.059375
0 0.73046875 0.93671875 0.06328125 0.05625
1 0.5671875 0.146875 0.06484375 0.05703125
0 0.8796875 0.13515625 0.065625 0.059375
0 0.04453125 0.93125 0.0640625 0.05703125
1 0.41171875 0.06171875 0.06328125 0.0578125