0 0.2828125 0.71953125 0.0640625 0.0640625
1 0.5046875 0.34921875 0.06640625 0.0640625
1 0.4140625 0.27421875 0.06640625 0.065625
1 0.4359375 0.18984375 0.06484375 0.0640625
0 0.28671875 0.6484375 0.0625 0.06015625
1 0.6546875 0.421875 0.065625 0.06328125
0 0.2140625 0.8609375 0.0609375 0.05859375
0 0.346875 0.49765625 0.06171875 0.06015625
0 0.5078125 0.6546875 0.0609375 0.05859375
1 0.440625 0.11640625 0.065625 0.06328125
0 0.0703125 0.440625 0.06171875 0.06328125
1 0.64609375 0.12421875 0.06484375 0.06328125
0 0.41875 0.49921875 0.06171875 0.059375
0 0.26640625 0.41796875 0.0640625 0.0625
0 0.503125 0.7328125 0.06171875 0.0578125
1 0.7203125 0.26796875 0.0671875 0.06875
0 0.371875 0.86171875 0.06015625 0.059375
0 0.14921875 0.78203125 0.0625 0.0609375
0 0.05625 0.8875 0.06015625 0.06015625
1 0.2921875 0.12578125 0.0640625 0.0625
1 0.72734375 0.4265625 0.065625 0.0640625
0 0.05546875 0.36640625 0.059375 0.06015625
0 0.58046875 0.7890625 0.0625 0.0578125
0 0.49609375 0.43203125 0.0625 0.059375
0 0.290625 0.8015625 0.0609375 0.05859375
1 0.37578125 0.196875 0.0640625 0.06328125
1 0.57890625 0.409375 0.06328125 0.06171875
0 0.2203125 0.215625 0.06171875 0.0609375
0 0.5046875 0.79609375 0.06171875 0.0578125
0 0.3421875 0.27109375 0.0609375 0.0609375
0 0.13984375 0.928125 0.0609375 0.05859375
0 0.06875 0.22890625 0.06171875 0.0625
1 0.51484375 0.04609375 0.0640625 0.06171875
0 0.42578125 0.34921875 0.06484375 0.0609375
1 0.86015625 0.35546875 0.065625 0.06484375
0 0.0671875 0.72421875 0.06015625 0.059375
0 0.584375 0.66015625 0.06015625 0.05859375
0 0.21875 0.1515625 0.06328125 0.059375
0 0.0671875 0.1359375 0.06171875 0.06328125
1 0.875 0.79375 0.06484375 0.0640625
0 0.2890625 0.353125 0.06015625 0.059375
0 0.28671875 0.04921875 0.06484375 0.06328125
0 0.27265625 0.575 0.0609375 0.059375
0 0.06484375 0.3046875 0.06015625 0.059375
1 0.72265625 0.8640625 0.065625 0.0625
1 0.72265625 0.71796875 0.065625 0.0625
0 0.06640625 0.6515625 0.0609375 0.0578125
1 0.65859375 0.86640625 0.06328125 0.06171875
0 0.06875 0.590625 0.0609375 0.05859375
1 0.6515625 0.73046875 0.0625 0.059375
0 0.04765625 0.78203125 0.06015625 0.059375
0 0.0671875 0.51484375 0.0609375 0.06015625
0 0.20703125 0.8015625 0.0609375 0.05859375
0 0.5046875 0.57890625 0.06015625 0.0578125
0 0.43203125 0.8640625 0.06328125 0.059375
0 0.590625 0.73125 0.0625 0.05859375
0 0.57265625 0.58203125 0.06015625 0.05703125
0 0.49453125 0.50703125 0.06015625 0.05859375
0 0.26640625 0.50234375 0.0609375 0.0609375
0 0.49375 0.85625 0.06171875 0.05703125
0 0.2640625 0.2671875 0.06015625 0.0609375
0 0.5734375 0.85703125 0.0625 0.05703125
0 0.57734375 0.93046875 0.0625 0.059375
0 0.43125 0.93203125 0.0625 0.05859375
0 0.29609375 0.934375 0.06015625 0.05703125
0 0.146875 0.05859375 0.0609375 0.06171875
0 0.08671875 0.05859375 0.0609375 0.0625
0 0.215625 0.05703125 0.06171875 0.0625
0 0.359375 0.12421875 0.06328125 0.0609375
0 0.35625 0.04609375 0.06171875 0.0609375
1 0.29453125 0.20390625 0.0609375 0.06171875
1 0.8671875 0.50703125 0.06484375 0.0625
1 0.7171875 0.35234375 0.0640625 0.0625
1 0.79609375 0.49765625 0.0640625 0.06171875
1 0.7796875 0.2046875 0.0640625 0.06015625
1 0.64921875 0.58125 0.0640625 0.0609375
1 0.64140625 0.26953125 0.06171875 0.06171875
1 0.784375 0.34765625 0.06328125 0.06171875
1 0.57421875 0.26796875 0.0625 0.0625
1 0.5078125 0.27421875 0.0625 0.06171875
1 0.72578125 0.50703125 0.06484375 0.0625
1 0.8640625 0.21015625 0.06328125 0.06171875
1 0.590625 0.503125 0.0609375 0.059375
1 0.71953125 0.059375 0.06328125 0.06171875
1 0.72734375 0.58125 0.0640625 0.06171875
1 0.7859375 0.05625 0.06171875 0.0609375
1 0.728125 0.13984375 0.06328125 0.06015625
1 0.575 0.196875 0.0625 0.06015625
1 0.928125 0.50625 0.0609375 0.0625
1 0.85546875 0.1265625 0.06328125 0.06171875
1 0.5828125 0.05234375 0.0625 0.06015625
1 0.8609375 0.05078125 0.06328125 0.0625
1 0.85390625 0.275 0.0640625 0.0625
1 0.8 0.65078125 0.06328125 0.0609375
1 0.87265625 0.56484375 0.0640625 0.06171875
1 0.44921875 0.04296875 0.0625 0.06171875
1 0.72578125 0.65390625 0.065625 0.06328125
1 0.86796875 0.72578125 0.06484375 0.0625
1 0.8734375 0.65234375 0.0640625 0.06328125
1 0.86875 0.43125 0.0640625 0.06171875
1 0.6453125 0.6578125 0.06328125 0.0609375
1 0.86875 0.86640625 0.0625 0.0609375
1 0.728125 0.790625 0.06484375 0.0609375
1 0.79765625 0.86171875 0.06015625 0.06015625
1 0.64765625 0.78828125 0.0640625 0.06015625
1 0.7125 0.928125 0.0640625 0.06171875
1 0.64921875 0.9375 0.0625 0.0609375
1 0.859375 0.9375 0.0640625 0.0609375
1 0.934375 0.93671875 0.06328125 0.06171875