1 0.496875 0.790625 0.05625 0.05078125
0 0.16640625 0.46640625 0.053125 0.0484375
1 0.83125 0.8375 0.05703125 0.05390625
0 0.17578125 0.16796875 0.05078125 0.04765625
1 0.46328125 0.49765625 0.053125 0.0515625
0 0.1546875 0.72734375 0.05390625 0.0515625
0 0.23671875 0.1234375 0.05078125 0.0484375
1 0.825 0.575 0.05546875 0.05234375
1 0.8796875 0.57890625 0.05546875 0.05234375
1 0.50078125 0.4578125 0.05390625 0.0515625
0 0.21796875 0.78046875 0.05390625 0.0515625
1 0.878125 0.15390625 0.05390625 0.05
0 0.378125 0.88671875 0.05390625 0.05078125
0 0.71875 0.4625 0.05390625 0.04921875
1 0.92890625 0.51015625 0.0546875 0.05234375
1 0.48828125 0.10546875 0.05234375 0.05078125
1 0.77265625 0.459375 0.05390625 0.0515625
0 0.7703125 0.51953125 0.0546875 0.05
1 0.82421875 0.5078125 0.0546875 0.05234375
0 0.86875 0.41328125 0.0546875 0.0515625
0 0.934375 0.45859375 0.0546875 0.05234375
0 0.8265625 0.4609375 0.0546875 0.04921875
0 0.8765625 0.515625 0.0546875 0.0515625
0 0.88203125 0.46953125 0.05546875 0.05