0 0.46640625 0.65078125 0.046875 0.0546875
1 0.2953125 0.5875 0.05078125 0.0546875
0 0.5046875 0.590625 0.04765625 0.05390625
1 0.24765625 0.5453125 0.05078125 0.05625
0 0.45703125 0.553125 0.0484375 0.0546875
1 0.34453125 0.59453125 0.0515625 0.0546875
1 0.19140625 0.54296875 0.0515625 0.05546875
1 0.28828125 0.7 0.05 0.053125
0 0.403125 0.48671875 0.04765625 0.053125
1 0.24375 0.64375 0.05234375 0.05625
1 0.1453125 0.6 0.053125 0.05859375
1 0.33671875 0.696875 0.0515625 0.05390625
1 0.33828125 0.74921875 0.0515625 0.0546875
1 0.25859375 0.75078125 0.0515625 0.05625
0 0.49296875 0.475 0.05 0.05625
1 0.6578125 0.59609375 0.05078125 0.0546875
1 0.3984375 0.79453125 0.053125 0.05625
1 0.54765625 0.74140625 0.05078125 0.05390625
1 0.09765625 0.6390625 0.0515625 0.05546875
1 0.2578125 0.484375 0.05078125 0.0546875
1 0.35 0.79609375 0.0515625 0.05546875
1 0.09375 0.49453125 0.05234375 0.05703125
1 0.1359375 0.54921875 0.05234375 0.0546875
1 0.8 0.6046875 0.0515625 0.0546875
1 0.08828125 0.546875 0.05234375 0.05703125
0 0.5046875 0.69609375 0.04921875 0.0515625
0 0.453125 0.79140625 0.05 0.05390625
1 0.15625 0.79140625 0.05234375 0.05703125
1 0.103125 0.696875 0.05 0.05546875
0 0.4015625 0.5859375 0.04765625 0.0515625
1 0.45703125 0.3328125 0.05 0.0546875
1 0.10546875 0.75078125 0.05234375 0.05703125
1 0.45078125 0.85 0.0515625 0.05546875
1 0.29921875 0.79296875 0.05078125 0.05546875
0 0.19765625 0.490625 0.05078125 0.0546875
0 0.33984375 0.53984375 0.04921875 0.05546875
1 0.05546875 0.6921875 0.05234375 0.059375
1 0.04296875 0.5921875 0.0515625 0.05859375
1 0.25078125 0.803125 0.0515625 0.05625
1 0.7578125 0.65390625 0.0515625 0.05625
0 0.1046875 0.33515625 0.04765625 0.0546875
1 0.2046875 0.7984375 0.05234375 0.05703125
0 0.46171875 0.4390625 0.0484375 0.05546875
1 0.253125 0.8546875 0.0515625 0.05546875
1 0.5546875 0.7984375 0.05078125 0.05546875
1 0.09296875 0.4421875 0.0515625 0.0546875
1 0.19609375 0.6921875 0.0515625 0.05546875
1 0.7984375 0.7546875 0.053125 0.05859375
0 0.3921875 0.74296875 0.05 0.05234375
1 0.64375 0.83984375 0.0515625 0.05625
1 0.85078125 0.6890625 0.05234375 0.05859375
1 0.403125 0.2859375 0.0515625 0.0546875
0 0.60859375 0.59140625 0.0484375 0.0515625
0 0.36015625 0.440625 0.0484375 0.05234375
1 0.60078125 0.90546875 0.05234375 0.05625
0 0.246875 0.271875 0.05 0.05625
1 0.1109375 0.809375 0.0515625 0.0578125
0 0.553125 0.63828125 0.0453125 0.04921875
0 0.303125 0.48359375 0.0484375 0.0515625
1 0.85390625 0.7578125 0.05390625 0.06015625
1 0.5984375 0.7484375 0.05234375 0.05625
0 0.20703125 0.3765625 0.0515625 0.05546875
1 0.85390625 0.8140625 0.05390625 0.05859375
0 0.30703125 0.2828125 0.0484375 0.05390625
1 0.51640625 0.9046875 0.0515625 0.05625
1 0.60859375 0.64296875 0.05 0.0515625
0 0.1546875 0.27890625 0.04921875 0.05546875
1 0.3421875 0.6453125 0.0515625 0.0546875
0 0.16796875 0.40546875 0.0515625 0.05625
1 0.8578125 0.6390625 0.05234375 0.05625
1 0.0625 0.80625 0.0515625 0.05703125
0 0.25 0.43515625 0.04921875 0.0515625
0 0.49453125 0.7484375 0.04765625 0.0515625
1 0.70078125 0.85390625 0.053125 0.05859375
1 0.90546875 0.75 0.05078125 0.0578125
0 0.396875 0.6875 0.05 0.0515625
1 0.75078125 0.79921875 0.05 0.05625
1 0.409375 0.33515625 0.05078125 0.0546875
0 0.5984375 0.4890625 0.04921875 0.05390625
1 0.71015625 0.75078125 0.0515625 0.05625
0 0.3921875 0.6359375 0.04921875 0.05
1 0.60625 0.8015625 0.05078125 0.05703125
1 0.94609375 0.6953125 0.05390625 0.0609375
1 0.64921875 0.909375 0.0515625 0.0546875
0 0.15390625 0.33671875 0.05234375 0.05703125
0 0.09453125 0.3890625 0.04921875 0.05546875
1 0.24453125 0.90546875 0.05390625 0.05703125
1 0.75625 0.853125 0.053125 0.059375
0 0.29453125 0.53125 0.04921875 0.05546875
1 0.853125 0.8671875 0.05078125 0.05625
0 0.5015625 0.796875 0.0484375 0.0515625
1 0.80703125 0.86328125 0.053125 0.05625
0 0.14296875 0.4953125 0.0515625 0.05546875
1 0.9484375 0.58984375 0.0515625 0.0546875
0 0.55234375 0.6875 0.04765625 0.05234375
0 0.34765625 0.859375 0.04921875 0.0546875
1 0.953125 0.74765625 0.05 0.05625
1 0.809375 0.9125 0.053125 0.05625
0 0.04765625 0.384375 0.05 0.0546875
1 0.4015625 0.1828125 0.053125 0.05390625
0 0.09921875 0.22734375 0.05078125 0.05703125
1 0.89765625 0.34453125 0.05234375 0.059375
0 0.04375 0.28515625 0.0515625 0.059375
0 0.25078125 0.3296875 0.05078125 0.05390625
1 0.03984375 0.53984375 0.05078125 0.05703125
0 0.39765625 0.89609375 0.05 0.0515625
0 0.29609375 0.89765625 0.05 0.053125
0 0.4546875 0.90703125 0.04921875 0.05234375
1 0.0421875 0.43671875 0.05234375 0.05859375
1 0.94453125 0.8515625 0.053125 0.0578125
0 0.04375 0.18046875 0.05078125 0.05859375
0 0.34765625 0.946875 0.04921875 0.05390625
1 0.403125 0.84609375 0.05078125 0.05546875
0 0.49765625 0.85078125 0.04921875 0.05390625
0 0.5 0.38671875 0.04921875 0.05625
1 0.9546875 0.3859375 0.0515625 0.05234375
1 0.903125 0.9125 0.053125 0.0578125
0 0.1796875 0.22578125 0.05234375 0.0609375
0 0.05703125 0.859375 0.0515625 0.05625
1 0.70234375 0.90703125 0.0515625 0.05546875
0 0.3546875 0.38359375 0.04921875 0.05390625
1 0.95 0.33203125 0.05234375 0.05703125
0 0.15625 0.84609375 0.05078125 0.05703125
0 0.3015625 0.846875 0.0515625 0.05546875
1 0.54453125 0.85625 0.05078125 0.05546875
1 0.50625 0.95390625 0.0515625 0.05703125
0 0.24921875 0.071875 0.04765625 0.04921875
0 0.10625 0.8609375 0.05 0.05546875
0 0.1953125 0.90546875 0.05078125 0.05625
0 0.20390625 0.85078125 0.0515625 0.05703125
1 0.6 0.959375 0.05078125 0.05546875
0 0.24375 0.125 0.05078125 0.05625
1 0.5515625 0.96328125 0.0515625 0.0546875
0 0.9390625 0.28359375 0.05234375 0.059375
0 0.89296875 0.28515625 0.05390625 0.05859375
0 0.4 0.9484375 0.04921875 0.053125
0 0.1 0.9171875 0.04921875 0.0546875
1 0.4578125 0.9609375 0.0515625 0.05625
0 0.09765625 0.11953125 0.04765625 0.053125
1 0.70703125 0.96015625 0.053125 0.05703125
0 0.146875 0.07421875 0.04921875 0.05703125
0 0.2578125 0.95546875 0.04765625 0.0515625
0 0.1515625 0.1796875 0.05 0.05390625
0 0.1453125 0.9078125 0.04921875 0.05390625
0 0.1 0.0359375 0.04765625 0.05390625
0 0.29609375 0.02265625 0.04765625 0.0453125
0 0.04453125 0.059375 0.04921875 0.05625
0 0.20078125 0.02421875 0.0484375 0.0484375
1 0.85078125 0.9546875 0.05234375 0.05703125
1 0.70234375 0.8 0.05234375 0.05546875
1 0.96015625 0.07890625 0.0515625 0.0578125
1 0.5578125 0.025 0.05078125 0.05
0 0.3453125 0.03046875 0.04921875 0.0515625
1 0.75625 0.95703125 0.05234375 0.05625
0 0.5078125 0.025 0.04765625 0.04765625
1 0.953125 0.94453125 0.05390625 0.05859375
1 0.7578125 0.0265625 0.05078125 0.053125
1 0.65703125 0.02265625 0.04921875 0.0453125
1 0.9578125 0.02578125 0.05234375 0.0515625
0 0.21171875 0.9546875 0.0484375 0.0375
1 0.89765625 0.5328125 0.05 0.0546875
1 0.65703125 0.17734375 0.04765625 0.05
0 0.5859375 0.43984375 0.0453125 0.0484375
0 0.13984375 0.4453125 0.04375 0.04921875
0 0.25703125 0.38203125 0.046875 0.0515625
0 0.3046875 0.3796875 0.046875 0.05625
0 0.40390625 0.38828125 0.0453125 0.05234375
0 0.453125 0.38671875 0.04609375 0.053125
0 0.3546875 0.33515625 0.04453125 0.046875
0 0.35390625 0.28359375 0.04609375 0.05234375
0 0.10234375 0.17421875 0.04609375 0.05078125
0 0.14765625 0.128125 0.0515625 0.0484375
0 0.2 0.178125 0.04375 0.0515625
0 0.246875 0.18125 0.0484375 0.0578125
0 0.30078125 0.1125 0.0453125 0.05703125
0 0.296875 0.17421875 0.04609375 0.05625
0 0.34296875 0.084375 0.04609375 0.05078125
0 0.34765625 0.13515625 0.0484375 0.05390625
0 0.34375 0.18671875 0.04609375 0.0484375
0 0.3578125 0.23359375 0.04609375 0.05
0 0.39765625 0.13203125 0.04921875 0.05
0 0.39609375 0.075 0.0453125 0.04921875
0 0.39609375 0.025 0.0484375 0.04765625
0 0.453125 0.02578125 0.0484375 0.0515625
0 0.5046875 0.07734375 0.04765625 0.0484375
0 0.45390625 0.2328125 0.046875 0.04921875
0 0.5015625 0.23125 0.04609375 0.04921875
0 0.453125 0.28359375 0.04453125 0.04921875
0 0.49921875 0.28046875 0.04375 0.04765625
0 0.50703125 0.3328125 0.04765625 0.053125
0 0.56015625 0.28046875 0.04609375 0.05234375
0 0.55625 0.33359375 0.04609375 0.0515625
0 0.5484375 0.38828125 0.046875 0.0546875
0 0.5390625 0.4421875 0.0484375 0.053125
0 0.56015625 0.54765625 0.046875 0.05546875
0 0.60703125 0.5421875 0.04765625 0.05
0 0.65546875 0.53359375 0.04921875 0.05390625
0 0.65078125 0.48046875 0.05 0.04921875
0 0.70078125 0.484375 0.04765625 0.05
0 0.6890625 0.434375 0.04609375 0.05078125
0 0.63359375 0.43125 0.04765625 0.05
0 0.59921875 0.3875 0.04609375 0.05078125
0 0.74140625 0.43828125 0.046875 0.0515625
0 0.7015625 0.384375 0.0484375 0.05
0 0.75234375 0.3875 0.04765625 0.04921875
0 0.60859375 0.33984375 0.04453125 0.04765625
0 0.60625 0.2890625 0.04609375 0.0515625
0 0.653125 0.278125 0.04453125 0.0484375
0 0.70078125 0.2765625 0.04609375 0.05390625
0 0.74921875 0.28125 0.04765625 0.053125
0 0.79609375 0.2828125 0.04453125 0.05234375
0 0.84375 0.2984375 0.0484375 0.04921875
1 0.40546875 0.234375 0.0484375 0.046875
1 0.45546875 0.07734375 0.046875 0.05234375
1 0.459375 0.12890625 0.04765625 0.05234375
1 0.453125 0.18203125 0.05 0.05
1 0.50625 0.128125 0.046875 0.05078125
1 0.50546875 0.1796875 0.04609375 0.0515625
1 0.5625 0.07578125 0.04921875 0.05
1 0.5546875 0.1265625 0.05078125 0.04921875
1 0.553125 0.17734375 0.05 0.0484375
1 0.55 0.2296875 0.046875 0.0515625
1 0.596875 0.23828125 0.046875 0.0515625
1 0.64453125 0.22734375 0.04609375 0.0515625
1 0.6984375 0.2234375 0.04609375 0.053125
1 0.61015625 0.0796875 0.04609375 0.053125
1 0.60546875 0.13359375 0.04453125 0.05546875
1 0.65703125 0.071875 0.0484375 0.05078125
1 0.65390625 0.12578125 0.0515625 0.0515625
1 0.7125 0.06796875 0.046875 0.05703125
1 0.70546875 0.1296875 0.04453125 0.0546875
1 0.75390625 0.1234375 0.0484375 0.05546875
1 0.75 0.175 0.0484375 0.05078125
1 0.7484375 0.228125 0.05 0.053125
1 0.8046875 0.07578125 0.04765625 0.05078125
1 0.80234375 0.12734375 0.04765625 0.05
1 0.79921875 0.17890625 0.04765625 0.05078125
1 0.803125 0.2296875 0.04765625 0.05078125
1 0.85546875 0.02578125 0.04921875 0.0515625
1 0.90390625 0.025 0.046875 0.04921875
1 0.8546875 0.08046875 0.04921875 0.0546875
1 0.91328125 0.0796875 0.046875 0.05234375
1 0.84765625 0.146875 0.0484375 0.053125
1 0.9015625 0.13046875 0.04765625 0.05
1 0.84296875 0.2 0.04609375 0.05078125
1 0.8546875 0.2484375 0.04765625 0.05
1 0.89296875 0.1828125 0.046875 0.0515625
1 0.9421875 0.17109375 0.0515625 0.0546875
1 0.89921875 0.23125 0.04609375 0.05078125
1 0.94765625 0.2234375 0.04921875 0.0546875
1 0.6515625 0.38046875 0.0484375 0.0515625
1 0.6546875 0.32890625 0.04765625 0.05390625
1 0.7015625 0.33125 0.04609375 0.0546875
1 0.75 0.33515625 0.0484375 0.053125
1 0.80078125 0.3390625 0.04375 0.053125
1 0.846875 0.3484375 0.046875 0.05390625
1 0.81171875 0.39296875 0.04921875 0.0546875
1 0.86015625 0.39921875 0.0484375 0.0546875
1 0.78984375 0.44453125 0.0484375 0.05390625
1 0.89609375 0.43203125 0.046875 0.05390625
1 0.9421875 0.434375 0.0484375 0.053125
1 0.95078125 0.48515625 0.04765625 0.05
1 0.94765625 0.5375 0.04921875 0.05078125
1 0.903125 0.48359375 0.04609375 0.05078125
1 0.74765625 0.4921875 0.04765625 0.0515625
1 0.809375 0.49765625 0.046875 0.0546875
1 0.8578125 0.49921875 0.04765625 0.05234375
1 0.70546875 0.5359375 0.04921875 0.0515625
1 0.7546875 0.5453125 0.04765625 0.05625
1 0.803125 0.55234375 0.04609375 0.053125
1 0.8515625 0.5515625 0.04765625 0.053125
1 0.89765625 0.584375 0.0484375 0.053125
1 0.70625 0.58671875 0.046875 0.0515625
1 0.70234375 0.64765625 0.04765625 0.053125
1 0.6046875 0.69609375 0.046875 0.0515625
1 0.6515625 0.69375 0.04765625 0.053125
1 0.6984375 0.70078125 0.04609375 0.053125
1 0.7453125 0.7078125 0.04609375 0.05390625
1 0.79375 0.69375 0.04921875 0.0546875
1 0.9046875 0.64921875 0.04609375 0.0546875
1 0.953125 0.6390625 0.04921875 0.05234375
1 0.89921875 0.80625 0.04609375 0.04921875
1 0.65078125 0.7453125 0.05078125 0.0515625