1 0.30078125 0.5328125 0.0421875 0.04140625
0 0.40078125 0.4859375 0.03828125 0.03828125
1 0.3890625 0.5921875 0.04453125 0.04140625
0 0.2515625 0.3828125 0.03984375 0.0375
0 0.584375 0.54453125 0.03984375 0.03828125
0 0.49375 0.628125 0.040625 0.03828125
1 0.64296875 0.4390625 0.04375 0.04140625
0 0.34765625 0.43515625 0.040625 0.03984375
0 0.45703125 0.48125 0.03828125 0.0390625
0 0.59375 0.48515625 0.03984375 0.03828125
1 0.60234375 0.38984375 0.04453125 0.040625
0 0.4953125 0.2890625 0.0390625 0.0390625
1 0.54453125 0.3453125 0.04296875 0.03984375
0 0.35078125 0.390625 0.04140625 0.03828125
0 0.40390625 0.34140625 0.0390625 0.03828125
1 0.83671875 0.44921875 0.046875 0.040625
0 0.5453125 0.48984375 0.0390625 0.03828125
0 0.80625 0.69140625 0.040625 0.0390625
0 0.5375 0.55 0.03828125 0.0390625
0 0.1578125 0.72578125 0.03984375 0.0390625
0 0.5375 0.7984375 0.0390625 0.03828125
1 0.7453125 0.7015625 0.04609375 0.04140625
0 0.103125 0.7234375 0.0390625 0.03984375
1 0.30390625 0.7359375 0.0453125 0.0421875
0 0.54609375 0.25078125 0.0390625 0.0375
1 0.24140625 0.684375 0.04375 0.04296875
1 0.54140625 0.64765625 0.04296875 0.04140625
0 0.49765625 0.48359375 0.04140625 0.03828125
0 0.540625 0.73984375 0.040625 0.040625
0 0.40078125 0.4359375 0.03984375 0.0375
1 0.04140625 0.23515625 0.046875 0.04375
0 0.63359375 0.74765625 0.0421875 0.0390625
1 0.49375 0.57890625 0.04375 0.0421875
0 0.8453125 0.74296875 0.04140625 0.03984375
1 0.0875 0.184375 0.04453125 0.0421875
0 0.0609375 0.72578125 0.0421875 0.0390625
0 0.79765625 0.29140625 0.04453125 0.0390625
0 0.56015625 0.18125 0.04140625 0.0390625
0 0.58359375 0.84375 0.04140625 0.040625
0 0.1953125 0.1796875 0.0421875 0.040625
0 0.809375 0.24453125 0.04296875 0.0390625
0 0.85078125 0.8453125 0.04453125 0.0390625
0 0.18515625 0.68125 0.0421875 0.040625
1 0.34609375 0.79609375 0.04375 0.04140625
0 0.25078125 0.34375 0.04140625 0.0390625
0 0.140625 0.68671875 0.04140625 0.03828125
1 0.5453125 0.59375 0.0421875 0.04140625
1 0.29453125 0.2390625 0.04453125 0.040625
0 0.6046875 0.14140625 0.04140625 0.0390625
0 0.3 0.3 0.040625 0.0390625
0 0.7046875 0.14296875 0.04140625 0.03984375
1 0.690625 0.7453125 0.04375 0.04296875
1 0.75546875 0.2421875 0.04453125 0.040625
0 0.15 0.17109375 0.04453125 0.0421875
0 0.65546875 0.1375 0.04375 0.03828125
0 0.88984375 0.79765625 0.0421875 0.040625
0 0.46484375 0.2015625 0.03828125 0.03984375
0 0.45 0.43203125 0.0390625 0.0375
0 0.1140625 0.63046875 0.0390625 0.03828125
0 0.50703125 0.18203125 0.040625 0.04140625
0 0.89921875 0.75625 0.0421875 0.03828125
0 0.5296875 0.43671875 0.0390625 0.0359375
1 0.246875 0.084375 0.04453125 0.0421875
1 0.31171875 0.196875 0.0421875 0.04296875
0 0.6375 0.88984375 0.03828125 0.040625
1 0.9125 0.15078125 0.04609375 0.04375
1 0.4 0.29609375 0.04296875 0.040625
0 0.6265625 0.85234375 0.03984375 0.040625
1 0.3 0.3484375 0.04296875 0.040625
1 0.19921875 0.72578125 0.0421875 0.0390625
0 0.8453125 0.65 0.0421875 0.03828125
0 0.9 0.68671875 0.040625 0.03828125
0 0.8109375 0.19375 0.0421875 0.03984375
1 0.34140625 0.33828125 0.04375 0.040625
1 0.05703125 0.1390625 0.04296875 0.04296875
1 0.86328125 0.20234375 0.046875 0.04375
1 0.8109375 0.09296875 0.04375 0.04375
1 0.44609375 0.05625 0.0453125 0.04140625
1 0.9125 0.09296875 0.0453125 0.0421875
1 0.7171875 0.03984375 0.0453125 0.04375
1 0.103125 0.0765625 0.046875 0.0421875
1 0.79765625 0.74140625 0.04453125 0.040625
0 0.0296875 0.63203125 0.0375 0.03984375
0 0.796875 0.6515625 0.04375 0.0390625
1 0.85390625 0.25 0.04609375 0.04296875
1 0.74375 0.79375 0.04453125 0.040625
1 0.71015625 0.08828125 0.04609375 0.04140625
0 0.903125 0.8515625 0.03984375 0.03984375
1 0.153125 0.88984375 0.04140625 0.04453125
1 0.4546875 0.28125 0.04140625 0.04140625
1 0.4453125 0.7921875 0.04296875 0.0421875
0 0.2078125 0.1328125 0.0421875 0.03828125
1 0.35 0.30078125 0.04296875 0.0390625
1 0.15390625 0.775 0.04296875 0.04296875
1 0.76796875 0.18671875 0.0453125 0.04140625
0 0.490625 0.43359375 0.0390625 0.03671875
1 0.40234375 0.21015625 0.04296875 0.040625
1 0.2953125 0.8453125 0.04609375 0.040625
1 0.0984375 0.77421875 0.04375 0.0421875
1 0.05390625 0.76875 0.04375 0.04375
1 0.04921875 0.8203125 0.04453125 0.0421875
0 0.5890625 0.940625 0.040625 0.03828125
1 0.15390625 0.12890625 0.04609375 0.04296875
1 0.2421875 0.83046875 0.04453125 0.04375
1 0.4484375 0.240625 0.04296875 0.040625
1 0.503125 0.0984375 0.04375 0.04296875
1 0.3453125 0.13515625 0.0453125 0.04296875
0 0.640625 0.9421875 0.03984375 0.0375
1 0.159375 0.0859375 0.04375 0.04375
0 0.89765625 0.8875 0.0390625 0.0359375
1 0.1921875 0.834375 0.04140625 0.0421875
1 0.64296875 0.796875 0.04453125 0.04140625
0 0.6640625 0.08125 0.04296875 0.03984375
1 0.49921875 0.2453125 0.04140625 0.040625
1 0.44921875 0.84140625 0.04375 0.0421875
1 0.4015625 0.03671875 0.04296875 0.04453125
1 0.90859375 0.0421875 0.04609375 0.0421875
1 0.446875 0.16640625 0.04296875 0.04296875
0 0.603125 0.090625 0.04296875 0.03984375
1 0.84921875 0.79453125 0.04296875 0.0421875
1 0.796875 0.80234375 0.04375 0.04140625
1 0.49375 0.79921875 0.04375 0.040625
1 0.809375 0.146875 0.04375 0.0421875
1 0.35234375 0.09609375 0.046875 0.040625
1 0.79609375 0.896875 0.04453125 0.04140625
1 0.5640625 0.134375 0.04375 0.040625
1 0.4453125 0.89140625 0.04296875 0.0421875
1 0.7671875 0.1421875 0.04609375 0.04296875
1 0.39765625 0.16953125 0.04140625 0.04140625
1 0.51484375 0.13828125 0.04296875 0.0421875
1 0.59453125 0.80234375 0.04296875 0.0421875
1 0.80234375 0.85 0.04375 0.0421875
1 0.45 0.9375 0.0421875 0.040625
1 0.065625 0.915625 0.0453125 0.0421875
1 0.5328125 0.8875 0.04296875 0.04140625
1 0.54140625 0.846875 0.04296875 0.040625
0 0.05703125 0.0484375 0.04375 0.0421875
1 0.540625 0.93671875 0.04375 0.0421875
1 0.85625 0.9234375 0.0453125 0.0390625
1 0.58984375 0.88984375 0.04453125 0.04140625
1 0.84765625 0.8875 0.04375 0.0390625
1 0.0234375 0.915625 0.0421875 0.04375