0 0.4671875 0.8359375 0.05703125 0.04921875
1 0.15390625 0.80625 0.06015625 0.04765625
1 0.08984375 0.815625 0.059375 0.04609375
0 0.37421875 0.7671875 0.05859375 0.046875
0 0.58984375 0.84453125 0.059375 0.046875
1 0.225 0.7625 0.05859375 0.0453125
1 0.30078125 0.7578125 0.05859375 0.0453125
0 0.8234375 0.8109375 0.06015625 0.0484375
1 0.4453125 0.70234375 0.0578125 0.0453125
1 0.03046875 0.8125 0.0578125 0.04609375
0 0.75625 0.87734375 0.0625 0.04765625
0 0.16875 0.7046875 0.06015625 0.04609375
1 0.7921875 0.7 0.059375 0.04609375
1 0.64765625 0.64921875 0.0578125 0.04609375
0 0.6921875 0.803125 0.05859375 0.04765625
0 0.678125 0.85859375 0.05859375 0.046875
1 0.1609375 0.75625 0.0578125 0.04609375
1 0.71796875 0.64375 0.0578125 0.0453125
1 0.5796875 0.6484375 0.05859375 0.0453125
1 0.3703125 0.64375 0.0578125 0.04375
0 0.2421875 0.69375 0.06015625 0.04609375
1 0.30234375 0.70390625 0.05859375 0.04453125
1 0.51015625 0.63984375 0.059375 0.04609375
0 0.79375 0.6359375 0.059375 0.04609375
0 0.08984375 0.759375 0.0609375 0.04765625
1 0.43828125 0.64765625 0.0578125 0.04375
0 0.08671875 0.6421875 0.06015625 0.046875
0 0.65 0.96796875 0.0578125 0.0484375
0 0.21875 0.53984375 0.06171875 0.0453125
0 0.69765625 0.58359375 0.059375 0.0453125
0 0.16953125 0.58515625 0.059375 0.04609375
0 0.028125 0.709375 0.05625 0.046875
1 0.14921875 0.4859375 0.059375 0.0453125
1 0.50234375 0.959375 0.05859375 0.046875
1 0.6390625 0.5828125 0.0578125 0.04453125
0 0.853125 0.425 0.059375 0.046875
0 0.7765625 0.5921875 0.06015625 0.04609375
0 0.43125 0.53828125 0.059375 0.0453125
1 0.84921875 0.59140625 0.059375 0.04609375
0 0.3 0.5359375 0.0578125 0.04453125
0 0.03125 0.76640625 0.0578125 0.04609375
0 0.575 0.596875 0.05859375 0.04609375
0 0.36484375 0.53046875 0.059375 0.04609375
0 0.25703125 0.6515625 0.0609375 0.04609375
1 0.428125 0.48046875 0.0578125 0.04375
0 0.31484375 0.64140625 0.059375 0.0453125
1 0.08046875 0.4828125 0.0578125 0.0453125
0 0.38046875 0.59453125 0.05859375 0.0453125
0 0.2328125 0.48359375 0.06015625 0.0453125
1 0.36328125 0.47578125 0.05703125 0.0453125
0 0.5046875 0.59296875 0.06015625 0.04453125
0 0.096875 0.38203125 0.05859375 0.04453125
0 0.57265625 0.53984375 0.0578125 0.0453125
0 0.48671875 0.4265625 0.059375 0.0453125
0 0.09296875 0.5953125 0.06015625 0.0453125
1 0.02578125 0.48671875 0.0515625 0.0453125
1 0.44609375 0.5921875 0.05546875 0.04296875
0 0.77890625 0.36953125 0.05859375 0.0453125
0 0.2265625 0.36640625 0.059375 0.04453125
1 0.303125 0.43203125 0.05859375 0.0453125
0 0.1578125 0.37109375 0.059375 0.0453125
1 0.7109375 0.5328125 0.0578125 0.04453125
0 0.503125 0.53984375 0.05859375 0.04453125
0 0.2921875 0.32265625 0.06015625 0.04609375
1 0.6390625 0.5375 0.0578125 0.0453125
1 0.4234375 0.3265625 0.05546875 0.04375
1 0.22578125 0.43125 0.059375 0.0453125
1 0.15390625 0.43515625 0.05859375 0.0453125
0 0.5578125 0.43203125 0.0578125 0.046875
0 0.03359375 0.5890625 0.0578125 0.04609375
1 0.62265625 0.31640625 0.05546875 0.04453125
0 0.58046875 0.490625 0.05859375 0.0453125
0 0.7046875 0.30859375 0.0578125 0.046875
0 0.77265625 0.48828125 0.059375 0.04765625
1 0.64921875 0.478125 0.05625 0.04375
0 0.7828125 0.54140625 0.059375 0.04609375
0 0.028125 0.384375 0.05625 0.0453125
0 0.14140625 0.5359375 0.05859375 0.0453125
0 0.6921875 0.4328125 0.05625 0.046875
1 0.496875 0.3671875 0.0578125 0.04296875
0 0.02890625 0.5359375 0.05546875 0.0453125
0 0.63125 0.38046875 0.05703125 0.04609375
1 0.71484375 0.47734375 0.05703125 0.04453125
1 0.29375 0.36875 0.05859375 0.04453125
1 0.4203125 0.428125 0.05625 0.0453125
0 0.0859375 0.5296875 0.059375 0.0453125
1 0.5640625 0.321875 0.05625 0.04453125
1 0.365625 0.32109375 0.05703125 0.04453125
0 0.6359375 0.4359375 0.0578125 0.04609375
0 0.57265625 0.37421875 0.05703125 0.0453125
1 0.35546875 0.2703125 0.05625 0.04375
1 0.359375 0.209375 0.05703125 0.04453125
0 0.70859375 0.2625 0.0578125 0.04609375
1 0.63203125 0.20546875 0.05703125 0.04453125
1 0.359375 0.37734375 0.0578125 0.0453125
0 0.640625 0.2625 0.05859375 0.046875
1 0.42734375 0.16875 0.0546875 0.04375
1 0.5671875 0.265625 0.05703125 0.04453125
1 0.3609375 0.42578125 0.0578125 0.0453125
1 0.43125 0.965625 0.05703125 0.046875
1 0.56484375 0.209375 0.05625 0.04375
1 0.48671875 0.15 0.05625 0.04453125