1 0.29609375 0.50625 0.04921875 0.04921875
0 0.13125 0.39921875 0.053125 0.04921875
0 0.13359375 0.3515625 0.053125 0.04921875
0 0.21875 0.80234375 0.0546875 0.0515625
0 0.23671875 0.1890625 0.053125 0.04921875
0 0.2421875 0.25234375 0.05390625 0.05234375
1 0.2375 0.715625 0.0515625 0.05
0 0.596875 0.91796875 0.05390625 0.05078125
0 0.80390625 0.61171875 0.05625 0.05
0 0.75859375 0.553125 0.05546875 0.05078125
0 0.653125 0.9234375 0.05390625 0.05
0 0.86328125 0.81953125 0.0546875 0.05078125
0 0.2421875 0.3484375 0.05546875 0.05234375
0 0.86953125 0.20703125 0.05546875 0.0515625
0 0.81796875 0.15 0.05390625 0.0484375
0 0.85625 0.4359375 0.05625 0.05078125
0 0.4921875 0.76796875 0.0546875 0.0515625
0 0.2265625 0.87578125 0.05546875 0.0515625
0 0.4359375 0.7078125 0.05546875 0.053125
0 0.865625 0.30703125 0.05625 0.05234375
1 0.5953125 0.86953125 0.05234375 0.0515625
0 0.44765625 0.19453125 0.05390625 0.0515625
1 0.12578125 0.81171875 0.05546875 0.05390625
1 0.7625 0.1875 0.0546875 0.05
1 0.1359375 0.7078125 0.05546875 0.05546875
1 0.659375 0.8625 0.05546875 0.0546875
1 0.71328125 0.9203125 0.05390625 0.0515625
1 0.86796875 0.60625 0.05625 0.0515625
1 0.54609375 0.9140625 0.05390625 0.05078125
1 0.07265625 0.4078125 0.05625 0.05234375
1 0.5453125 0.86640625 0.05390625 0.0515625
1 0.14453125 0.45234375 0.05546875 0.05
1 0.871875 0.6546875 0.05546875 0.04921875
1 0.9234375 0.66484375 0.05546875 0.0515625
1 0.16171875 0.86875 0.0546875 0.053125
1 0.6703125 0.73828125 0.0546875 0.05078125
1 0.1796875 0.50078125 0.05546875 0.05078125
1 0.553125 0.14609375 0.05 0.04765625
1 0.8625 0.50390625 0.0546875 0.05234375
1 0.13046875 0.18125 0.05546875 0.05234375
1 0.1265625 0.29609375 0.05703125 0.0546875
1 0.1796875 0.1375 0.0546875 0.0515625
1 0.0734375 0.3453125 0.05234375 0.05
1 0.76171875 0.1375 0.05546875 0.04921875
1 0.8109375 0.55625 0.05234375 0.04765625
1 0.81171875 0.50703125 0.053125 0.04921875
1 0.91328125 0.5015625 0.053125 0.05
0 0.91953125 0.5578125 0.053125 0.04921875
0 0.86640625 0.55859375 0.05390625 0.0484375
0 0.9234375 0.615625 0.0546875 0.0484375
0 0.23515625 0.1421875 0.0515625 0.04765625