0 0.39140625 0.76640625 0.06875 0.06640625
1 0.76484375 0.47578125 0.06796875 0.0625
1 0.678125 0.4734375 0.0671875 0.06171875
0 0.29765625 0.775 0.0671875 0.0640625
0 0.48671875 0.7046875 0.065625 0.0640625
1 0.759375 0.390625 0.06796875 0.0609375
1 0.5890625 0.4796875 0.06796875 0.0625
0 0.7390625 0.6984375 0.06953125 0.06484375
1 0.3515625 0.40078125 0.0671875 0.06171875
1 0.43203125 0.4609375 0.0671875 0.06328125
1 0.75078125 0.55 0.06640625 0.0625
1 0.84296875 0.4765625 0.06640625 0.06328125
1 0.59921875 0.3921875 0.0671875 0.06015625
1 0.5171875 0.3875 0.06640625 0.06015625
0 0.23515625 0.70234375 0.06796875 0.065625
1 0.43046875 0.39765625 0.06640625 0.06015625
1 0.25859375 0.39375 0.06484375 0.06171875
0 0.57734375 0.6265625 0.06640625 0.06328125
0 0.8171875 0.62421875 0.0671875 0.0640625
1 0.84140625 0.321875 0.065625 0.06015625
0 0.66875 0.6234375 0.06875 0.06484375
0 0.31953125 0.621875 0.06640625 0.0640625
1 0.359375 0.32109375 0.065625 0.05859375
1 0.678125 0.315625 0.065625 0.06015625
0 0.7359375 0.62265625 0.06953125 0.06484375
0 0.1578125 0.61640625 0.0671875 0.06484375
1 0.1890625 0.31015625 0.06328125 0.06015625
1 0.5140625 0.3125 0.06484375 0.059375
0 0.23515625 0.6203125 0.06796875 0.06484375
0 0.49609375 0.54765625 0.06640625 0.06171875
0 0.4140625 0.540625 0.06640625 0.06171875
0 0.578125 0.5515625 0.06640625 0.0625
1 0.7640625 0.25078125 0.065625 0.059375
0 0.675 0.54609375 0.0671875 0.0625
0 0.17578125 0.53828125 0.06640625 0.06328125
0 0.3390625 0.5375 0.06796875 0.0625
0 0.82734375 0.54375 0.06796875 0.06328125
1 0.2796875 0.24765625 0.06328125 0.05859375
0 0.26171875 0.471875 0.06640625 0.06171875
0 0.17890625 0.4609375 0.06640625 0.0625
0 0.50546875 0.46640625 0.065625 0.0609375
0 0.33828125 0.46875 0.0671875 0.06171875
0 0.1828125 0.3859375 0.0671875 0.06328125