0 0.146875 0.72421875 0.06796875 0.0546875
1 0.140625 0.60234375 0.0671875 0.05625
1 0.134375 0.54765625 0.065625 0.0546875
1 0.20234375 0.5484375 0.0671875 0.05625
1 0.1375 0.66015625 0.06796875 0.05703125
1 0.26953125 0.55546875 0.06875 0.05546875
0 0.1296875 0.49375 0.06953125 0.05625
1 0.20625 0.659375 0.06640625 0.05625
0 0.22109375 0.7765625 0.06875 0.05703125
1 0.6578125 0.55859375 0.065625 0.05546875
1 0.33203125 0.503125 0.06640625 0.0546875
1 0.334375 0.56171875 0.06796875 0.05546875
1 0.665625 0.61484375 0.065625 0.0578125
1 0.27109375 0.66796875 0.06796875 0.05546875
1 0.79609375 0.49921875 0.0671875 0.05546875
0 0.88515625 0.684375 0.06875 0.05703125
0 0.2140625 0.7203125 0.06875 0.05703125
1 0.33125 0.44765625 0.0671875 0.0546875
0 0.92890625 0.5453125 0.06796875 0.05625
1 0.52890625 0.56484375 0.065625 0.0546875
1 0.32578125 0.3859375 0.0671875 0.0546875
1 0.59140625 0.559375 0.065625 0.0546875
1 0.46953125 0.61875 0.06796875 0.0546875
1 0.5359375 0.6203125 0.06640625 0.05546875
1 0.72578125 0.496875 0.06875 0.05546875
1 0.39765625 0.54765625 0.06796875 0.05546875
1 0.92265625 0.43125 0.0671875 0.05625
1 0.78125 0.38515625 0.06640625 0.0546875
1 0.5296875 0.67421875 0.065625 0.05625
0 0.2890625 0.77734375 0.06953125 0.05390625
1 0.46015625 0.56328125 0.06875 0.05625
1 0.3140625 0.3234375 0.06796875 0.0546875
1 0.9140625 0.37578125 0.06796875 0.05625
1 0.3953125 0.4921875 0.06796875 0.05546875
1 0.39140625 0.3796875 0.0671875 0.05546875
1 0.840625 0.3234375 0.0671875 0.05546875
1 0.40390625 0.603125 0.0671875 0.05625
1 0.5921875 0.49609375 0.065625 0.0546875
1 0.659375 0.49765625 0.065625 0.05546875
1 0.45859375 0.50703125 0.0671875 0.05390625
0 0.28046875 0.7234375 0.06796875 0.05625
1 0.3953125 0.4359375 0.06796875 0.05546875
1 0.64765625 0.44375 0.0671875 0.05546875
0 0.6125 0.78203125 0.06640625 0.0546875
0 0.4109375 0.7140625 0.06796875 0.05546875
0 0.53203125 0.7296875 0.0671875 0.05625
1 0.459375 0.38046875 0.0671875 0.05546875
0 0.54609375 0.7828125 0.06796875 0.05546875
1 0.5296875 0.50546875 0.06640625 0.0546875
1 0.5203125 0.45234375 0.06796875 0.0546875
0 0.1265625 0.38515625 0.071875 0.05703125
1 0.7765625 0.33125 0.06640625 0.05390625
0 0.4671875 0.67109375 0.0671875 0.0546875
0 0.2109375 0.603125 0.06875 0.05703125
0 0.35546875 0.77421875 0.06875 0.053125
0 0.13515625 0.43984375 0.07109375 0.05625
1 0.5828125 0.4359375 0.06640625 0.05625
0 0.85234375 0.78125 0.0671875 0.0546875
0 0.4203125 0.7765625 0.06796875 0.05625
0 0.22109375 0.83359375 0.06640625 0.05546875
0 0.19921875 0.49296875 0.06875 0.05625
0 0.8015625 0.715625 0.065625 0.0546875
0 0.728125 0.66484375 0.06875 0.05390625
0 0.41875 0.83046875 0.06796875 0.05546875
1 0.84296875 0.26875 0.0671875 0.05546875
0 0.9265625 0.48671875 0.06640625 0.05546875
0 0.27734375 0.61015625 0.06796875 0.05546875
0 0.3390625 0.67109375 0.06875 0.05390625
1 0.52265625 0.39765625 0.06796875 0.0546875
0 0.6625 0.6734375 0.06640625 0.053125
1 0.38359375 0.2703125 0.0671875 0.0546875
1 0.58359375 0.38046875 0.06640625 0.05546875
1 0.91015625 0.2671875 0.06796875 0.05703125
0 0.13671875 0.33125 0.06953125 0.0578125
0 0.48828125 0.82890625 0.06484375 0.0546875
0 0.5953125 0.66953125 0.06796875 0.05546875
0 0.121875 0.271875 0.0703125 0.05625
1 0.446875 0.32265625 0.06796875 0.05625
1 0.709375 0.33203125 0.065625 0.0546875
0 0.2671875 0.50078125 0.06875 0.05546875
1 0.57890625 0.321875 0.065625 0.0546875
1 0.38125 0.32421875 0.06796875 0.05625
1 0.64375 0.32734375 0.065625 0.0546875
1 0.5140625 0.33125 0.0671875 0.0546875
0 0.4015625 0.65859375 0.06875 0.05625
1 0.44765625 0.26640625 0.0671875 0.05546875
0 0.8609375 0.6046875 0.06796875 0.05390625
0 0.78828125 0.55234375 0.06953125 0.053125
0 0.859375 0.5421875 0.0703125 0.05546875
1 0.778125 0.2765625 0.065625 0.05390625
0 0.7375 0.78046875 0.06875 0.0546875
1 0.7109375 0.27734375 0.06640625 0.05546875
1 0.9125 0.32109375 0.06640625 0.05625
1 0.64453125 0.2734375 0.065625 0.05546875
0 0.7328125 0.61015625 0.06796875 0.05546875
0 0.121875 0.2078125 0.07109375 0.0578125
0 0.6015625 0.61328125 0.06640625 0.05390625
0 0.3421875 0.61796875 0.06640625 0.05625
0 0.19375 0.38046875 0.06953125 0.05625
0 0.20234375 0.4328125 0.06875 0.0546875
0 0.31796875 0.26796875 0.06640625 0.05546875
0 0.1875 0.2703125 0.0703125 0.0578125
1 0.5796875 0.2671875 0.065625 0.05625
0 0.2671875 0.446875 0.06796875 0.0546875
0 0.725 0.55625 0.06953125 0.05546875
1 0.7140625 0.22265625 0.0671875 0.05546875
1 0.584375 0.20859375 0.06484375 0.05625
0 0.5171875 0.27734375 0.06640625 0.0546875
0 0.25 0.33203125 0.0671875 0.05546875
0 0.7828125 0.44140625 0.06640625 0.05390625
0 0.26015625 0.38515625 0.06796875 0.05390625
1 0.9140625 0.21171875 0.0671875 0.05625
0 0.25390625 0.271875 0.06953125 0.05703125
1 0.7796875 0.21875 0.06640625 0.0546875
1 0.64921875 0.21796875 0.06640625 0.05546875
1 0.846875 0.2125 0.065625 0.05546875
0 0.65078125 0.3875 0.065625 0.05546875
0 0.4546875 0.2125 0.0671875 0.05625
0 0.71640625 0.440625 0.06875 0.0546875
0 0.8609375 0.48515625 0.06953125 0.05625
0 0.71640625 0.3875 0.065625 0.05390625
0 0.5203125 0.21640625 0.0671875 0.05625
0 0.19140625 0.21640625 0.06875 0.05703125
0 0.846875 0.3765625 0.06875 0.05546875
0 0.38984375 0.2140625 0.06875 0.0578125
0 0.3234375 0.2125 0.06796875 0.05625
0 0.85546875 0.43125 0.06875 0.05546875
0 0.2578125 0.215625 0.06796875 0.05703125
0 0.5078125 0.15859375 0.06796875 0.05703125
0 0.38125 0.15859375 0.06640625 0.05625
1 0.8296875 0.1578125 0.06875 0.05625
1 0.71796875 0.165625 0.06953125 0.0546875
0 0.24609375 0.15546875 0.06640625 0.05546875
1 0.9015625 0.15390625 0.06796875 0.05703125
1 0.58125 0.14765625 0.06640625 0.05546875
0 0.12578125 0.1515625 0.06953125 0.05625