0 0.1828125 0.7390625 0.05078125 0.046875
1 0.02734375 0.64765625 0.0515625 0.04765625
0 0.23515625 0.696875 0.05390625 0.04765625
0 0.18203125 0.79453125 0.05546875 0.04921875
0 0.078125 0.6359375 0.05390625 0.0484375
0 0.13671875 0.634375 0.0546875 0.04765625
1 0.0359375 0.5953125 0.0546875 0.05
1 0.02734375 0.4 0.053125 0.04921875
0 0.0890625 0.690625 0.05390625 0.04765625
0 0.2375 0.84765625 0.0546875 0.04921875
0 0.29140625 0.79765625 0.0546875 0.04765625
0 0.29375 0.6453125 0.05390625 0.04765625
1 0.0828125 0.44375 0.05390625 0.04765625
0 0.29609375 0.84765625 0.0546875 0.05
0 0.2875 0.90390625 0.0546875 0.05
0 0.1890625 0.58671875 0.05390625 0.0484375
0 0.65 0.6453125 0.053125 0.04609375
0 0.23984375 0.59296875 0.0546875 0.0484375
0 0.60078125 0.5890625 0.05234375 0.0453125
0 0.65859375 0.5375 0.05390625 0.0453125
0 0.75546875 0.84765625 0.05546875 0.04921875
1 0.028125 0.34921875 0.0515625 0.0484375
0 0.6015625 0.7359375 0.05234375 0.04765625
1 0.034375 0.54765625 0.053125 0.04921875
1 0.0890625 0.58984375 0.053125 0.04765625
0 0.75703125 0.65 0.0546875 0.0484375
0 0.7078125 0.78984375 0.05390625 0.046875
0 0.65703125 0.8421875 0.05390625 0.0484375
1 0.0265625 0.49375 0.0515625 0.0484375
1 0.23828125 0.7984375 0.05390625 0.04765625
0 0.0859375 0.30703125 0.053125 0.04921875
0 0.2984375 0.39296875 0.053125 0.04765625
0 0.03125 0.69375 0.05234375 0.046875
0 0.7140625 0.5453125 0.05390625 0.046875
0 0.69375 0.590625 0.05390625 0.04453125
0 0.34140625 0.346875 0.05390625 0.0484375
0 0.184375 0.3453125 0.05546875 0.05
0 0.45 0.646875 0.053125 0.04609375
1 0.028125 0.20078125 0.05234375 0.05078125
0 0.24453125 0.396875 0.05546875 0.04765625
0 0.33828125 0.29453125 0.053125 0.0484375
0 0.29375 0.5890625 0.05390625 0.04765625
0 0.60390625 0.84140625 0.05390625 0.04765625
0 0.6046875 0.49609375 0.053125 0.0453125
0 0.13125 0.34296875 0.05390625 0.04921875
0 0.86796875 0.68984375 0.05546875 0.0484375
0 0.6515625 0.89765625 0.053125 0.0484375
0 0.1890625 0.3953125 0.05546875 0.0484375
0 0.5515625 0.4984375 0.05390625 0.046875
1 0.14375 0.44609375 0.0546875 0.0484375
0 0.7515625 0.5890625 0.0546875 0.04609375
0 0.8171875 0.840625 0.05390625 0.04765625
1 0.4546875 0.846875 0.0546875 0.0484375
0 0.8109375 0.64296875 0.05390625 0.04609375
0 0.5515625 0.5890625 0.053125 0.0453125
0 0.86875 0.74921875 0.0546875 0.04765625
0 0.18984375 0.2921875 0.053125 0.04921875
0 0.45078125 0.58828125 0.05390625 0.046875
0 0.7078125 0.690625 0.0546875 0.04765625
0 0.5015625 0.54296875 0.05390625 0.04765625
0 0.7625 0.75234375 0.0546875 0.0484375
1 0.97421875 0.64453125 0.0515625 0.0484375
1 0.13828125 0.5875 0.053125 0.0484375
0 0.91640625 0.79140625 0.0546875 0.04765625
0 0.2953125 0.446875 0.0515625 0.04609375
0 0.7109375 0.7375 0.05546875 0.0484375
0 0.39921875 0.6484375 0.05390625 0.04609375
0 0.65859375 0.73828125 0.0546875 0.04765625
1 0.0796875 0.3515625 0.05390625 0.0484375
1 0.959375 0.39453125 0.05234375 0.0484375
0 0.3921875 0.3984375 0.05390625 0.046875
1 0.33984375 0.89375 0.0546875 0.0484375
1 0.915625 0.6421875 0.053125 0.046875
0 0.3453125 0.6453125 0.05390625 0.04765625
0 0.7609375 0.70234375 0.05390625 0.04765625
1 0.3484375 0.84921875 0.0546875 0.05
0 0.4984375 0.49765625 0.0546875 0.04765625
0 0.44609375 0.49140625 0.05390625 0.046875
1 0.35078125 0.79765625 0.0546875 0.0484375
0 0.815625 0.74921875 0.05625 0.04765625
0 0.33984375 0.5421875 0.05234375 0.046875
0 0.8109375 0.30859375 0.05390625 0.04765625
0 0.1359375 0.2484375 0.05390625 0.0484375
1 0.909375 0.396875 0.05390625 0.0484375
1 0.24140625 0.74921875 0.053125 0.04921875
0 0.34453125 0.44765625 0.0546875 0.046875
1 0.19375 0.44453125 0.05546875 0.0484375
1 0.03125 0.30234375 0.05234375 0.0484375
1 0.921875 0.59609375 0.0546875 0.0484375
1 0.1328125 0.39140625 0.05390625 0.0484375
0 0.39609375 0.596875 0.053125 0.0484375
1 0.39609375 0.740625 0.053125 0.0453125
0 0.03359375 0.25234375 0.0515625 0.04921875
1 0.86328125 0.64375 0.0546875 0.0484375
0 0.91875 0.690625 0.053125 0.04765625
0 0.34609375 0.59453125 0.053125 0.04765625
1 0.85859375 0.4 0.05546875 0.0484375
1 0.75625 0.39921875 0.0546875 0.04765625
0 0.60625 0.303125 0.05234375 0.046875
0 0.4515625 0.3546875 0.05390625 0.04765625
1 0.66015625 0.39921875 0.05390625 0.04765625
1 0.02578125 0.15390625 0.0515625 0.05078125
0 0.50078125 0.3515625 0.053125 0.04609375
1 0.803125 0.59140625 0.0546875 0.0484375
0 0.23984375 0.24375 0.053125 0.0484375
1 0.5046875 0.8421875 0.053125 0.04921875
1 0.24453125 0.44375 0.05390625 0.04765625
1 0.45546875 0.946875 0.05546875 0.04921875
0 0.865625 0.25625 0.0546875 0.04765625
0 0.4453125 0.4 0.0546875 0.04921875
0 0.9109375 0.29453125 0.05390625 0.04921875
1 0.34453125 0.74609375 0.05546875 0.04921875
1 0.60625 0.9453125 0.0546875 0.0484375
1 0.86875 0.54296875 0.05546875 0.04765625
0 0.8109375 0.35703125 0.05390625 0.04765625
1 0.51015625 0.896875 0.05546875 0.0484375
1 0.60078125 0.8953125 0.05390625 0.04921875
1 0.29296875 0.74921875 0.05390625 0.0484375
0 0.75703125 0.8953125 0.05546875 0.04921875
0 0.909375 0.35 0.053125 0.04765625
1 0.44453125 0.6953125 0.05234375 0.046875
1 0.80546875 0.403125 0.05234375 0.046875
0 0.45 0.29453125 0.05390625 0.0484375
0 0.28984375 0.24921875 0.0546875 0.04921875
0 0.80859375 0.25 0.05390625 0.04921875
1 0.5109375 0.94609375 0.05703125 0.05
1 0.65703125 0.78984375 0.05234375 0.0484375
0 0.44765625 0.44609375 0.05390625 0.0484375
1 0.50703125 0.7875 0.05390625 0.0484375
1 0.925 0.5421875 0.0546875 0.04765625
1 0.3984375 0.95 0.0546875 0.04921875
1 0.13984375 0.53984375 0.0546875 0.0484375
0 0.0875 0.19765625 0.05390625 0.05078125
0 0.9671875 0.69375 0.053125 0.04765625
1 0.08515625 0.1515625 0.053125 0.05078125
0 0.18515625 0.196875 0.05390625 0.05
0 0.39921875 0.29375 0.0546875 0.04921875
0 0.75703125 0.19375 0.053125 0.0484375
0 0.3953125 0.45 0.05546875 0.046875
0 0.9140625 0.19609375 0.053125 0.04921875
1 0.6578125 0.94921875 0.0546875 0.04765625
0 0.75703125 0.25390625 0.053125 0.04921875
0 0.7046875 0.196875 0.05390625 0.04921875
0 0.8609375 0.353125 0.05390625 0.046875
1 0.23984375 0.54609375 0.053125 0.046875
1 0.96171875 0.3453125 0.053125 0.0484375
0 0.0859375 0.24453125 0.053125 0.04921875
1 0.18984375 0.53984375 0.05390625 0.04765625
1 0.28984375 0.7 0.053125 0.04765625
0 0.86484375 0.2 0.0546875 0.04921875
1 0.55390625 0.84453125 0.05234375 0.04921875
1 0.29453125 0.49375 0.05234375 0.04765625
0 0.13671875 0.14609375 0.0546875 0.05
1 0.02578125 0.09921875 0.0515625 0.05078125
1 0.60625 0.78828125 0.053125 0.0484375
1 0.815625 0.53984375 0.0546875 0.04765625
0 0.96953125 0.2515625 0.05390625 0.05
0 0.50234375 0.19921875 0.05390625 0.05
1 0.34453125 0.24375 0.05390625 0.04765625
0 0.65 0.1921875 0.053125 0.04921875
1 0.50234375 0.64375 0.0515625 0.0453125
0 0.50546875 0.24921875 0.05390625 0.0484375
1 0.5515625 0.7421875 0.05390625 0.0484375
1 0.715625 0.4953125 0.05390625 0.046875
0 0.3453125 0.9484375 0.0546875 0.0484375
1 0.709375 0.35078125 0.053125 0.0484375
0 0.71171875 0.9421875 0.0546875 0.046875
1 0.8140625 0.20234375 0.05390625 0.0484375
1 0.6015625 0.39921875 0.053125 0.04765625
1 0.24296875 0.19609375 0.05390625 0.04921875
1 0.60625 0.4484375 0.0546875 0.0484375
1 0.28984375 0.54375 0.053125 0.0484375
1 0.65703125 0.6921875 0.053125 0.04765625
0 0.44921875 0.19453125 0.0546875 0.05
0 0.39921875 0.2015625 0.05390625 0.0484375
1 0.1359375 0.10078125 0.05390625 0.05
0 0.1875 0.15 0.0546875 0.05078125
0 0.59921875 0.1875 0.05390625 0.0484375
1 0.3421875 0.6953125 0.05234375 0.0484375
0 0.859375 0.890625 0.0546875 0.0484375
1 0.765625 0.5390625 0.0515625 0.04609375
1 0.66171875 0.49140625 0.05390625 0.04609375
1 0.55625 0.79765625 0.053125 0.04921875
1 0.50078125 0.5890625 0.0515625 0.0453125
1 0.39453125 0.54375 0.053125 0.04765625
1 0.8078125 0.49296875 0.05390625 0.04765625
1 0.40078125 0.24921875 0.0546875 0.04921875
0 0.96171875 0.14921875 0.0546875 0.05078125
1 0.44375 0.540625 0.05234375 0.04765625
1 0.29609375 0.20234375 0.0546875 0.04765625
1 0.603125 0.68984375 0.053125 0.046875
1 0.39296875 0.69453125 0.053125 0.046875
1 0.5515625 0.34296875 0.05234375 0.04765625
1 0.55 0.69453125 0.053125 0.0484375
1 0.3453125 0.4921875 0.053125 0.046875
0 0.909375 0.1484375 0.053125 0.05
1 0.5515625 0.64609375 0.0515625 0.04609375
1 0.5015625 0.45 0.053125 0.046875
0 0.55078125 0.14296875 0.0546875 0.05078125
1 0.909375 0.10078125 0.05390625 0.04921875
0 0.446875 0.1453125 0.05390625 0.05
1 0.55078125 0.44921875 0.05234375 0.04765625
1 0.240625 0.1484375 0.05390625 0.04921875
1 0.659375 0.2953125 0.05390625 0.04921875
1 0.86015625 0.1546875 0.05546875 0.05
1 0.60078125 0.34921875 0.053125 0.046875
1 0.85859375 0.096875 0.05546875 0.05
1 0.76015625 0.35 0.05546875 0.05
0 0.9671875 0.2984375 0.05390625 0.0484375
1 0.453125 0.24375 0.0546875 0.04921875
1 0.50234375 0.296875 0.053125 0.0484375
1 0.3953125 0.49609375 0.053125 0.046875
1 0.39296875 0.15625 0.05390625 0.0484375
1 0.5 0.40234375 0.05390625 0.0484375
0 0.1875 0.10078125 0.05390625 0.05
0 0.5015625 0.14375 0.0546875 0.0515625
1 0.709375 0.3015625 0.053125 0.0484375
1 0.38515625 0.10078125 0.05390625 0.05
1 0.80703125 0.15 0.0546875 0.04921875
0 0.96015625 0.10234375 0.05390625 0.05078125
0 0.91875 0.89140625 0.05546875 0.0484375
1 0.66171875 0.23828125 0.053125 0.04921875
1 0.75625 0.14140625 0.053125 0.04921875
0 0.490625 0.096875 0.0546875 0.05
1 0.346875 0.196875 0.05390625 0.04765625
1 0.290625 0.1015625 0.05390625 0.0484375
1 0.43828125 0.0984375 0.053125 0.04921875
1 0.603125 0.140625 0.053125 0.0484375
1 0.65546875 0.14375 0.053125 0.04765625
0 0.29375 0.95234375 0.0546875 0.04765625
1 0.7078125 0.253125 0.053125 0.05078125
1 0.54765625 0.096875 0.05390625 0.04921875
1 0.7046875 0.1359375 0.05390625 0.0484375
1 0.553125 0.29765625 0.053125 0.0484375
1 0.2390625 0.1 0.053125 0.0484375
1 0.08359375 0.0453125 0.05390625 0.05
1 0.7609375 0.3 0.053125 0.04765625
0 0.91328125 0.05390625 0.05546875 0.04921875
1 0.8609375 0.0484375 0.0546875 0.04921875
1 0.18671875 0.04765625 0.053125 0.0484375
1 0.2375 0.0515625 0.05234375 0.0484375
0 0.971875 0.89296875 0.053125 0.04765625
1 0.49375 0.04765625 0.05390625 0.0484375
1 0.43359375 0.0453125 0.05234375 0.0484375
0 0.96484375 0.05078125 0.0546875 0.05
1 0.61015625 0.04375 0.0546875 0.04765625
0 0.55703125 0.25 0.0484375 0.04609375
0 0.60703125 0.25 0.0515625 0.046875