1 0.478125 0.68359375 0.06796875 0.06796875
0 0.103125 0.48359375 0.06796875 0.06484375
1 0.3875 0.75859375 0.0703125 0.06875
1 0.69453125 0.69765625 0.06875 0.06640625
0 0.19765625 0.4890625 0.06875 0.0625
1 0.478125 0.496875 0.06640625 0.06328125
0 0.0375 0.46796875 0.0671875 0.06484375
1 0.75625 0.7921875 0.0703125 0.06796875
0 0.17734375 0.415625 0.0703125 0.06328125
0 0.85859375 0.63125 0.0671875 0.06640625
0 0.775 0.55703125 0.06640625 0.06484375
0 0.14140625 0.68828125 0.071875 0.065625
0 0.93046875 0.621875 0.06796875 0.06875
0 0.12578125 0.76640625 0.07265625 0.0671875
0 0.15546875 0.85390625 0.07265625 0.06796875
1 0.8296875 0.86953125 0.0703125 0.06953125
0 0.75625 0.71953125 0.06875 0.0671875
1 0.2515625 0.596875 0.06640625 0.06328125
0 0.184375 0.34765625 0.06796875 0.0609375
0 0.70625 0.5 0.0671875 0.06328125
0 0.92109375 0.775 0.06953125 0.0703125
0 0.165625 0.62421875 0.071875 0.06328125
0 0.8265625 0.71328125 0.0671875 0.06640625
1 0.259375 0.45546875 0.07109375 0.06796875
1 0.234375 0.70859375 0.06875 0.06875
0 0.16484375 0.5578125 0.0703125 0.0609375
0 0.63515625 0.41953125 0.06640625 0.0625
0 0.340625 0.340625 0.06796875 0.0625
0 0.834375 0.78046875 0.06875 0.06640625
0 0.5671875 0.3390625 0.065625 0.0625
0 0.6953125 0.275 0.06796875 0.0640625
0 0.24453125 0.265625 0.0671875 0.0625
0 0.46953125 0.26953125 0.06640625 0.06171875
0 0.134375 0.9265625 0.075 0.06875