1 0.57734375 0.7625 0.0640625 0.05625
1 0.43828125 0.76484375 0.0671875 0.05859375
1 0.5046875 0.7578125 0.06640625 0.059375
1 0.71015625 0.76640625 0.0671875 0.0609375
1 0.371875 0.76484375 0.06640625 0.05859375
1 0.30234375 0.75546875 0.0671875 0.06015625
1 0.6421875 0.7640625 0.06484375 0.059375
1 0.7796875 0.76875 0.06640625 0.06015625
1 0.2359375 0.753125 0.06640625 0.06015625
1 0.84453125 0.7671875 0.0671875 0.059375
1 0.171875 0.75859375 0.06796875 0.0609375
1 0.1109375 0.6453125 0.06875 0.05546875
1 0.1 0.696875 0.0703125 0.05859375
1 0.8828125 0.646875 0.0703125 0.05703125
1 0.90546875 0.70390625 0.06953125 0.0578125
1 0.1046875 0.75703125 0.06796875 0.06015625
1 0.9109375 0.759375 0.06328125 0.05859375
1 0.8703125 0.58125 0.06796875 0.05234375
1 0.121875 0.5875 0.06796875 0.05546875
1 0.12109375 0.53203125 0.0671875 0.053125
1 0.4328125 0.1640625 0.05546875 0.0453125
1 0.3765625 0.16015625 0.0546875 0.0453125
1 0.1203125 0.484375 0.0640625 0.05
1 0.65234375 0.17109375 0.05546875 0.0453125
1 0.1390625 0.4328125 0.0640625 0.05078125
1 0.48671875 0.16015625 0.05546875 0.04453125
1 0.7078125 0.16796875 0.0546875 0.0453125
1 0.8578125 0.48359375 0.06640625 0.0484375
1 0.865625 0.42734375 0.0671875 0.05
1 0.30703125 0.1640625 0.05625 0.0453125
1 0.59296875 0.15703125 0.0546875 0.04609375
1 0.8609375 0.53203125 0.0671875 0.05078125
1 0.13125 0.38828125 0.06328125 0.04921875
1 0.53984375 0.15234375 0.05390625 0.0453125
1 0.12734375 0.34140625 0.06328125 0.0484375
1 0.2484375 0.1515625 0.05546875 0.04453125
1 0.865625 0.3765625 0.06484375 0.05
1 0.76328125 0.16484375 0.05703125 0.04453125
1 0.13828125 0.28984375 0.06171875 0.04921875
1 0.19296875 0.15546875 0.05625 0.04453125
1 0.1359375 0.23984375 0.0609375 0.04765625
1 0.84765625 0.28359375 0.06171875 0.04453125
1 0.14453125 0.1984375 0.05859375 0.04375
1 0.8359375 0.2421875 0.059375 0.0421875
1 0.13046875 0.15234375 0.05625 0.0453125
1 0.8390625 0.20078125 0.059375 0.0421875
1 0.8234375 0.15859375 0.05859375 0.04296875
1 0.8625 0.32578125 0.06328125 0.04765625