1 0.565625 0.5171875 0.0609375 0.05859375
0 0.0390625 0.440625 0.0671875 0.06484375
1 0.721875 0.43203125 0.06484375 0.05859375
0 0.0390625 0.51796875 0.06640625 0.0640625
1 0.64921875 0.5109375 0.06328125 0.059375
1 0.7203125 0.6421875 0.0640625 0.06015625
1 0.7140625 0.51328125 0.06328125 0.06015625
0 0.11015625 0.45 0.0671875 0.06484375
0 0.17890625 0.284375 0.06640625 0.0640625
0 0.17109375 0.371875 0.06796875 0.06328125
1 0.49375 0.45546875 0.06328125 0.0609375
1 0.6375 0.36875 0.06328125 0.06015625
0 0.11328125 0.590625 0.06640625 0.06328125
0 0.18046875 0.4359375 0.0671875 0.0625
0 0.2703125 0.44453125 0.065625 0.0609375
1 0.66015625 0.72734375 0.06328125 0.059375
1 0.48046875 0.38671875 0.06328125 0.06015625
0 0.109375 0.5109375 0.06796875 0.06328125
1 0.3359375 0.35703125 0.065625 0.06015625
1 0.253125 0.36328125 0.06484375 0.0609375
0 0.26796875 0.2890625 0.065625 0.06328125
1 0.2796875 0.51796875 0.0625 0.06015625
0 0.2578125 0.21015625 0.06796875 0.0640625
0 0.33984375 0.28046875 0.065625 0.0625
1 0.42109375 0.29140625 0.0625 0.059375
1 0.721875 0.72109375 0.06328125 0.06015625
1 0.715625 0.2921875 0.06328125 0.06015625
1 0.19453125 0.2 0.06484375 0.06171875
1 0.34453125 0.43984375 0.06484375 0.06015625
1 0.64375 0.28359375 0.06328125 0.0578125
0 0.190625 0.51171875 0.065625 0.06171875
0 0.328125 0.215625 0.0671875 0.06171875
1 0.1203125 0.303125 0.06484375 0.0609375
1 0.49609375 0.29453125 0.06328125 0.0609375
1 0.79296875 0.721875 0.0640625 0.059375
0 0.7140625 0.35078125 0.06640625 0.06171875
1 0.715625 0.20625 0.06328125 0.059375
1 0.34140625 0.5046875 0.06484375 0.06171875
0 0.25625 0.584375 0.06640625 0.06171875
0 0.94609375 0.65625 0.065625 0.06484375
0 0.8578125 0.4375 0.0640625 0.06015625
1 0.56171875 0.80703125 0.06328125 0.059375
0 0.1796875 0.58828125 0.06640625 0.0609375
0 0.871875 0.14375 0.06484375 0.0625
0 0.1765625 0.6625 0.06640625 0.0625
1 0.26328125 0.72578125 0.06484375 0.06015625
0 0.8078125 0.2171875 0.0640625 0.0625
0 0.71328125 0.1328125 0.06640625 0.0625
0 0.79921875 0.36484375 0.06484375 0.0609375
0 0.8546875 0.30078125 0.06484375 0.06171875
1 0.63359375 0.1546875 0.06328125 0.059375
0 0.9484375 0.35625 0.0671875 0.0640625
0 0.94609375 0.5234375 0.06484375 0.06328125
0 0.43828125 0.51640625 0.0625 0.0578125
1 0.39453125 0.21328125 0.0625 0.05859375
1 0.5640625 0.228125 0.06328125 0.059375
0 0.9484375 0.21484375 0.065625 0.0640625
1 0.41875 0.42421875 0.0625 0.05859375
1 0.10859375 0.378125 0.06484375 0.0609375
0 0.78828125 0.134375 0.065625 0.06328125
1 0.6359375 0.79765625 0.06484375 0.0609375
1 0.19375 0.7234375 0.0640625 0.06015625
1 0.39296875 0.47734375 0.06484375 0.06171875
0 0.3421875 0.5765625 0.06484375 0.06015625
1 0.04375 0.5890625 0.06484375 0.0609375
0 0.79375 0.28984375 0.0671875 0.06328125
1 0.115625 0.64921875 0.06484375 0.0609375
0 0.93828125 0.7296875 0.06640625 0.06171875
0 0.7953125 0.43984375 0.065625 0.06015625
0 0.8171875 0.51640625 0.06484375 0.0609375
1 0.0421875 0.378125 0.0640625 0.06171875
1 0.7046875 0.7921875 0.0640625 0.06015625
0 0.884375 0.221875 0.06484375 0.06328125
1 0.2703125 0.15234375 0.0640625 0.0609375
1 0.03671875 0.2265625 0.0640625 0.0625
1 0.35 0.8046875 0.06484375 0.06015625
0 0.6453125 0.5859375 0.06328125 0.05859375
0 0.56875 0.596875 0.06484375 0.0578125
1 0.10625 0.121875 0.0640625 0.06171875
0 0.4859375 0.590625 0.06328125 0.059375
1 0.48671875 0.134375 0.06328125 0.0578125
1 0.34765625 0.16015625 0.065625 0.06171875
1 0.49921875 0.2265625 0.0625 0.059375
1 0.18828125 0.7921875 0.0640625 0.0609375
1 0.05234375 0.64765625 0.0640625 0.06015625
0 0.6296875 0.0609375 0.06640625 0.0625
0 0.9390625 0.7984375 0.065625 0.0609375
0 0.259375 0.659375 0.06640625 0.0625
1 0.41640625 0.80625 0.06328125 0.05859375
0 0.3421875 0.74609375 0.065625 0.06015625
0 0.41015625 0.5796875 0.06328125 0.05859375
0 0.8546875 0.575 0.06328125 0.059375
0 0.71796875 0.584375 0.0640625 0.0578125
1 0.04140625 0.721875 0.06484375 0.0625
0 0.85625 0.72265625 0.06484375 0.0609375
0 0.490625 0.7359375 0.065625 0.06015625
0 0.85859375 0.784375 0.065625 0.0609375
1 0.1234375 0.8015625 0.0640625 0.06015625
0 0.78671875 0.0609375 0.06640625 0.0625
0 0.32421875 0.6625 0.0640625 0.06015625
0 0.58359375 0.721875 0.0640625 0.059375
1 0.7984375 0.8703125 0.06328125 0.05859375
0 0.7953125 0.665625 0.06484375 0.0609375
1 0.64765625 0.8796875 0.06328125 0.059375
0 0.79765625 0.7984375 0.065625 0.0609375
0 0.48828125 0.6578125 0.065625 0.06015625
1 0.33515625 0.0859375 0.06484375 0.0609375
0 0.4046875 0.7359375 0.06484375 0.059375
0 0.4 0.66015625 0.06484375 0.06015625
0 0.48125 0.80859375 0.06640625 0.0609375
1 0.32890625 0.86796875 0.065625 0.06015625
1 0.41484375 0.0640625 0.0640625 0.06171875
0 0.63984375 0.65546875 0.0640625 0.059375
0 0.709375 0.0484375 0.06640625 0.06328125
0 0.79375 0.58359375 0.065625 0.05859375
1 0.5453125 0.88125 0.06171875 0.059375
0 0.9390625 0.06640625 0.06640625 0.06328125
1 0.5578125 0.06484375 0.06171875 0.06015625
1 0.42265625 0.8796875 0.06328125 0.05859375
1 0.19453125 0.88203125 0.0625 0.05859375
1 0.884375 0.8609375 0.06328125 0.05859375
0 0.4859375 0.8765625 0.0671875 0.0609375
1 0.16484375 0.05390625 0.065625 0.06015625
1 0.7203125 0.9390625 0.0625 0.059375
0 0.94453125 0.8640625 0.06484375 0.059375
1 0.05234375 0.871875 0.0640625 0.06015625
1 0.0421875 0.0671875 0.06328125 0.06015625
1 0.78125 0.9421875 0.0625 0.0578125
1 0.5015625 0.9546875 0.059375 0.059375
1 0.26015625 0.94375 0.0640625 0.059375
1 0.1 0.93828125 0.0640625 0.06171875
1 0.971875 0.93203125 0.05625 0.05859375