1 0.803125 0.728125 0.06796875 0.053125
0 0.50234375 0.7234375 0.07109375 0.059375
0 0.646875 0.71953125 0.06953125 0.05859375
0 0.7234375 0.72265625 0.0703125 0.05703125
0 0.50546875 0.6640625 0.0703125 0.0578125
0 0.37109375 0.6109375 0.06875 0.05703125
1 0.64765625 0.784375 0.0703125 0.05859375
0 0.728125 0.6671875 0.06875 0.05546875
1 0.80390625 0.6703125 0.06953125 0.05546875
1 0.49375 0.77890625 0.06796875 0.0578125
1 0.57578125 0.7203125 0.06796875 0.05703125
1 0.4234375 0.7234375 0.06640625 0.0578125
0 0.65546875 0.61015625 0.06796875 0.05546875
1 0.096875 0.55625 0.0671875 0.0546875
1 0.29296875 0.66875 0.06640625 0.05703125
1 0.16484375 0.559375 0.065625 0.0546875
1 0.228125 0.6078125 0.065625 0.05390625
0 0.44765625 0.55234375 0.0671875 0.0546875
1 0.64375 0.6640625 0.0671875 0.05703125
0 0.3765625 0.55703125 0.06796875 0.05546875
1 0.44375 0.6078125 0.06640625 0.05390625
1 0.57890625 0.6640625 0.06796875 0.05703125
0 0.3046875 0.56015625 0.06796875 0.05703125
1 0.8015625 0.559375 0.0671875 0.05390625
0 0.52109375 0.55546875 0.065625 0.053125
1 0.36640625 0.66875 0.0671875 0.05859375
0 0.6578125 0.55625 0.06640625 0.0546875
0 0.728125 0.55625 0.0671875 0.053125
1 0.73359375 0.6140625 0.06875 0.05625
0 0.5921875 0.55390625 0.06484375 0.05234375
0 0.17578125 0.5046875 0.06640625 0.05546875
1 0.23671875 0.5546875 0.065625 0.05390625
1 0.80390625 0.45546875 0.065625 0.0515625
1 0.51640625 0.61015625 0.06640625 0.05546875
1 0.1078125 0.49765625 0.06484375 0.05234375
1 0.303125 0.6125 0.0640625 0.0546875
1 0.58515625 0.609375 0.0671875 0.05625
1 0.52265625 0.5015625 0.06484375 0.05234375
0 0.65703125 0.5046875 0.06484375 0.05234375
1 0.384375 0.50546875 0.06640625 0.0515625
0 0.2484375 0.50078125 0.06875 0.0546875
1 0.86640625 0.3015625 0.0609375 0.0484375
1 0.803125 0.50546875 0.06484375 0.0515625
1 0.73515625 0.5046875 0.06640625 0.053125
0 0.734375 0.4484375 0.065625 0.04921875
1 0.31640625 0.503125 0.06640625 0.0515625
0 0.6625 0.45234375 0.065625 0.05078125
1 0.80546875 0.4046875 0.0640625 0.05078125
1 0.80703125 0.35 0.06328125 0.04921875
1 0.45703125 0.50078125 0.065625 0.0515625
1 0.74140625 0.4 0.065625 0.05078125
1 0.38671875 0.4484375 0.06484375 0.0515625
0 0.5234375 0.45078125 0.0640625 0.05
1 0.3265625 0.4 0.06328125 0.05
0 0.45625 0.45 0.0640625 0.05
1 0.80390625 0.30234375 0.06171875 0.04765625
0 0.31796875 0.45 0.0671875 0.05390625
1 0.865625 0.20078125 0.06171875 0.046875
0 0.17890625 0.45234375 0.06640625 0.0546875
0 0.11328125 0.44609375 0.065625 0.053125
1 0.6578125 0.30078125 0.06328125 0.04921875
0 0.67265625 0.403125 0.0640625 0.05078125
1 0.725 0.30234375 0.0640625 0.04921875
1 0.79765625 0.25 0.06171875 0.04765625
1 0.93671875 0.2546875 0.06328125 0.04921875
1 0.8703125 0.1546875 0.0609375 0.04609375
0 0.25 0.4484375 0.06796875 0.05546875
0 0.7375 0.34921875 0.0640625 0.04921875
1 0.8015625 0.615625 0.065625 0.0546875
0 0.465625 0.34921875 0.06328125 0.05
1 0.80625 0.1546875 0.06015625 0.0453125
0 0.6640625 0.353125 0.0640625 0.05
0 0.25390625 0.3953125 0.065625 0.0546875
0 0.53203125 0.35078125 0.0609375 0.04921875
0 0.59453125 0.35 0.06171875 0.04921875
0 0.19140625 0.39453125 0.0640625 0.05234375
0 0.4015625 0.34921875 0.06328125 0.05
0 0.128125 0.35 0.06328125 0.05
0 0.33125 0.35 0.06328125 0.0515625
0 0.59375 0.3 0.06171875 0.046875
0 0.934375 0.20390625 0.06484375 0.05078125
0 0.2625 0.34765625 0.06328125 0.0515625
0 0.1390625 0.25 0.0625 0.04921875
0 0.73125 0.25 0.06328125 0.04921875
0 0.271875 0.253125 0.06171875 0.04765625
0 0.66875 0.253125 0.0609375 0.0484375
0 0.47109375 0.25703125 0.0609375 0.04765625
0 0.41171875 0.25078125 0.0609375 0.046875
0 0.803125 0.2015625 0.0625 0.046875
0 0.54375 0.2484375 0.06015625 0.04765625
0 0.73984375 0.203125 0.06171875 0.046875
0 0.2171875 0.19921875 0.05859375 0.04609375
0 0.34453125 0.20234375 0.06171875 0.04609375
0 0.61015625 0.203125 0.06015625 0.04609375
0 0.15546875 0.1578125 0.0609375 0.046875
0 0.7453125 0.15546875 0.0609375 0.0453125
0 0.6765625 0.15546875 0.059375 0.0453125
0 0.54609375 0.20234375 0.059375 0.0453125
0 0.35234375 0.15703125 0.0609375 0.04609375
0 0.4640625 0.16171875 0.06015625 0.0453125
0 0.61015625 0.15625 0.0609375 0.0453125
0 0.28515625 0.15390625 0.059375 0.0453125