1 0.2953125 0.571875 0.06640625 0.06640625
0 0.06953125 0.28671875 0.065625 0.0671875
1 0.3609375 0.50078125 0.06796875 0.065625
1 0.2203125 0.49765625 0.0671875 0.065625
1 0.21640625 0.6359375 0.0671875 0.0671875
1 0.15546875 0.49921875 0.0671875 0.06640625
1 0.28828125 0.49453125 0.06875 0.06640625
1 0.36875 0.64609375 0.06796875 0.065625
1 0.14296875 0.634375 0.06796875 0.06640625
1 0.43125 0.6421875 0.065625 0.065625
1 0.7125 0.6453125 0.06875 0.065625
1 0.7953125 0.434375 0.06796875 0.065625
1 0.21875 0.35625 0.06640625 0.06640625
1 0.86171875 0.57109375 0.06796875 0.06640625
1 0.0859375 0.49921875 0.0671875 0.06875
1 0.078125 0.425 0.065625 0.0671875
1 0.57578125 0.21484375 0.06484375 0.06796875
1 0.63359375 0.2859375 0.065625 0.06640625
1 0.7921875 0.359375 0.0671875 0.065625
1 0.56953125 0.2921875 0.065625 0.0671875
1 0.72109375 0.2859375 0.06796875 0.065625
1 0.35390625 0.78203125 0.065625 0.0640625
1 0.79296875 0.64375 0.06875 0.065625
1 0.79375 0.70859375 0.06953125 0.0671875
1 0.434375 0.71640625 0.065625 0.06484375
0 0.14765625 0.29453125 0.065625 0.065625
1 0.1421875 0.35703125 0.0671875 0.06640625
1 0.790625 0.5796875 0.06875 0.065625
1 0.140625 0.7828125 0.06640625 0.065625
1 0.28203125 0.73359375 0.0671875 0.0671875
1 0.93125 0.5 0.06640625 0.0671875
1 0.86015625 0.71796875 0.06796875 0.06640625
1 0.221875 0.790625 0.06796875 0.06640625
0 0.20546875 0.1453125 0.065625 0.0671875
1 0.8625 0.4984375 0.06796875 0.0671875
0 0.2140625 0.2265625 0.065625 0.0640625
1 0.853125 0.28359375 0.06640625 0.0671875
1 0.9328125 0.709375 0.0671875 0.06875
0 0.21328125 0.078125 0.06796875 0.0671875
1 0.790625 0.2125 0.0671875 0.065625
1 0.43125 0.85390625 0.06796875 0.0671875
0 0.3578125 0.07734375 0.06640625 0.0671875
1 0.9265625 0.371875 0.06796875 0.06875
1 0.0765625 0.359375 0.06484375 0.065625
0 0.14609375 0.4234375 0.0640625 0.0640625
0 0.49765625 0.0734375 0.065625 0.06796875
0 0.2171875 0.28984375 0.06640625 0.065625
1 0.6484375 0.1453125 0.065625 0.06640625
1 0.57734375 0.15 0.065625 0.065625
1 0.9328125 0.7859375 0.0671875 0.06640625
0 0.34296875 0.30390625 0.065625 0.0640625
1 0.7203125 0.14296875 0.0671875 0.0671875
0 0.440625 0.21796875 0.06484375 0.0640625
1 0.91953125 0.228125 0.0671875 0.06640625
0 0.42890625 0.15078125 0.06484375 0.06328125
1 0.15390625 0.86171875 0.0671875 0.0671875
0 0.22109375 0.42890625 0.06796875 0.06640625
0 0.5109375 0.21796875 0.0640625 0.0640625
1 0.36328125 0.9203125 0.06953125 0.06796875
1 0.871875 0.14609375 0.06796875 0.0671875
1 0.0828125 0.85625 0.0671875 0.06640625
0 0.49375 0.15703125 0.0640625 0.06328125
1 0.4984375 0.92578125 0.06796875 0.06640625
0 0.7953125 0.5125 0.0671875 0.0640625
0 0.28515625 0.36328125 0.065625 0.06328125
0 0.6453125 0.36875 0.0640625 0.06328125
1 0.57890625 0.08359375 0.065625 0.065625
0 0.50546875 0.29765625 0.06484375 0.0640625
1 0.428125 0.92421875 0.0671875 0.06640625
0 0.29453125 0.4296875 0.06640625 0.06484375
0 0.64375 0.6453125 0.065625 0.0625
0 0.715625 0.3515625 0.0671875 0.06640625
1 0.22109375 0.91875 0.06484375 0.06640625
0 0.7234375 0.43515625 0.06640625 0.06484375
0 0.709375 0.56171875 0.06796875 0.06328125
0 0.36953125 0.434375 0.0640625 0.0640625
0 0.371875 0.575 0.06640625 0.065625
0 0.86171875 0.78515625 0.0671875 0.065625
0 0.5765625 0.3578125 0.06484375 0.065625
1 0.79453125 0.0828125 0.06796875 0.06875
0 0.640625 0.4984375 0.065625 0.0640625
0 0.35234375 0.36875 0.065625 0.06640625
0 0.4359375 0.35859375 0.065625 0.065625
0 0.93671875 0.8578125 0.0671875 0.06484375
0 0.43671875 0.4390625 0.06484375 0.065625
0 0.5765625 0.428125 0.06328125 0.06328125
0 0.4953125 0.64375 0.06484375 0.06328125
0 0.4984375 0.3609375 0.065625 0.0640625
0 0.78203125 0.790625 0.065625 0.06171875
0 0.71953125 0.71953125 0.0671875 0.0640625
0 0.5046875 0.50078125 0.06328125 0.06171875
0 0.56953125 0.571875 0.06640625 0.0640625
0 0.73125 0.49921875 0.06484375 0.06328125
0 0.4359375 0.57890625 0.06484375 0.0640625
0 0.575 0.509375 0.06484375 0.0640625
0 0.4234375 0.7890625 0.065625 0.0640625
0 0.42578125 0.50078125 0.06640625 0.06484375
0 0.5765625 0.71328125 0.06328125 0.0625
0 0.77578125 0.9328125 0.06640625 0.06328125
0 0.50703125 0.71640625 0.06484375 0.0640625
0 0.91875 0.9390625 0.06796875 0.0640625
0 0.5734375 0.91015625 0.06640625 0.065625
0 0.728125 0.84296875 0.0671875 0.06328125
0 0.86171875 0.8578125 0.06796875 0.0640625
0 0.6609375 0.925 0.065625 0.0640625
0 0.6453125 0.7875 0.06484375 0.0625
0 0.50078125 0.78359375 0.065625 0.0640625
0 0.51328125 0.8453125 0.065625 0.0640625
0 0.57890625 0.82890625 0.065625 0.0640625