0 0.4921875 0.5453125 0.046875 0.05078125
1 0.03984375 0.64921875 0.0484375 0.053125
1 0.09296875 0.12734375 0.04765625 0.0515625
0 0.4515625 0.4421875 0.04765625 0.0484375
1 0.24453125 0.08671875 0.046875 0.04921875
0 0.54765625 0.55546875 0.04765625 0.04921875
0 0.509375 0.39609375 0.04765625 0.0484375
0 0.34375 0.54140625 0.0484375 0.05
1 0.04140625 0.44609375 0.04765625 0.0515625
0 0.653125 0.53203125 0.04765625 0.05078125
0 0.7015625 0.53828125 0.0484375 0.04921875
1 0.1421875 0.13515625 0.04921875 0.05078125
0 0.3359375 0.6015625 0.0484375 0.05
0 0.33984375 0.6984375 0.04921875 0.0515625
0 0.39140625 0.63671875 0.0484375 0.04921875
0 0.49296875 0.4921875 0.046875 0.04921875
0 0.3015625 0.65390625 0.04921875 0.0515625
1 0.80703125 0.13046875 0.046875 0.0515625
1 0.70390625 0.0828125 0.0484375 0.05
0 0.3921875 0.696875 0.04921875 0.05234375
1 0.753125 0.08515625 0.046875 0.05078125
0 0.54765625 0.609375 0.04765625 0.05
0 0.49453125 0.340625 0.04765625 0.04921875
1 0.08671875 0.17890625 0.0484375 0.05078125
0 0.453125 0.7046875 0.04921875 0.05
0 0.296875 0.4921875 0.0484375 0.05
0 0.59921875 0.49453125 0.04765625 0.04921875
0 0.3375 0.390625 0.04921875 0.04921875
1 0.0859375 0.7140625 0.04921875 0.0515625
0 0.55546875 0.65859375 0.04765625 0.05
0 0.39375 0.75546875 0.05 0.05234375
0 0.59921875 0.4421875 0.04765625 0.0484375
0 0.1953125 0.6453125 0.04921875 0.05078125
0 0.3578125 0.49140625 0.04765625 0.0515625
0 0.24609375 0.49765625 0.0484375 0.05078125
0 0.340625 0.44375 0.05 0.05078125
1 0.846875 0.23671875 0.04765625 0.05078125
0 0.49453125 0.6609375 0.04765625 0.04921875
1 0.09375 0.60234375 0.05 0.053125
0 0.40703125 0.2359375 0.04765625 0.0484375
1 0.08828125 0.34296875 0.04921875 0.053125
0 0.1921875 0.70625 0.04921875 0.0515625
1 0.19765625 0.1359375 0.0484375 0.05
0 0.71328125 0.69140625 0.0484375 0.05
0 0.2890625 0.390625 0.04921875 0.0515625
1 0.29140625 0.08828125 0.04765625 0.04921875
0 0.140625 0.59375 0.0484375 0.0515625
0 0.3359375 0.81328125 0.05 0.05078125
0 0.753125 0.59453125 0.04921875 0.05078125
0 0.65 0.7484375 0.046875 0.05078125
1 0.17890625 0.809375 0.05078125 0.05234375
1 0.90859375 0.3421875 0.04765625 0.05078125
0 0.80390625 0.5109375 0.0484375 0.0515625
0 0.15 0.49375 0.0484375 0.05078125
0 0.5984375 0.74921875 0.0484375 0.05078125
1 0.60546875 0.08125 0.04609375 0.04921875
1 0.14296875 0.75625 0.04921875 0.05078125
0 0.8484375 0.6 0.04765625 0.05078125
0 0.10234375 0.49921875 0.04921875 0.0515625
0 0.65078125 0.196875 0.046875 0.05
0 0.7078125 0.8078125 0.04765625 0.04921875
0 0.54453125 0.81640625 0.0484375 0.04921875
1 0.096875 0.55078125 0.04921875 0.0546875
0 0.7609375 0.696875 0.0484375 0.05
0 0.55 0.240625 0.046875 0.0484375
0 0.81015625 0.81171875 0.04921875 0.05234375
0 0.60234375 0.18984375 0.04765625 0.05
0 0.703125 0.4859375 0.04921875 0.05
1 0.0875 0.2375 0.0484375 0.05390625
0 0.28828125 0.33984375 0.0484375 0.05
0 0.49453125 0.81875 0.04921875 0.0515625
0 0.4953125 0.7640625 0.04921875 0.05234375
0 0.44375 0.28984375 0.04765625 0.05
0 0.86484375 0.7 0.04765625 0.05
0 0.80390625 0.4046875 0.04921875 0.0515625
1 0.5359375 0.0765625 0.04765625 0.05
0 0.553125 0.7640625 0.0484375 0.05078125
1 0.40625 0.54609375 0.04765625 0.0484375
0 0.19375 0.39296875 0.04921875 0.0515625
0 0.53984375 0.18203125 0.04765625 0.05078125
0 0.2265625 0.80703125 0.04921875 0.05078125
0 0.5984375 0.38671875 0.04765625 0.04921875
1 0.4453125 0.58984375 0.0484375 0.04921875
1 0.9125 0.60078125 0.04921875 0.053125
1 0.23828125 0.2875 0.04921875 0.05078125
1 0.14921875 0.65078125 0.05078125 0.05390625
0 0.25 0.19140625 0.0484375 0.05
1 0.85234375 0.296875 0.04765625 0.05078125
0 0.275 0.7515625 0.04921875 0.0515625
0 0.44609375 0.1890625 0.0421875 0.04375
1 0.915625 0.5484375 0.0484375 0.053125
0 0.69921875 0.23515625 0.04765625 0.05
0 0.5015625 0.2890625 0.04765625 0.04921875
0 0.80625 0.34765625 0.0484375 0.05078125
0 0.1875 0.5953125 0.04921875 0.0515625
0 0.45078125 0.86796875 0.04921875 0.04921875
0 0.35234375 0.18359375 0.04921875 0.05078125
0 0.2015625 0.1875 0.04765625 0.05
0 0.74140625 0.64921875 0.04921875 0.05
0 0.76875 0.8625 0.04921875 0.05078125
1 0.69921875 0.1328125 0.0484375 0.05078125
1 0.190625 0.29453125 0.04765625 0.0515625
0 0.86640625 0.809375 0.04921875 0.05234375
0 0.18515625 0.34296875 0.05 0.05078125
0 0.14765625 0.44453125 0.04921875 0.05078125
1 0.8078125 0.1859375 0.04921875 0.0515625
0 0.86640625 0.55234375 0.0484375 0.04921875
1 0.9015625 0.50234375 0.04765625 0.0515625
0 0.29140625 0.28828125 0.0484375 0.04921875
0 0.8046875 0.2953125 0.04765625 0.0515625
0 0.8015625 0.653125 0.05 0.0515625
1 0.13828125 0.29453125 0.04921875 0.053125
1 0.91015625 0.9125 0.0484375 0.05078125
1 0.28828125 0.60546875 0.0484375 0.0515625
1 0.49296875 0.1375 0.05 0.05234375
1 0.5515625 0.128125 0.04921875 0.05390625
1 0.753125 0.53984375 0.0484375 0.05234375
0 0.49140625 0.9140625 0.0484375 0.05
1 0.1453125 0.70625 0.05 0.05234375
0 0.5921875 0.91328125 0.0484375 0.05
1 0.8984375 0.39296875 0.0484375 0.0515625
1 0.446875 0.65 0.05 0.053125
0 0.0484375 0.496875 0.05 0.05234375
0 0.22734375 0.75703125 0.0484375 0.0515625
0 0.85234375 0.40078125 0.04765625 0.04921875
1 0.3890625 0.13984375 0.04921875 0.05234375
1 0.390625 0.39453125 0.0484375 0.05
1 0.653125 0.43359375 0.04765625 0.05
1 0.29453125 0.13828125 0.05 0.05078125
1 0.909375 0.75625 0.04921875 0.05234375
0 0.03984375 0.54765625 0.04921875 0.0515625
1 0.35546875 0.86796875 0.05078125 0.05
0 0.509375 0.8671875 0.0484375 0.05
0 0.91953125 0.70390625 0.04921875 0.05078125
0 0.43828125 0.13125 0.04765625 0.0484375
1 0.8609375 0.35234375 0.0484375 0.053125
1 0.353125 0.240625 0.04921875 0.05078125
1 0.64609375 0.14453125 0.046875 0.04921875
0 0.27890625 0.86015625 0.04921875 0.05
1 0.2796875 0.9125 0.0484375 0.05
1 0.659375 0.60546875 0.04765625 0.05
0 0.91875 0.80546875 0.0484375 0.05078125
1 0.8125 0.9109375 0.05 0.05
1 0.23046875 0.86015625 0.0515625 0.0515625
1 0.8625 0.75859375 0.04921875 0.053125
1 0.8625 0.91484375 0.04921875 0.05078125
1 0.76015625 0.9171875 0.05 0.05078125
1 0.1 0.44453125 0.04921875 0.053125
1 0.13671875 0.34375 0.05078125 0.05546875
0 0.1375 0.24140625 0.04921875 0.05234375
1 0.24921875 0.5484375 0.04921875 0.0515625
1 0.35 0.30546875 0.04765625 0.05234375
1 0.40625 0.91796875 0.04921875 0.05
1 0.1796875 0.8640625 0.0484375 0.04921875
1 0.7078125 0.74140625 0.04921875 0.05234375
1 0.29140625 0.23828125 0.04921875 0.05234375
1 0.2984375 0.18671875 0.04921875 0.05
1 0.8015625 0.59296875 0.05 0.05234375
0 0.14375 0.1859375 0.05 0.053125
1 0.7484375 0.28984375 0.0484375 0.05234375
1 0.809375 0.76171875 0.05 0.0515625
1 0.396875 0.2984375 0.0484375 0.05234375
1 0.39375 0.82109375 0.05078125 0.0515625
0 0.74921875 0.2390625 0.04765625 0.05
0 0.8484375 0.86640625 0.0484375 0.0515625
0 0.8 0.2453125 0.04765625 0.05
1 0.7015625 0.18515625 0.04921875 0.05078125
1 0.75625 0.7546875 0.04921875 0.05078125
0 0.6 0.1375 0.04765625 0.04921875
1 0.4484375 0.76796875 0.05078125 0.053125
1 0.2421875 0.346875 0.04921875 0.0515625
1 0.4046875 0.8703125 0.05 0.05078125
0 0.340625 0.134375 0.0484375 0.05
1 0.69921875 0.2953125 0.04921875 0.05234375
1 0.5484375 0.4421875 0.0484375 0.05
0 0.24609375 0.1390625 0.04765625 0.05
1 0.59609375 0.803125 0.04921875 0.05234375
1 0.65 0.81328125 0.0484375 0.0515625
0 0.025 0.33671875 0.0484375 0.053125
1 0.81640625 0.7015625 0.05 0.05234375
1 0.4453125 0.3421875 0.0484375 0.05234375
0 0.74921875 0.18828125 0.04921875 0.05
1 0.45859375 0.3921875 0.04765625 0.05234375
1 0.64921875 0.92109375 0.04921875 0.0515625
1 0.2953125 0.54453125 0.04921875 0.053125
0 0.91171875 0.65390625 0.05 0.0515625
1 0.85 0.45234375 0.0484375 0.0515625
1 0.19765625 0.446875 0.05078125 0.05546875
1 0.53984375 0.91796875 0.04921875 0.05078125
1 0.91484375 0.96328125 0.04921875 0.0515625
1 0.24296875 0.396875 0.04921875 0.05234375
1 0.5515625 0.49375 0.04921875 0.05234375
1 0.6453125 0.4828125 0.0484375 0.0515625
1 0.7046875 0.5921875 0.05 0.05234375
1 0.19921875 0.49375 0.04921875 0.053125
0 0.95625 0.765625 0.04765625 0.0515625
1 0.61015625 0.6984375 0.04765625 0.05078125
1 0.29453125 0.44296875 0.05 0.05234375
1 0.4390625 0.81796875 0.04921875 0.0515625
1 0.70859375 0.9078125 0.0484375 0.05
1 0.7515625 0.96640625 0.0484375 0.05078125
1 0.65234375 0.97109375 0.04765625 0.04921875
1 0.559375 0.71328125 0.0484375 0.05234375
1 0.59296875 0.60078125 0.0484375 0.05078125
0 0.03671875 0.71171875 0.04921875 0.0515625
1 0.2453125 0.4484375 0.05 0.0515625
0 0.0234375 0.2828125 0.046875 0.05234375
1 0.49921875 0.7140625 0.04921875 0.0515625
1 0.603125 0.64765625 0.04765625 0.04921875
1 0.70703125 0.86015625 0.0484375 0.05234375
0 0.38359375 0.08671875 0.04921875 0.05078125
0 0.4890625 0.08359375 0.04921875 0.05
1 0.609375 0.8640625 0.04921875 0.05
1 0.65859375 0.86875 0.04921875 0.0515625
0 0.753125 0.13671875 0.0484375 0.05078125
0 0.9625 0.6515625 0.04921875 0.05234375
0 0.96953125 0.86796875 0.0484375 0.05234375
0 0.59375 0.9703125 0.04765625 0.0484375
0 0.54453125 0.97265625 0.0484375 0.0484375
0 0.025 0.2234375 0.04765625 0.05234375
0 0.33671875 0.07265625 0.0484375 0.0515625
0 0.49296875 0.97421875 0.046875 0.0484375
0 0.96953125 0.91875 0.04921875 0.0515625
0 0.8546875 0.9671875 0.04921875 0.05
0 0.80078125 0.459375 0.04609375 0.0484375
0 0.146875 0.39375 0.04765625 0.05
1 0.0984375 0.39375 0.046875 0.0484375
1 0.15390625 0.546875 0.04609375 0.04765625
1 0.20078125 0.54765625 0.046875 0.04609375
1 0.853125 0.50390625 0.046875 0.04609375
1 0.5953125 0.54765625 0.046875 0.046875
1 0.55703125 0.86640625 0.046875 0.04921875