0 0.54140625 0.6625 0.0515625 0.0453125
1 0.440625 0.6578125 0.053125 0.046875
1 0.44765625 0.6109375 0.0546875 0.04765625
0 0.60078125 0.66875 0.05234375 0.04765625
1 0.3390625 0.703125 0.05546875 0.0484375
1 0.49921875 0.70234375 0.05234375 0.04765625
1 0.4484375 0.70625 0.053125 0.04765625
1 0.49921875 0.75546875 0.053125 0.0484375
0 0.546875 0.60390625 0.05234375 0.0484375
1 0.28203125 0.5578125 0.05390625 0.046875
0 0.54296875 0.55390625 0.0515625 0.046875
1 0.34140625 0.509375 0.05234375 0.04765625
1 0.4921875 0.65546875 0.05234375 0.04765625
0 0.55 0.7109375 0.053125 0.04765625
1 0.39609375 0.7515625 0.05390625 0.04921875
1 0.48671875 0.80625 0.05390625 0.05
1 0.23828125 0.703125 0.0546875 0.04921875
1 0.1828125 0.60625 0.05390625 0.04921875
1 0.39140625 0.553125 0.05390625 0.0484375
1 0.2296875 0.5609375 0.05234375 0.04765625
0 0.65390625 0.7046875 0.05234375 0.04765625
1 0.3890625 0.50234375 0.05234375 0.04765625
1 0.1828125 0.70078125 0.05390625 0.04921875
1 0.446875 0.5640625 0.053125 0.0484375
1 0.284375 0.509375 0.05234375 0.046875
1 0.39609375 0.8 0.0546875 0.05
1 0.34296875 0.4625 0.05390625 0.04921875
1 0.23828125 0.7515625 0.0546875 0.05
1 0.53984375 0.803125 0.053125 0.04921875
0 0.640625 0.821875 0.05234375 0.05
1 0.17734375 0.653125 0.05390625 0.04765625
0 0.59453125 0.55625 0.0515625 0.046875
1 0.13203125 0.6171875 0.05390625 0.05
1 0.3421875 0.75078125 0.0546875 0.04765625
1 0.55078125 0.75625 0.05234375 0.04765625
0 0.60078125 0.76484375 0.0515625 0.046875
0 0.1765625 0.5125 0.053125 0.04921875
0 0.64921875 0.50859375 0.05390625 0.046875
1 0.24609375 0.6046875 0.05390625 0.0484375
1 0.334375 0.6546875 0.0546875 0.04921875
1 0.296875 0.60234375 0.053125 0.04765625
1 0.18203125 0.75703125 0.05234375 0.0484375
1 0.128125 0.66640625 0.05390625 0.05
1 0.128125 0.5609375 0.05390625 0.05
0 0.2296875 0.51171875 0.053125 0.04765625
1 0.2359375 0.80390625 0.0546875 0.05
1 0.39765625 0.85078125 0.0546875 0.04921875
0 0.6515625 0.76171875 0.05234375 0.04765625
1 0.33515625 0.3671875 0.05234375 0.046875
1 0.503125 0.8640625 0.0546875 0.05
1 0.5875 0.81328125 0.05078125 0.0484375
0 0.1265625 0.715625 0.053125 0.0484375
0 0.703125 0.759375 0.05234375 0.046875
0 0.603125 0.8578125 0.05390625 0.04765625
0 0.76875 0.50078125 0.053125 0.0484375
1 0.28515625 0.3578125 0.0515625 0.0484375
0 0.81875 0.7625 0.0546875 0.0484375
1 0.078125 0.6015625 0.0546875 0.05
0 0.65234375 0.5578125 0.05234375 0.046875
1 0.496875 0.50703125 0.05234375 0.04921875
0 0.7640625 0.54765625 0.05234375 0.04765625
0 0.2859375 0.4078125 0.053125 0.04921875
0 0.88125 0.7125 0.0546875 0.05
1 0.55 0.85 0.05234375 0.04609375
1 0.3984375 0.40703125 0.05390625 0.0484375
0 0.2796875 0.2640625 0.05234375 0.04921875
0 0.3375 0.4140625 0.05234375 0.04765625
0 0.13125 0.76328125 0.053125 0.04765625
0 0.178125 0.5578125 0.0515625 0.04765625
0 0.39453125 0.31171875 0.053125 0.04765625
0 0.1203125 0.5140625 0.053125 0.0484375
0 0.80625 0.81328125 0.0546875 0.04921875
0 0.9140625 0.55546875 0.05390625 0.04921875
0 0.17109375 0.4125 0.05390625 0.046875
0 0.8140625 0.5609375 0.05234375 0.04765625
1 0.28671875 0.8609375 0.05546875 0.0515625
0 0.38515625 0.359375 0.05234375 0.0484375
1 0.55 0.50703125 0.053125 0.0484375
0 0.44921875 0.85625 0.05234375 0.046875
0 0.34296875 0.30703125 0.05234375 0.04921875
0 0.2921875 0.4609375 0.053125 0.0484375
0 0.653125 0.86640625 0.05234375 0.05
0 0.71328125 0.5609375 0.05234375 0.04609375
0 0.93125 0.7046875 0.05390625 0.05
0 0.29296875 0.31015625 0.0515625 0.0484375
0 0.4484375 0.2515625 0.05234375 0.04765625
0 0.171875 0.46171875 0.05390625 0.04921875
0 0.55234375 0.89765625 0.053125 0.04921875
0 0.27890625 0.2125 0.0515625 0.04765625
0 0.38828125 0.20234375 0.053125 0.0484375
0 0.3296875 0.20390625 0.05234375 0.0484375
0 0.184375 0.80859375 0.0515625 0.046875
0 0.915625 0.603125 0.05390625 0.05078125
0 0.8609375 0.60234375 0.05390625 0.04921875
1 0.5046875 0.9125 0.05390625 0.04765625
1 0.38984375 0.89765625 0.05390625 0.04765625
0 0.39296875 0.25 0.05234375 0.05
1 0.02734375 0.6046875 0.05234375 0.05
1 0.2328125 0.85390625 0.0546875 0.05
0 0.07890625 0.64921875 0.05234375 0.0484375
0 0.17890625 0.365625 0.05234375 0.04765625
0 0.86171875 0.496875 0.05390625 0.0484375
1 0.28828125 0.90859375 0.05390625 0.0484375
1 0.453125 0.30078125 0.05234375 0.0484375
0 0.128125 0.81015625 0.05234375 0.046875
1 0.4515625 0.3578125 0.05234375 0.04921875
0 0.75078125 0.659375 0.053125 0.04765625
0 0.603125 0.90703125 0.053125 0.04921875
1 0.4453125 0.45078125 0.053125 0.0484375
1 0.17734375 0.85546875 0.053125 0.04921875
0 0.1265625 0.85625 0.05234375 0.046875
0 0.7125 0.86875 0.053125 0.0484375
1 0.340625 0.90625 0.053125 0.04765625
0 0.66875 0.9125 0.05234375 0.04765625
1 0.24140625 0.30703125 0.05234375 0.05
0 0.8140625 0.8625 0.0546875 0.04921875
0 0.2390625 0.9078125 0.05234375 0.046875
0 0.44453125 0.90390625 0.05234375 0.046875
0 0.02890625 0.6515625 0.05078125 0.04765625
0 0.7640625 0.86640625 0.05234375 0.0484375
0 0.7125 0.4640625 0.05234375 0.04765625
1 0.0265625 0.55390625 0.05234375 0.05078125
1 0.91171875 0.5078125 0.05234375 0.04921875
0 0.18125 0.909375 0.053125 0.04609375
0 0.975 0.653125 0.05 0.05078125
1 0.4515625 0.19140625 0.0515625 0.04765625
1 0.87421875 0.759375 0.05390625 0.0484375
0 0.13125 0.903125 0.05234375 0.046875
1 0.2265625 0.209375 0.0515625 0.0484375
1 0.5609375 0.9546875 0.0546875 0.05
1 0.934375 0.7515625 0.05390625 0.0484375
1 0.50078125 0.9609375 0.05390625 0.0484375
1 0.334375 0.953125 0.053125 0.0484375
1 0.28359375 0.9546875 0.053125 0.0484375
1 0.39140625 0.14921875 0.053125 0.0484375
0 0.13046875 0.20390625 0.05234375 0.0484375
1 0.9640625 0.50625 0.05234375 0.04921875
0 0.61875 0.95703125 0.053125 0.0484375
1 0.275 0.15 0.053125 0.05
0 0.7546875 0.2 0.05234375 0.04765625
0 0.2328125 0.95390625 0.053125 0.046875
1 0.80703125 0.0609375 0.053125 0.05