1 0.40078125 0.540625 0.05390625 0.0515625
0 0.19453125 0.596875 0.05390625 0.04921875
0 0.2890625 0.79453125 0.05546875 0.0515625
0 0.29609375 0.3453125 0.0515625 0.04765625
0 0.65234375 0.5875 0.05078125 0.046875
0 0.2375 0.34765625 0.053125 0.0484375
0 0.70546875 0.69921875 0.05234375 0.04765625
0 0.45625 0.34765625 0.05234375 0.0484375
0 0.24375 0.19375 0.05546875 0.04921875
0 0.146875 0.64140625 0.0515625 0.05234375
0 0.7046875 0.4953125 0.053125 0.0484375
0 0.9125 0.69140625 0.0546875 0.0515625
0 0.91328125 0.28671875 0.05234375 0.046875
0 0.1375 0.79765625 0.0546875 0.05234375
0 0.5515625 0.49765625 0.0546875 0.0484375
0 0.76171875 0.53984375 0.053125 0.04921875
0 0.7671875 0.59375 0.0515625 0.04765625
0 0.44921875 0.19453125 0.0515625 0.046875
0 0.0796875 0.59453125 0.0546875 0.05234375
0 0.14375 0.69453125 0.05546875 0.05
0 0.08125 0.79453125 0.0546875 0.053125
0 0.71015625 0.4421875 0.05 0.0484375
0 0.29375 0.29140625 0.05234375 0.04921875
1 0.76171875 0.29609375 0.05234375 0.05
0 0.39921875 0.18984375 0.05390625 0.0484375
0 0.13203125 0.190625 0.053125 0.05
0 0.4484375 0.2921875 0.0515625 0.04921875
0 0.08046875 0.19765625 0.053125 0.05
0 0.40078125 0.34765625 0.053125 0.04765625
0 0.559375 0.38671875 0.05078125 0.0484375
0 0.08671875 0.74375 0.0546875 0.05234375
0 0.39296875 0.3984375 0.053125 0.04609375
0 0.35 0.2890625 0.05078125 0.04921875
0 0.81328125 0.28515625 0.05234375 0.0484375
0 0.5046875 0.6828125 0.053125 0.04921875
0 0.09140625 0.68828125 0.053125 0.05234375
0 0.75703125 0.13203125 0.0515625 0.04765625
0 0.09296875 0.2421875 0.05390625 0.0484375
0 0.34921875 0.14296875 0.053125 0.046875
0 0.028125 0.58671875 0.05234375 0.04921875
0 0.24375 0.28828125 0.0546875 0.05078125
1 0.65546875 0.490625 0.053125 0.05078125
1 0.19453125 0.53203125 0.05390625 0.04765625
0 0.8625 0.290625 0.05078125 0.0484375
1 0.90859375 0.39375 0.0515625 0.05078125
1 0.09375 0.3421875 0.05546875 0.05234375
1 0.3421875 0.39765625 0.0515625 0.05078125
0 0.49921875 0.746875 0.05234375 0.05
0 0.80625 0.13203125 0.05 0.0484375
0 0.29453125 0.1875 0.0546875 0.05
0 0.8609375 0.1859375 0.0515625 0.04765625
0 0.96171875 0.784375 0.05234375 0.0515625
0 0.2421875 0.396875 0.0546875 0.04921875
1 0.60859375 0.1296875 0.05390625 0.0484375
0 0.2421875 0.4421875 0.05546875 0.05078125
1 0.96796875 0.584375 0.05234375 0.05390625
0 0.86328125 0.7359375 0.053125 0.04921875
1 0.7125 0.3890625 0.05234375 0.05
0 0.55625 0.690625 0.05078125 0.04765625
0 0.86875 0.140625 0.05078125 0.04765625
1 0.03515625 0.53828125 0.0546875 0.05078125
0 0.709375 0.6375 0.05078125 0.04921875
0 0.7 0.746875 0.05390625 0.05
1 0.8546875 0.4859375 0.05546875 0.0515625
0 0.2984375 0.134375 0.05390625 0.0484375
0 0.7578125 0.7484375 0.0546875 0.0515625
0 0.19453125 0.14375 0.0546875 0.04921875
1 0.24765625 0.646875 0.05390625 0.0484375
0 0.03359375 0.29140625 0.05234375 0.05
1 0.55859375 0.33125 0.0515625 0.04921875
0 0.446875 0.13515625 0.053125 0.05
1 0.03359375 0.33828125 0.05234375 0.04921875
0 0.66171875 0.42890625 0.053125 0.04921875
0 0.02421875 0.8 0.0484375 0.05
1 0.759375 0.43671875 0.05234375 0.05
0 0.55546875 0.44453125 0.05390625 0.04921875
1 0.13671875 0.5890625 0.05546875 0.0515625
0 0.03984375 0.23515625 0.05234375 0.05078125
1 0.44765625 0.59609375 0.0546875 0.05078125
1 0.24609375 0.49140625 0.05234375 0.0484375
0 0.4 0.6875 0.05234375 0.05078125
0 0.5015625 0.43359375 0.05390625 0.05078125
1 0.25234375 0.60078125 0.0546875 0.0484375
1 0.7015625 0.196875 0.05390625 0.05
1 0.909375 0.48828125 0.05 0.0515625
0 0.45703125 0.08203125 0.05234375 0.0515625
1 0.49921875 0.53984375 0.053125 0.04765625
1 0.7671875 0.49140625 0.053125 0.04921875
1 0.2953125 0.746875 0.0546875 0.04921875
0 0.7015625 0.5421875 0.0515625 0.05078125
0 0.45 0.8421875 0.0515625 0.04921875
1 0.1375 0.54140625 0.0546875 0.05
0 0.72109375 0.08984375 0.0515625 0.0484375
0 0.8125 0.84453125 0.0546875 0.05078125
0 0.86796875 0.234375 0.05234375 0.0484375
0 0.7125 0.84296875 0.0546875 0.05078125
1 0.0875 0.5453125 0.053125 0.05
1 0.1828125 0.38671875 0.053125 0.05078125
0 0.6109375 0.434375 0.053125 0.0484375
1 0.39765625 0.4453125 0.05234375 0.05
0 0.453125 0.39609375 0.053125 0.04765625
1 0.2953125 0.4453125 0.05234375 0.05
1 0.39765625 0.29296875 0.05234375 0.05078125
1 0.91640625 0.64140625 0.05078125 0.05
1 0.69453125 0.13984375 0.053125 0.04921875
1 0.453125 0.44453125 0.0546875 0.05078125
0 0.13671875 0.846875 0.0546875 0.0515625
0 0.1375 0.1390625 0.053125 0.04921875
0 0.19296875 0.6890625 0.05078125 0.05
1 0.7609375 0.1796875 0.0515625 0.04921875
0 0.6140625 0.0796875 0.05078125 0.046875
0 0.503125 0.9015625 0.05234375 0.0515625
1 0.81328125 0.334375 0.053125 0.05078125
0 0.70703125 0.04296875 0.05390625 0.04921875
1 0.86875 0.58984375 0.05 0.05
0 0.45234375 0.89375 0.05390625 0.05078125
1 0.5 0.49140625 0.05234375 0.04765625
1 0.60859375 0.38359375 0.05 0.04921875
1 0.17890625 0.32890625 0.05390625 0.05078125
1 0.34375 0.34140625 0.05234375 0.05234375
0 0.2453125 0.23984375 0.05390625 0.0515625
1 0.50078125 0.62890625 0.05390625 0.04921875
1 0.34609375 0.44765625 0.05390625 0.05
0 0.8640625 0.8421875 0.04921875 0.04921875
0 0.96015625 0.83515625 0.0515625 0.04921875
0 0.9671875 0.634375 0.0515625 0.05078125
1 0.2421875 0.69609375 0.0546875 0.05
1 0.5046875 0.33515625 0.053125 0.0484375
0 0.9640625 0.3265625 0.053125 0.0515625
1 0.09375 0.2890625 0.053125 0.05
1 0.55390625 0.58984375 0.0515625 0.04765625
1 0.66015625 0.38125 0.04921875 0.0484375
0 0.3015625 0.8921875 0.0546875 0.05
1 0.9578125 0.384375 0.05078125 0.05078125
1 0.33984375 0.7890625 0.0546875 0.05078125
0 0.771875 0.078125 0.05 0.0484375
1 0.665625 0.08515625 0.0515625 0.04921875
1 0.81328125 0.2359375 0.053125 0.05
1 0.81171875 0.1890625 0.0515625 0.0484375
1 0.14140625 0.240625 0.053125 0.0515625
1 0.8140625 0.54375 0.05234375 0.04921875
1 0.81796875 0.590625 0.05234375 0.05
1 0.49765625 0.2921875 0.05234375 0.04921875
1 0.496875 0.18515625 0.05234375 0.04921875
0 0.45390625 0.0296875 0.05078125 0.04765625
1 0.55625 0.08359375 0.05 0.05
1 0.4484375 0.6453125 0.0546875 0.0484375
1 0.86328125 0.3375 0.04921875 0.04921875
1 0.65546875 0.69765625 0.05234375 0.04921875
1 0.9671875 0.434375 0.05390625 0.05078125
1 0.64765625 0.7453125 0.05234375 0.04921875
1 0.346875 0.2390625 0.053125 0.05
0 0.3921875 0.8890625 0.0515625 0.04921875
1 0.9609375 0.7328125 0.05234375 0.0515625
0 0.3 0.49609375 0.05625 0.05234375
0 0.0328125 0.63359375 0.0515625 0.0515625
1 0.1390625 0.7421875 0.05546875 0.05234375
1 0.18984375 0.7484375 0.0546875 0.0515625
1 0.45078125 0.69296875 0.0546875 0.05078125
1 0.49609375 0.240625 0.0515625 0.04921875
0 0.9140625 0.3359375 0.05390625 0.0484375
0 0.80703125 0.8921875 0.0515625 0.0515625
1 0.39609375 0.23828125 0.053125 0.05
1 0.603125 0.79609375 0.05390625 0.0515625
0 0.08828125 0.39453125 0.05390625 0.05078125
1 0.5015625 0.1328125 0.05390625 0.04921875
1 0.6078125 0.69453125 0.053125 0.04921875
1 0.81171875 0.64140625 0.0515625 0.04921875
1 0.603125 0.59765625 0.0515625 0.04921875
1 0.86015625 0.68828125 0.05078125 0.05078125
1 0.49921875 0.846875 0.05390625 0.05078125
1 0.34609375 0.19296875 0.0546875 0.05078125
1 0.759375 0.6421875 0.05234375 0.05
1 0.19296875 0.2359375 0.053125 0.0515625
1 0.23671875 0.7921875 0.05234375 0.05
1 0.86328125 0.79609375 0.053125 0.05
0 0.0359375 0.8453125 0.0515625 0.046875
1 0.55390625 0.790625 0.053125 0.05
1 0.55078125 0.5453125 0.0515625 0.046875
0 0.91328125 0.8953125 0.0515625 0.05078125
1 0.50703125 0.08359375 0.05078125 0.04921875
1 0.18984375 0.18984375 0.05390625 0.046875
1 0.196875 0.8921875 0.0546875 0.05234375
1 0.39453125 0.79453125 0.05390625 0.04921875
1 0.553125 0.95078125 0.05234375 0.0515625
1 0.25 0.8875 0.05546875 0.05078125
0 0.24140625 0.95078125 0.053125 0.05
1 0.6046875 0.89375 0.05390625 0.05
1 0.55546875 0.88515625 0.053125 0.04921875
1 0.09375 0.9 0.05625 0.053125
1 0.446875 0.2421875 0.05078125 0.04921875
1 0.91328125 0.79609375 0.05 0.05
1 0.14765625 0.9015625 0.05859375 0.0546875
1 0.18828125 0.9515625 0.0546875 0.05234375
0 0.45078125 0.946875 0.0546875 0.05234375
1 0.0859375 0.84609375 0.053125 0.05
0 0.9625 0.88984375 0.0515625 0.0515625
0 0.7546875 0.9453125 0.053125 0.0515625
0 0.2921875 0.95234375 0.05390625 0.05
1 0.9125 0.84296875 0.0515625 0.04921875
1 0.65703125 0.0296875 0.05234375 0.0484375
1 0.6546875 0.94453125 0.05234375 0.05234375
1 0.503125 0.0328125 0.0515625 0.04921875
1 0.03515625 0.89296875 0.0546875 0.05078125
1 0.0859375 0.9484375 0.05625 0.05078125
1 0.6046875 0.94375 0.053125 0.05390625
1 0.503125 0.95390625 0.05234375 0.05078125
1 0.8109375 0.79140625 0.05234375 0.04921875
0 0.34375 0.953125 0.05234375 0.04921875
0 0.84609375 0.95234375 0.053125 0.0515625
0 0.29375 0.39453125 0.046875 0.0515625
0 0.196875 0.64375 0.046875 0.04921875
0 0.50625 0.38671875 0.05 0.04921875
0 0.76328125 0.68984375 0.04765625 0.046875
0 0.603125 0.54921875 0.0515625 0.05078125
0 0.5515625 0.64375 0.04921875 0.04765625
0 0.60234375 0.64765625 0.0484375 0.04921875
0 0.653125 0.6375 0.05 0.05390625
0 0.23828125 0.83984375 0.0484375 0.04765625
0 0.2890625 0.84296875 0.05 0.05
0 0.346875 0.8390625 0.0484375 0.05078125
0 0.39765625 0.8421875 0.05390625 0.04921875
0 0.7015625 0.89296875 0.0515625 0.0484375
0 0.75234375 0.89375 0.0484375 0.04921875
0 0.91328125 0.74140625 0.04921875 0.05078125
0 0.4484375 0.74765625 0.053125 0.04765625
1 0.29609375 0.24140625 0.0484375 0.05
1 0.1890625 0.284375 0.053125 0.04765625
1 0.18984375 0.4375 0.0515625 0.0515625
1 0.19140625 0.48671875 0.05546875 0.04453125
1 0.18828125 0.79765625 0.04921875 0.0515625
1 0.1875 0.8453125 0.05 0.04921875
1 0.39765625 0.746875 0.053125 0.04921875
1 0.446875 0.7953125 0.04921875 0.046875
1 0.49765625 0.7953125 0.0484375 0.0515625
1 0.55 0.73984375 0.053125 0.05078125
1 0.60625 0.84609375 0.0515625 0.05390625
1 0.66171875 0.83671875 0.05078125 0.046875
1 0.65390625 0.88359375 0.04921875 0.0484375
1 0.709375 0.7953125 0.04921875 0.04921875
1 0.75859375 0.7984375 0.0515625 0.046875
1 0.7609375 0.84609375 0.046875 0.04609375
1 0.8109375 0.74296875 0.05 0.04609375
1 0.81171875 0.6984375 0.04921875 0.04765625
1 0.7046875 0.94140625 0.0453125 0.05078125