1 0.58984375 0.4109375 0.0515625 0.0546875
0 0.2515625 0.54765625 0.05625 0.0578125
1 0.47890625 0.4171875 0.0546875 0.0578125
1 0.6375 0.46796875 0.05234375 0.0578125
1 0.5328125 0.34609375 0.05546875 0.05703125
1 0.575 0.50859375 0.0515625 0.05546875
1 0.68203125 0.49921875 0.0515625 0.05546875
1 0.4203125 0.371875 0.05703125 0.05625
1 0.6421875 0.40078125 0.0515625 0.05546875
1 0.3796875 0.3265625 0.05625 0.0578125
1 0.4796875 0.36171875 0.0546875 0.05390625
1 0.3796875 0.41484375 0.05625 0.05546875
1 0.4390625 0.4765625 0.0546875 0.05390625
1 0.5828125 0.3484375 0.05234375 0.05625
1 0.5328125 0.2875 0.053125 0.05546875
1 0.47578125 0.52421875 0.05390625 0.05546875
1 0.52109375 0.46640625 0.05390625 0.05234375
1 0.37578125 0.2609375 0.0578125 0.0609375
1 0.3875 0.4734375 0.05546875 0.0578125
1 0.73203125 0.55703125 0.05234375 0.05546875
1 0.73984375 0.4984375 0.05 0.05390625
1 0.6296875 0.5734375 0.05234375 0.0546875
1 0.52421875 0.51953125 0.05390625 0.05625
1 0.42890625 0.25625 0.05625 0.05859375
1 0.48671875 0.3109375 0.0546875 0.05390625
1 0.68046875 0.61328125 0.0515625 0.05625
1 0.5421875 0.57109375 0.05390625 0.0546875
1 0.784375 0.61328125 0.0515625 0.05390625
1 0.48046875 0.25625 0.05390625 0.0546875
1 0.4328125 0.2015625 0.05625 0.05234375
1 0.5296875 0.6234375 0.0546875 0.05546875
1 0.68515625 0.44609375 0.05 0.053125
1 0.37734375 0.2 0.05625 0.05546875
1 0.32578125 0.3625 0.05390625 0.05390625
1 0.77421875 0.6640625 0.0515625 0.05390625
1 0.78984375 0.53828125 0.05234375 0.0546875
0 0.534375 0.2015625 0.05234375 0.059375
1 0.321875 0.25546875 0.05703125 0.059375
1 0.878125 0.6609375 0.0515625 0.0546875
1 0.8796875 0.61015625 0.05 0.053125
0 0.271875 0.3765625 0.05703125 0.06015625
1 0.428125 0.6375 0.0546875 0.05625
1 0.69609375 0.70625 0.0515625 0.05390625
1 0.4796875 0.6375 0.0546875 0.05546875
1 0.43984375 0.58515625 0.05390625 0.05390625
1 0.7234375 0.66328125 0.05078125 0.0546875
1 0.375 0.65 0.05625 0.05546875
1 0.36953125 0.14765625 0.0578125 0.05546875
0 0.971875 0.646875 0.0484375 0.05546875
1 0.31875 0.7546875 0.05625 0.05703125
1 0.9234375 0.65703125 0.05 0.05390625
1 0.265625 0.7515625 0.05546875 0.059375
1 0.63984375 0.68125 0.05234375 0.053125
0 0.453125 0.1421875 0.05234375 0.0578125
0 0.3296875 0.4734375 0.05390625 0.05625
1 0.5375 0.675 0.05234375 0.05546875
1 0.534375 0.7328125 0.053125 0.0546875
1 0.83671875 0.54765625 0.04921875 0.053125
1 0.31484375 0.81953125 0.05625 0.05703125
1 0.7875 0.721875 0.05234375 0.053125
1 0.20078125 0.82890625 0.05625 0.0609375
1 0.375 0.82109375 0.05703125 0.05546875
0 0.325 0.415625 0.05546875 0.059375
1 0.9328125 0.71015625 0.04921875 0.053125
0 0.30859375 0.203125 0.0546875 0.05390625
1 0.534375 0.7859375 0.053125 0.05390625
1 0.59296875 0.7359375 0.05234375 0.05234375
1 0.215625 0.32265625 0.05546875 0.06171875
0 0.83203125 0.6 0.04765625 0.05390625
1 0.8359375 0.72265625 0.04921875 0.05234375
1 0.92421875 0.75859375 0.0515625 0.0515625
1 0.7328125 0.83203125 0.05390625 0.05390625
0 0.82734375 0.17421875 0.04921875 0.05625
1 0.975 0.746875 0.0484375 0.0515625
1 0.78046875 0.825 0.05078125 0.05234375
1 0.8796875 0.75703125 0.05 0.05078125
1 0.375 0.871875 0.05703125 0.05546875
1 0.6828125 0.88125 0.05234375 0.0546875
1 0.2671875 0.88828125 0.05546875 0.0578125
1 0.82734375 0.8265625 0.0515625 0.05390625
1 0.63359375 0.89765625 0.053125 0.05625
1 0.740625 0.88046875 0.0515625 0.053125
1 0.534375 0.9046875 0.0546875 0.05625
1 0.73984375 0.9328125 0.05390625 0.05546875
1 0.37265625 0.0921875 0.0578125 0.05625
1 0.5828125 0.89296875 0.053125 0.05625
1 0.6375 0.95390625 0.053125 0.05703125
0 0.27265625 0.31171875 0.05625 0.05859375
1 0.7859375 0.9390625 0.05078125 0.05390625
0 0.31640625 0.15 0.05546875 0.05703125
1 0.8375 0.875 0.0515625 0.05234375
1 0.2140625 0.8921875 0.0578125 0.059375
1 0.32109375 0.09375 0.0546875 0.05390625
1 0.97890625 0.7 0.0421875 0.053125
1 0.8328125 0.925 0.05078125 0.05390625
0 0.97578125 0.85234375 0.04765625 0.05390625
1 0.8828125 0.9140625 0.05234375 0.05546875
1 0.359375 0.925 0.05703125 0.05703125
0 0.26875 0.25625 0.0546875 0.05546875
0 0.92890625 0.54140625 0.04921875 0.05390625
1 0.52265625 0.965625 0.0546875 0.05703125
0 0.9265625 0.596875 0.04921875 0.053125
0 0.37109375 0.534375 0.05546875 0.05546875
1 0.30625 0.93359375 0.05625 0.05859375
0 0.92890625 0.9109375 0.05 0.05390625
0 0.48046875 0.91015625 0.0546875 0.05546875
0 0.88203125 0.55078125 0.0515625 0.05546875
0 0.33125 0.59296875 0.05546875 0.05546875
0 0.4140625 0.92109375 0.05546875 0.05625
1 0.97578125 0.9078125 0.04765625 0.053125
0 0.434375 0.7 0.0546875 0.0578125
0 0.4234375 0.5375 0.05546875 0.05390625
0 0.384375 0.5921875 0.05390625 0.05546875
0 0.884375 0.8609375 0.04921875 0.05078125
1 0.8765625 0.96796875 0.05234375 0.05390625
0 0.64375 0.73125 0.05234375 0.05625
0 0.3765625 0.7125 0.05546875 0.0578125
0 0.96875 0.80390625 0.04921875 0.05390625
0 0.32421875 0.6984375 0.05546875 0.05546875
0 0.92265625 0.809375 0.05078125 0.05546875
0 0.37109375 0.76640625 0.05546875 0.0546875
0 0.48515625 0.69140625 0.05546875 0.05703125
0 0.43125 0.809375 0.0546875 0.05546875
1 0.928125 0.96796875 0.04921875 0.05390625
0 0.321875 0.6484375 0.0546875 0.0546875
0 0.53203125 0.85234375 0.05390625 0.0546875
0 0.63125 0.846875 0.0515625 0.0515625
0 0.7390625 0.73125 0.0515625 0.053125
0 0.6265625 0.63203125 0.0515625 0.0546875
0 0.42578125 0.86953125 0.0546875 0.05703125
0 0.4828125 0.746875 0.0546875 0.05546875
0 0.5875 0.6859375 0.0515625 0.05234375
0 0.6875 0.77421875 0.05234375 0.05546875
0 0.5828125 0.78671875 0.05234375 0.05390625
0 0.68203125 0.83125 0.05078125 0.05234375
0 0.87578125 0.81171875 0.04921875 0.05625
0 0.5765625 0.6359375 0.05234375 0.053125
0 0.83125 0.77421875 0.05078125 0.053125
0 0.4828125 0.80078125 0.05390625 0.05390625
0 0.58125 0.83828125 0.053125 0.05390625
0 0.7828125 0.7734375 0.05234375 0.05234375
0 0.7359375 0.77890625 0.05078125 0.0515625
1 0.78671875 0.98359375 0.05078125 0.0328125
1 0.6921875 0.98515625 0.05078125 0.02890625
1 0.63359375 0.9953125 0.04609375 0.00859375