0 0.421875 0.60078125 0.04765625 0.05234375
1 0.415625 0.440625 0.04765625 0.0515625
1 0.3625 0.43984375 0.04765625 0.0515625
1 0.5109375 0.33515625 0.04765625 0.05390625
0 0.29921875 0.5390625 0.04765625 0.05234375
0 0.25703125 0.5046875 0.04765625 0.05078125
1 0.30625 0.37890625 0.0484375 0.05234375
1 0.35625 0.38828125 0.04765625 0.05078125
0 0.40625 0.55390625 0.04765625 0.05234375
0 0.4703125 0.76328125 0.0484375 0.05234375
0 0.3515625 0.49140625 0.0484375 0.0515625
1 0.15078125 0.340625 0.04765625 0.053125
0 0.2109375 0.45078125 0.0484375 0.05390625
0 0.11171875 0.559375 0.04921875 0.053125
0 0.1640625 0.51484375 0.04921875 0.05234375
0 0.42109375 0.76640625 0.0484375 0.0515625
1 0.359375 0.33828125 0.0484375 0.05234375
1 0.40625 0.33828125 0.0484375 0.053125
0 0.05859375 0.509375 0.0484375 0.05234375
1 0.2046875 0.334375 0.0484375 0.05390625
0 0.46328125 0.709375 0.046875 0.053125
1 0.4640625 0.2796875 0.0484375 0.05234375
0 0.50859375 0.50078125 0.04765625 0.053125
0 0.37109375 0.76875 0.0484375 0.05234375
1 0.55078125 0.18203125 0.04765625 0.05234375
0 0.56015625 0.709375 0.046875 0.05234375
1 0.45703125 0.2265625 0.04765625 0.05234375
0 0.4 0.48828125 0.04609375 0.0515625
0 0.5125 0.6921875 0.046875 0.05078125
1 0.51328125 0.28125 0.0484375 0.05390625
0 0.4625 0.44296875 0.0484375 0.0515625
0 0.81484375 0.66484375 0.046875 0.05078125
0 0.2625 0.4375 0.04765625 0.05390625
1 0.2546875 0.325 0.04921875 0.053125
0 0.6 0.49765625 0.046875 0.05078125
0 0.86015625 0.61640625 0.046875 0.05234375
1 0.10234375 0.33125 0.0484375 0.05234375
0 0.71171875 0.66796875 0.04765625 0.0515625
1 0.5015625 0.16640625 0.0484375 0.053125
1 0.309375 0.23046875 0.04765625 0.05234375
0 0.31171875 0.43203125 0.0484375 0.053125
0 0.1171875 0.3953125 0.04921875 0.05234375
1 0.35703125 0.17265625 0.04765625 0.05234375
1 0.4046875 0.17265625 0.0484375 0.05234375
0 0.6546875 0.71171875 0.046875 0.053125
0 0.4671875 0.65390625 0.04765625 0.05078125
0 0.603125 0.6578125 0.046875 0.05234375
0 0.565625 0.334375 0.0484375 0.05234375
0 0.1171875 0.5078125 0.04921875 0.053125
1 0.3609375 0.28515625 0.04765625 0.0515625
0 0.55546875 0.65703125 0.046875 0.05390625
1 0.4515625 0.17265625 0.04765625 0.05234375
0 0.703125 0.43671875 0.04765625 0.05078125
0 0.765625 0.65390625 0.04765625 0.0515625
0 0.36796875 0.8296875 0.0484375 0.05234375
0 0.321875 0.821875 0.0484375 0.05390625
0 0.60625 0.596875 0.04765625 0.05234375
0 0.55390625 0.4984375 0.046875 0.05390625
0 0.1140625 0.7671875 0.04921875 0.05625
0 0.0625 0.45703125 0.04921875 0.05390625
0 0.3015625 0.4890625 0.04765625 0.05390625
0 0.06328125 0.40078125 0.0484375 0.053125
0 0.26953125 0.83125 0.04921875 0.053125
0 0.40703125 0.38984375 0.04765625 0.0515625
0 0.66015625 0.6578125 0.046875 0.053125
0 0.16796875 0.76796875 0.04921875 0.0546875
0 0.5515625 0.55390625 0.04609375 0.05234375
0 0.871875 0.44921875 0.04765625 0.0515625
0 0.17109375 0.3875 0.0484375 0.05234375
0 0.21171875 0.81953125 0.05 0.05390625
0 0.2171875 0.39375 0.0484375 0.053125
0 0.5625 0.603125 0.046875 0.053125
0 0.56015625 0.4453125 0.04609375 0.0515625
0 0.059375 0.7640625 0.04765625 0.053125
0 0.7703125 0.5984375 0.04765625 0.0515625
0 0.165625 0.82890625 0.0484375 0.05390625
0 0.7640625 0.49609375 0.046875 0.05078125
0 0.5953125 0.23125 0.046875 0.053125
0 0.5140625 0.3984375 0.046875 0.05234375
0 0.4609375 0.38515625 0.04765625 0.05234375
1 0.35078125 0.1234375 0.04765625 0.05078125
0 0.81640625 0.60390625 0.0484375 0.0546875
0 0.5078125 0.45 0.04609375 0.05234375
0 0.86171875 0.56171875 0.046875 0.05390625
0 0.21640625 0.76640625 0.05 0.0546875
0 0.8140625 0.553125 0.04765625 0.05234375
0 0.70390625 0.384375 0.04765625 0.05234375
1 0.4125 0.07265625 0.0484375 0.05078125
0 0.5609375 0.28046875 0.0484375 0.05234375
0 0.7015625 0.27265625 0.0484375 0.053125
0 0.8109375 0.50078125 0.04765625 0.05234375
0 0.815625 0.4359375 0.04765625 0.0515625
0 0.6890625 0.2234375 0.04765625 0.053125
0 0.803125 0.334375 0.046875 0.0515625
0 0.39765625 0.22265625 0.046875 0.0515625
0 0.70703125 0.33046875 0.0484375 0.053125
0 0.15078125 0.71953125 0.04921875 0.0546875
0 0.46484375 0.33203125 0.0484375 0.0515625
0 0.2609375 0.37734375 0.04921875 0.05390625
1 0.2921875 0.07109375 0.04765625 0.05
0 0.103125 0.71796875 0.04765625 0.05546875
0 0.59765625 0.1796875 0.046875 0.05078125
0 0.54375 0.23359375 0.046875 0.053125
0 0.8515625 0.40078125 0.04765625 0.053125
0 0.75703125 0.2828125 0.04609375 0.05
0 0.64765625 0.17109375 0.046875 0.05
0 0.59765625 0.121875 0.046875 0.0515625
0 0.44765625 0.121875 0.0484375 0.0515625
0 0.0515625 0.3375 0.0484375 0.0546875
0 0.55 0.1296875 0.04765625 0.0515625
0 0.40078125 0.121875 0.0484375 0.05234375
0 0.69609375 0.171875 0.046875 0.04921875
0 0.50625 0.115625 0.04765625 0.053125
1 0.35625 0.0171875 0.04765625 0.0328125