0 0.359375 0.490625 0.046875 0.053125
1 0.2015625 0.446875 0.04921875 0.0546875
1 0.20859375 0.49921875 0.0515625 0.05625
1 0.3015625 0.553125 0.0484375 0.053125
1 0.25 0.5484375 0.05078125 0.05546875
1 0.2 0.39609375 0.04921875 0.053125
0 0.31015625 0.50234375 0.04765625 0.0515625
1 0.2015625 0.55546875 0.0515625 0.05546875
1 0.2109375 0.6171875 0.05 0.05546875
0 0.22265625 0.2953125 0.0515625 0.05625
0 0.25625 0.496875 0.04921875 0.0515625
1 0.71171875 0.39375 0.05 0.05625
1 0.153125 0.390625 0.05078125 0.05546875
0 0.246875 0.3828125 0.05078125 0.0546875
0 0.4546875 0.39296875 0.05 0.05625
1 0.14609375 0.53828125 0.05078125 0.05390625
1 0.15390625 0.440625 0.05078125 0.05546875
1 0.259375 0.65859375 0.05 0.05625
1 0.10625 0.39609375 0.05 0.05546875
1 0.8 0.55546875 0.04921875 0.053125
1 0.66015625 0.39609375 0.05 0.05546875
1 0.6078125 0.3890625 0.05 0.05546875
1 0.5609375 0.3890625 0.0484375 0.05390625
1 0.15859375 0.6046875 0.05078125 0.05546875
0 0.3484375 0.5546875 0.046875 0.05078125
1 0.50546875 0.4390625 0.05078125 0.05546875
1 0.76171875 0.4 0.05078125 0.05703125
0 0.54921875 0.28515625 0.05 0.0546875
0 0.4984375 0.33359375 0.04765625 0.05390625
1 0.65546875 0.54296875 0.04921875 0.0546875
0 0.45859375 0.4484375 0.0484375 0.053125
0 0.60703125 0.33828125 0.046875 0.0515625
1 0.85 0.5515625 0.05 0.05546875
1 0.56171875 0.5484375 0.0484375 0.05234375
0 0.50390625 0.38671875 0.05 0.05546875
1 0.6578125 0.6109375 0.04921875 0.05390625
1 0.1578125 0.33671875 0.05234375 0.05546875
1 0.46015625 0.60078125 0.0484375 0.0515625
1 0.603125 0.4421875 0.05078125 0.05546875
1 0.0984375 0.4984375 0.04921875 0.0546875
1 0.253125 0.71953125 0.0515625 0.0578125
0 0.1015625 0.55546875 0.05 0.05625
1 0.3125 0.659375 0.05078125 0.05546875
0 0.415625 0.54609375 0.04765625 0.05390625
1 0.89765625 0.5953125 0.0484375 0.05546875
1 0.81015625 0.33671875 0.05 0.0546875
1 0.609375 0.55078125 0.0484375 0.053125
1 0.203125 0.7265625 0.0515625 0.05703125
0 0.2484375 0.4359375 0.05078125 0.05546875
1 0.5140625 0.6453125 0.0484375 0.05234375
1 0.5046875 0.5953125 0.0484375 0.0515625
1 0.8078125 0.28359375 0.0484375 0.053125
1 0.76328125 0.6 0.05078125 0.05703125
1 0.5125 0.496875 0.04765625 0.05234375
0 0.45078125 0.49921875 0.0484375 0.053125
1 0.9 0.54375 0.04921875 0.05625
1 0.7515625 0.290625 0.05 0.05546875
0 0.10625 0.6125 0.05 0.0546875
1 0.853125 0.2734375 0.04921875 0.05546875
1 0.3671875 0.65703125 0.04921875 0.053125
1 0.415625 0.6546875 0.05078125 0.05546875
0 0.20703125 0.3453125 0.05234375 0.05703125
0 0.10625 0.29609375 0.0515625 0.05859375
1 0.60234375 0.70703125 0.0515625 0.05625
0 0.159375 0.2296875 0.04921875 0.0546875
1 0.46328125 0.65078125 0.0484375 0.05234375
0 0.5984375 0.2359375 0.04765625 0.053125
0 0.21640625 0.18203125 0.05 0.05703125
0 0.04609375 0.5609375 0.0484375 0.05546875
0 0.6609375 0.33984375 0.04765625 0.05234375
0 0.6421875 0.284375 0.04765625 0.05234375
0 0.95234375 0.5484375 0.05 0.053125
0 0.14921875 0.6640625 0.04921875 0.05390625
1 0.559375 0.496875 0.0484375 0.05390625
1 0.89921875 0.28125 0.05 0.05625
0 0.36328125 0.6046875 0.0484375 0.05234375
0 0.21484375 0.6734375 0.05 0.05390625
1 0.1484375 0.7671875 0.05078125 0.05546875
1 0.703125 0.71171875 0.04765625 0.05234375
1 0.71796875 0.44921875 0.04921875 0.05546875
0 0.26015625 0.60625 0.0484375 0.05390625
0 0.85625 0.61640625 0.0484375 0.05234375
0 0.94453125 0.6015625 0.04921875 0.053125
0 0.1015625 0.7125 0.04921875 0.05390625
1 0.70703125 0.603125 0.046875 0.053125
1 0.65703125 0.7125 0.05 0.05390625
1 0.559375 0.6546875 0.0484375 0.053125
0 0.4125 0.5984375 0.04765625 0.05390625
0 0.1046875 0.23515625 0.05 0.05546875
0 0.059375 0.2109375 0.0484375 0.05859375
1 0.85625 0.76015625 0.05078125 0.05546875
1 0.6484375 0.4859375 0.04765625 0.053125
1 0.159375 0.28203125 0.04921875 0.05390625
0 0.16015625 0.171875 0.04765625 0.05546875
1 0.54609375 0.3375 0.05 0.0546875
0 0.759375 0.18203125 0.04765625 0.053125
0 0.759375 0.34140625 0.046875 0.05078125
0 0.69921875 0.65390625 0.0484375 0.05234375
0 0.90625 0.6609375 0.04921875 0.053125
0 0.8109375 0.6046875 0.05 0.05390625
1 0.303125 0.7671875 0.05078125 0.05625
1 0.50625 0.6953125 0.05 0.0546875
0 0.709375 0.340625 0.0484375 0.05390625
0 0.66015625 0.17890625 0.046875 0.0515625
1 0.04921875 0.33203125 0.0515625 0.059375
0 0.709375 0.23671875 0.04921875 0.053125
1 0.04921875 0.5015625 0.05078125 0.05703125
0 0.70390625 0.290625 0.04921875 0.05625
0 0.85 0.22265625 0.05 0.05546875
1 0.05078125 0.39765625 0.053125 0.06015625
0 0.6109375 0.6015625 0.04921875 0.05390625
1 0.6125 0.75859375 0.05234375 0.05546875
0 0.05 0.659375 0.0484375 0.05390625
0 0.3140625 0.603125 0.04765625 0.05390625
0 0.6625 0.23515625 0.04921875 0.0546875
0 0.109375 0.34609375 0.05 0.05
0 0.80703125 0.1828125 0.0484375 0.05390625
0 0.9046875 0.17890625 0.05 0.0546875
0 0.85625 0.709375 0.0484375 0.05234375
0 0.15625 0.7140625 0.05078125 0.05546875
1 0.15625 0.8203125 0.0515625 0.05546875
0 0.8515625 0.1625 0.0484375 0.053125
0 0.7546875 0.7015625 0.0484375 0.0515625
0 0.89921875 0.228125 0.0484375 0.05390625
0 0.80625 0.7546875 0.05078125 0.053125
1 0.8078125 0.503125 0.04921875 0.05078125
0 0.80546875 0.65625 0.0484375 0.053125
1 0.75625 0.80625 0.0515625 0.05703125
1 0.109375 0.825 0.05078125 0.05546875
1 0.803125 0.23359375 0.0484375 0.053125
0 0.946875 0.69296875 0.0484375 0.053125
1 0.20234375 0.82421875 0.05 0.0546875
1 0.3546875 0.76953125 0.05 0.05390625
0 0.0453125 0.76640625 0.04765625 0.0546875
0 0.95390625 0.1796875 0.04765625 0.053125
0 0.0921875 0.775 0.0484375 0.05390625
0 0.1125 0.128125 0.05078125 0.0578125
1 0.95390625 0.49609375 0.05078125 0.05625
1 0.859375 0.396875 0.05234375 0.05859375
1 0.56015625 0.76328125 0.0484375 0.05390625
1 0.95390625 0.765625 0.04921875 0.05546875
1 0.70625 0.8125 0.0515625 0.05546875
0 0.9046875 0.71015625 0.0515625 0.05546875
0 0.71015625 0.7625 0.0515625 0.0546875
0 0.06484375 0.13125 0.04765625 0.05625
1 0.9515625 0.2328125 0.0484375 0.0515625
0 0.7046875 0.13828125 0.046875 0.053125
0 0.65859375 0.76484375 0.04921875 0.053125
1 0.25546875 0.82265625 0.0515625 0.05625
1 0.95 0.28515625 0.05078125 0.05625
1 0.86015625 0.82109375 0.05 0.0546875
0 0.90234375 0.7625 0.0484375 0.053125
0 0.75703125 0.7546875 0.05078125 0.0546875
1 0.0515625 0.278125 0.04921875 0.053125
1 0.91015625 0.8171875 0.05078125 0.05625
1 0.6578125 0.815625 0.05078125 0.05546875
1 0.51328125 0.80625 0.04765625 0.053125
1 0.81171875 0.81484375 0.04921875 0.0546875
0 0.053125 0.82421875 0.04921875 0.05625
1 0.4671875 0.81171875 0.05 0.05546875
0 0.48984375 0.1765625 0.04765625 0.053125
1 0.95625 0.81953125 0.0484375 0.0546875
1 0.1046875 0.8765625 0.053125 0.05703125
1 0.05546875 0.88828125 0.05078125 0.0546875
0 0.4609375 0.55078125 0.04296875 0.0515625
0 0.5078125 0.546875 0.046875 0.0484375
0 0.553125 0.60234375 0.04296875 0.0515625
0 0.6046875 0.653125 0.046875 0.05390625
0 0.65078125 0.66015625 0.046875 0.05234375
0 0.75859375 0.6546875 0.04609375 0.0484375
0 0.7578125 0.2390625 0.04375 0.0515625