0 0.43046875 0.4546875 0.06015625 0.0484375
1 0.22421875 0.33359375 0.06328125 0.04921875
1 0.08046875 0.325 0.0625 0.05078125
1 0.2953125 0.33046875 0.0625 0.05
1 0.15703125 0.2671875 0.0625 0.04921875
0 0.28828125 0.50078125 0.0625 0.0484375
1 0.76640625 0.37890625 0.0640625 0.05078125
1 0.6234375 0.446875 0.0640625 0.05
1 0.75859375 0.2 0.0640625 0.04921875
1 0.30390625 0.2734375 0.06328125 0.0484375
1 0.70703125 0.2640625 0.06171875 0.0484375
1 0.5625 0.509375 0.0625 0.04765625
1 0.365625 0.271875 0.06171875 0.05
1 0.29609375 0.57109375 0.06328125 0.04765625
1 0.83671875 0.3203125 0.06328125 0.04921875
1 0.69375 0.38359375 0.0640625 0.04765625
1 0.7734375 0.31796875 0.0640625 0.04921875
1 0.221875 0.1953125 0.0640625 0.05
1 0.76328125 0.50703125 0.065625 0.0484375
1 0.8390625 0.49609375 0.06484375 0.0484375
1 0.2984375 0.20859375 0.06484375 0.04921875
1 0.91015625 0.334375 0.0640625 0.05
1 0.9015625 0.2078125 0.06328125 0.05
1 0.4296875 0.19921875 0.06484375 0.05078125
1 0.36640625 0.2125 0.0640625 0.05
1 0.4921875 0.45 0.0625 0.0484375
1 0.55625 0.45078125 0.0625 0.04765625
1 0.43515625 0.50625 0.06328125 0.04921875
1 0.6875 0.56796875 0.06484375 0.05
1 0.22890625 0.57890625 0.0640625 0.04921875
1 0.83203125 0.14921875 0.065625 0.04921875
1 0.2328125 0.63203125 0.0640625 0.0484375
1 0.34921875 0.14609375 0.06484375 0.0515625
1 0.378125 0.671875 0.06484375 0.04921875
1 0.84375 0.25625 0.06328125 0.04765625
0 0.61875 0.15234375 0.0625 0.0484375
1 0.23828125 0.68359375 0.06328125 0.05
1 0.9671875 0.44609375 0.0609375 0.05
1 0.77578125 0.7515625 0.06328125 0.04921875
1 0.9109375 0.6171875 0.06328125 0.05
1 0.9171875 0.49140625 0.06328125 0.04921875
1 0.83359375 0.60625 0.0640625 0.04921875
0 0.43046875 0.79921875 0.065625 0.05
1 0.4234375 0.146875 0.065625 0.05078125
1 0.62734375 0.6796875 0.0625 0.0484375
1 0.76640625 0.69375 0.06328125 0.05
1 0.69453125 0.7546875 0.06328125 0.05078125
1 0.496875 0.51640625 0.06328125 0.04921875
1 0.903125 0.74296875 0.06328125 0.0515625
1 0.36953125 0.6140625 0.06484375 0.04921875
1 0.9671875 0.67890625 0.0609375 0.04921875
1 0.5015625 0.6625 0.0625 0.04921875
0 0.1765625 0.6875 0.06328125 0.0484375
1 0.4296875 0.61796875 0.06171875 0.04921875
1 0.2390625 0.7484375 0.06328125 0.05078125
1 0.915625 0.14921875 0.0640625 0.04921875
1 0.70390625 0.6921875 0.0640625 0.0484375
1 0.9078125 0.809375 0.06328125 0.0515625
0 0.21953125 0.49921875 0.06328125 0.0484375
1 0.61875 0.62890625 0.0625 0.04921875
1 0.16796875 0.7921875 0.0640625 0.05078125
1 0.56015625 0.678125 0.0625 0.0484375
1 0.97421875 0.375 0.0515625 0.0484375
1 0.440625 0.74609375 0.0625 0.04921875
1 0.5015625 0.5671875 0.06328125 0.05
1 0.4984375 0.7296875 0.0625 0.05078125
1 0.296875 0.79609375 0.0640625 0.0515625
0 0.3578125 0.85078125 0.0640625 0.0484375
0 0.42734375 0.26328125 0.06484375 0.04921875
1 0.97578125 0.26015625 0.0484375 0.0484375
1 0.23125 0.8078125 0.06640625 0.0515625
1 0.5484375 0.8078125 0.06328125 0.05078125
1 0.821875 0.0890625 0.0625 0.05
1 0.490625 0.61484375 0.06171875 0.04921875
1 0.696875 0.08671875 0.0625 0.04921875
1 0.3140625 0.74140625 0.0625 0.05
1 0.759375 0.0953125 0.06328125 0.05
1 0.09765625 0.86875 0.0640625 0.05078125
1 0.56328125 0.86171875 0.0640625 0.0515625
1 0.7640625 0.8703125 0.0640625 0.05
1 0.8234375 0.8828125 0.06484375 0.0515625
1 0.6859375 0.871875 0.0625 0.05
0 0.03671875 0.74140625 0.06171875 0.04765625
1 0.9625 0.09375 0.0640625 0.05078125
0 0.7640625 0.146875 0.0640625 0.04921875
0 0.62578125 0.25625 0.06171875 0.0515625
0 0.37578125 0.49609375 0.06328125 0.04765625
1 0.621875 0.86796875 0.0625 0.0515625
1 0.16328125 0.8640625 0.06328125 0.05078125
1 0.2421875 0.91484375 0.06171875 0.05078125
0 0.41484375 0.390625 0.0625 0.04921875
0 0.48984375 0.2609375 0.0640625 0.05
0 0.55703125 0.38515625 0.0625 0.05078125
0 0.43125 0.565625 0.06171875 0.04765625
0 0.49375 0.39375 0.0625 0.05
0 0.63125 0.390625 0.06171875 0.05
0 0.5078125 0.2140625 0.0625 0.04921875
1 0.62578125 0.91875 0.0640625 0.05078125
1 0.17421875 0.91875 0.06484375 0.05078125
0 0.365625 0.565625 0.0640625 0.04921875
0 0.37265625 0.32734375 0.06484375 0.0484375
0 0.17265625 0.621875 0.0640625 0.0484375
0 0.1625 0.56875 0.06484375 0.04921875
0 0.18125 0.7375 0.06328125 0.05
0 0.2875 0.85625 0.06328125 0.05078125
0 0.5703125 0.203125 0.06171875 0.04765625
0 0.56640625 0.271875 0.0625 0.04921875
0 0.6890625 0.20703125 0.06328125 0.04921875
0 0.68828125 0.15390625 0.06484375 0.04921875
0 0.3671875 0.7953125 0.06484375 0.0515625
0 0.490625 0.79375 0.06328125 0.05078125
0 0.2875 0.15 0.0609375 0.0484375
0 0.3765625 0.73984375 0.0625 0.04921875
0 0.49609375 0.15859375 0.06171875 0.0484375
0 0.29140625 0.384375 0.06328125 0.0484375
0 0.7046875 0.63359375 0.0640625 0.04921875
0 0.090625 0.57265625 0.0640625 0.0484375
0 0.109375 0.6921875 0.06328125 0.04765625
0 0.15859375 0.19765625 0.06328125 0.05
0 0.76640625 0.63203125 0.0640625 0.05
0 0.225 0.865625 0.0640625 0.04921875
0 0.228125 0.1390625 0.06484375 0.04921875
0 0.4921875 0.8640625 0.0640625 0.04921875
0 0.025 0.6953125 0.05 0.04765625
0 0.103125 0.803125 0.06328125 0.0484375
0 0.08984375 0.2625 0.0625 0.04921875
0 0.0296875 0.57109375 0.05703125 0.04921875
0 0.6203125 0.09375 0.0640625 0.05
0 0.42109375 0.09453125 0.06484375 0.05
0 0.5484375 0.10078125 0.0625 0.04921875
0 0.3515625 0.0921875 0.06328125 0.04921875
0 0.30546875 0.91484375 0.0625 0.04921875
0 0.5640625 0.9109375 0.0640625 0.05
0 0.09453125 0.146875 0.0625 0.05
0 0.03515625 0.865625 0.06171875 0.04921875
0 0.42578125 0.92109375 0.06328125 0.04921875
0 0.09140625 0.91875 0.06328125 0.05