0 0.78984375 0.4546875 0.0484375 0.05234375
0 0.8734375 0.34375 0.0484375 0.0515625
0 0.78828125 0.3953125 0.05078125 0.05546875
0 0.92109375 0.34140625 0.04921875 0.053125
0 0.040625 0.41875 0.05390625 0.05625
0 0.8234375 0.34375 0.04921875 0.05234375
0 0.6328125 0.35390625 0.05078125 0.053125
0 0.73046875 0.34140625 0.05 0.053125
0 0.975 0.33984375 0.04765625 0.053125
0 0.67890625 0.34296875 0.04921875 0.053125
0 0.778125 0.3328125 0.05078125 0.05390625
0 0.04765625 0.58984375 0.05625 0.0578125
0 0.20859375 0.640625 0.053125 0.05390625
0 0.11015625 0.475 0.05546875 0.0546875
0 0.828125 0.6578125 0.04921875 0.053125
0 0.09921875 0.4203125 0.05625 0.05625
0 0.04921875 0.25625 0.0546875 0.05703125
0 0.0484375 0.14765625 0.053125 0.05703125
0 0.09453125 0.36640625 0.05625 0.05703125
0 0.475 0.44375 0.05078125 0.05078125
0 0.10703125 0.528125 0.05625 0.05546875
0 0.09296875 0.31015625 0.05546875 0.05546875
0 0.04765625 0.5359375 0.0546875 0.05625
0 0.1015625 0.1515625 0.0546875 0.05703125
0 0.04453125 0.36328125 0.0546875 0.05625
0 0.96796875 0.55703125 0.04765625 0.05390625
0 0.5375 0.44375 0.05078125 0.0515625
0 0.153125 0.10234375 0.05390625 0.0546875
0 0.15078125 0.58515625 0.05390625 0.0546875
0 0.925 0.6140625 0.046875 0.0515625
0 0.52890625 0.6546875 0.04921875 0.05078125
0 0.5859375 0.07265625 0.0515625 0.0546875
0 0.26015625 0.49140625 0.053125 0.0546875
0 0.775 0.553125 0.05078125 0.05234375
0 0.1 0.25703125 0.0546875 0.05703125
0 0.540625 0.11640625 0.0515625 0.0546875
0 0.52734375 0.32265625 0.05 0.0515625
0 0.63984375 0.0703125 0.05 0.05390625
0 0.871875 0.56015625 0.04921875 0.053125
0 0.47890625 0.0671875 0.0515625 0.053125
0 0.92265625 0.56328125 0.0484375 0.05390625
0 0.4796875 0.1734375 0.05078125 0.0515625
0 0.43046875 0.059375 0.05234375 0.0546875
0 0.725 0.5515625 0.05078125 0.05234375
0 0.62109375 0.9640625 0.05078125 0.05390625
0 0.26015625 0.5984375 0.053125 0.0546875
0 0.4234375 0.11640625 0.05234375 0.05234375
0 0.30859375 0.80390625 0.053125 0.05390625
0 0.31875 0.4890625 0.05234375 0.0546875
0 0.528125 0.065625 0.05078125 0.0546875
0 0.21015625 0.5875 0.053125 0.05546875
0 0.584375 0.27890625 0.05 0.053125
0 0.47734375 0.28671875 0.0515625 0.05234375
0 0.10234375 0.1 0.053125 0.05625
0 0.3125 0.53984375 0.053125 0.053125
0 0.6296875 0.14296875 0.05078125 0.053125
0 0.36796875 0.1203125 0.053125 0.05390625
0 0.053125 0.0359375 0.053125 0.05390625
0 0.103125 0.04609375 0.05390625 0.05546875
0 0.14921875 0.971875 0.05390625 0.05390625
0 0.375 0.7515625 0.05234375 0.053125
0 0.5234375 0.97421875 0.05078125 0.05078125
0 0.4234375 0.97109375 0.05234375 0.053125
0 0.5328125 0.9234375 0.05234375 0.05703125
0 0.36796875 0.85859375 0.053125 0.0546875
0 0.78203125 0.915625 0.05078125 0.05625
0 0.68203125 0.9234375 0.04921875 0.05390625
0 0.48125 0.92265625 0.0515625 0.05546875
0 0.7375 0.96953125 0.05 0.0515625
0 0.525 0.871875 0.05 0.05546875
0 0.7859375 0.9671875 0.04921875 0.05390625
0 0.82890625 0.86484375 0.0484375 0.05390625
0 0.58671875 0.91796875 0.0515625 0.05546875
0 0.42734375 0.9171875 0.05234375 0.05625
0 0.634375 0.9125 0.0515625 0.05703125
0 0.6375 0.021875 0.04921875 0.04296875
0 0.46796875 0.01875 0.05 0.03671875
1 0.26015625 0.37734375 0.05234375 0.05234375
1 0.26171875 0.43828125 0.05390625 0.0546875
1 0.26640625 0.31953125 0.05390625 0.05625
1 0.3125 0.38359375 0.053125 0.053125
1 0.2046875 0.3765625 0.0546875 0.05546875
1 0.1484375 0.3671875 0.0546875 0.05625
1 0.26796875 0.16171875 0.05390625 0.05546875
1 0.2046875 0.2125 0.053125 0.05546875
1 0.20234375 0.26796875 0.053125 0.05546875
1 0.2125 0.478125 0.053125 0.05390625
1 0.15 0.265625 0.05234375 0.05546875
1 0.15078125 0.428125 0.05390625 0.05546875
1 0.3171875 0.33046875 0.05234375 0.05390625
1 0.31875 0.4359375 0.05234375 0.053125
1 0.14296875 0.31484375 0.0546875 0.0546875
1 0.26640625 0.21796875 0.05234375 0.05546875
1 0.36875 0.4296875 0.05234375 0.05234375
1 0.36640625 0.328125 0.05234375 0.05390625
1 0.41875 0.43203125 0.0515625 0.05234375
1 0.1421875 0.21171875 0.05390625 0.05546875
1 0.2171875 0.15234375 0.05390625 0.0546875
1 0.203125 0.10234375 0.05390625 0.05625
1 0.3765625 0.378125 0.053125 0.05234375
1 0.27109375 0.109375 0.053125 0.05390625
1 0.20859375 0.53125 0.05390625 0.05546875
1 0.15859375 0.5328125 0.05390625 0.0546875
1 0.3765625 0.225 0.0515625 0.053125
1 0.371875 0.48203125 0.053125 0.05234375
1 0.42578125 0.48203125 0.05078125 0.05078125
1 0.25390625 0.26640625 0.053125 0.05390625
1 0.42421875 0.38046875 0.05078125 0.0515625
1 0.31875 0.12265625 0.0515625 0.05390625
1 0.3140625 0.071875 0.05234375 0.0546875
1 0.4125 0.53203125 0.05234375 0.05234375
1 0.16171875 0.4796875 0.05234375 0.0546875
1 0.10078125 0.5828125 0.0546875 0.05625
1 0.26171875 0.54609375 0.05390625 0.0546875
1 0.14921875 0.64140625 0.0546875 0.05625
1 0.31953125 0.1765625 0.05234375 0.0546875
1 0.4734375 0.49453125 0.05 0.0515625
1 0.1515625 0.159375 0.05234375 0.05625
1 0.315625 0.228125 0.05234375 0.053125
1 0.20625 0.696875 0.0546875 0.05625
1 0.8328125 0.2875 0.04765625 0.0515625
1 0.25078125 0.0609375 0.05234375 0.0546875
1 0.425 0.64765625 0.0515625 0.05234375
1 0.48515625 0.703125 0.0515625 0.0546875
1 0.73984375 0.134375 0.05078125 0.053125
1 0.31640625 0.6453125 0.05234375 0.05390625
1 0.4734375 0.65 0.05 0.053125
1 0.36875 0.0625 0.053125 0.0546875
1 0.09375 0.7015625 0.0546875 0.05859375
1 0.0921875 0.20390625 0.0515625 0.05546875
1 0.8890625 0.18671875 0.05 0.05390625
1 0.315625 0.27890625 0.053125 0.053125
1 0.0984375 0.63515625 0.0546875 0.05703125
1 0.78671875 0.28203125 0.05 0.05234375
1 0.840625 0.12890625 0.05 0.05234375
1 0.7375 0.1875 0.05 0.05234375
1 0.88203125 0.278125 0.05 0.05390625
1 0.740625 0.23828125 0.05078125 0.05234375
1 0.83203125 0.2375 0.0484375 0.0515625
1 0.3125 0.7515625 0.05390625 0.053125
1 0.2609375 0.703125 0.05390625 0.053125
1 0.096875 0.7640625 0.05546875 0.0578125
1 0.79375 0.1875 0.04921875 0.05078125
1 0.15 0.75703125 0.05546875 0.05546875
1 0.73984375 0.290625 0.05 0.05234375
1 0.03828125 0.7015625 0.0546875 0.059375
1 0.79609375 0.08828125 0.04921875 0.05078125
1 0.1546875 0.05 0.05234375 0.0546875
1 0.04453125 0.6453125 0.05546875 0.05859375
1 0.934375 0.24140625 0.04921875 0.05390625
1 0.92890625 0.1359375 0.04921875 0.053125
1 0.6828125 0.1296875 0.05 0.0515625
1 0.9265625 0.290625 0.04765625 0.05234375
1 0.040625 0.2046875 0.053125 0.05625
1 0.7375 0.075 0.0484375 0.05078125
1 0.20234375 0.0484375 0.05234375 0.053125
1 0.63125 0.7 0.05 0.05234375
1 0.68984375 0.0796875 0.0484375 0.0515625
1 0.475 0.7546875 0.0515625 0.053125
1 0.4234375 0.8078125 0.053125 0.0546875
1 0.259375 0.75625 0.05390625 0.05390625
1 0.57890625 0.81328125 0.0515625 0.05390625
1 0.203125 0.7515625 0.053125 0.0546875
1 0.8875 0.08984375 0.04921875 0.05234375
1 0.5328125 0.70625 0.0484375 0.053125
1 0.103125 0.82109375 0.05625 0.059375
1 0.03984375 0.7578125 0.05625 0.05859375
1 0.8890625 0.6609375 0.04921875 0.0546875
1 0.471875 0.8078125 0.05078125 0.053125
1 0.14609375 0.85078125 0.05625 0.059375
1 0.1984375 0.865625 0.0546875 0.059375
1 0.628125 0.65078125 0.04921875 0.0515625
1 0.934375 0.0859375 0.0484375 0.05234375
1 0.828125 0.76171875 0.05 0.05234375
1 0.86875 0.70703125 0.05078125 0.05234375
1 0.5234375 0.75625 0.04921875 0.05234375
1 0.58125 0.76171875 0.05078125 0.053125
1 0.971875 0.2890625 0.04609375 0.05078125
1 0.2046875 0.8109375 0.05390625 0.05703125
1 0.73671875 0.76484375 0.04921875 0.05390625
1 0.31328125 0.86015625 0.0546875 0.05859375
1 0.72265625 0.66328125 0.04921875 0.0515625
1 0.921875 0.7140625 0.05 0.05390625
1 0.9203125 0.7671875 0.05078125 0.05390625
1 0.771875 0.7140625 0.04921875 0.0515625
1 0.87890625 0.8109375 0.05078125 0.0546875
1 0.57578125 0.8640625 0.05234375 0.05390625
1 0.73671875 0.815625 0.0515625 0.05390625
1 0.3078125 0.02265625 0.0515625 0.04375
1 0.259375 0.65078125 0.0546875 0.0546875
1 0.96953125 0.60703125 0.046875 0.0515625
1 0.8765625 0.86640625 0.0515625 0.05625
1 0.25703125 0.8140625 0.0546875 0.05546875
1 0.26328125 0.86875 0.0546875 0.0578125
1 0.928125 0.81875 0.05078125 0.05390625
1 0.3671875 0.9171875 0.053125 0.05703125
1 0.58359375 0.71015625 0.05078125 0.05234375
1 0.8515625 0.03515625 0.05078125 0.053125
1 0.934375 0.66484375 0.04765625 0.05234375
1 0.9765625 0.81015625 0.046875 0.0546875
1 0.7828125 0.8125 0.0484375 0.053125
1 0.31796875 0.9125 0.05390625 0.05546875
1 0.5796875 0.6453125 0.0515625 0.05234375
1 0.7984375 0.0359375 0.05 0.05234375
1 0.8296875 0.81328125 0.05 0.05234375
1 0.68828125 0.7609375 0.05 0.05234375
1 0.15078125 0.91875 0.0546875 0.05703125
1 0.09609375 0.915625 0.05390625 0.05703125
1 0.978125 0.1890625 0.04375 0.053125
1 0.9765625 0.74921875 0.04609375 0.05390625
1 0.82890625 0.91484375 0.04921875 0.05234375
1 0.68125 0.290625 0.04921875 0.0515625
1 0.2046875 0.9234375 0.05546875 0.0578125
1 0.9765625 0.140625 0.04609375 0.05078125
1 0.35625 0.01953125 0.0515625 0.0375
1 0.87890625 0.9171875 0.05 0.053125
1 0.03046875 0.87109375 0.0546875 0.05703125
1 0.978125 0.2390625 0.04375 0.05
1 0.04375 0.925 0.0546875 0.05703125
1 0.93828125 0.03515625 0.05 0.05390625
1 0.978125 0.8734375 0.04375 0.05546875
1 0.93046875 0.9203125 0.05 0.053125
1 0.9796875 0.04296875 0.040625 0.053125
1 0.35859375 0.971875 0.05390625 0.05546875
1 0.25859375 0.01796875 0.05078125 0.03515625
1 0.24921875 0.97421875 0.0546875 0.0515625
1 0.87890625 0.96875 0.04921875 0.053125
1 0.8328125 0.971875 0.05 0.053125
1 0.0859375 0.97265625 0.053125 0.0546875
1 0.9765625 0.95625 0.04609375 0.0546875
0 0.6859375 0.23671875 0.0484375 0.05234375
0 0.36875 0.171875 0.046875 0.05234375
0 0.5375 0.3828125 0.0484375 0.04921875
0 0.54140625 0.171875 0.04921875 0.04921875
0 0.4203125 0.17109375 0.05078125 0.053125
0 0.58984375 0.16953125 0.04453125 0.05234375
0 0.6828125 0.184375 0.0484375 0.053125
0 0.42421875 0.22421875 0.04921875 0.05234375
0 0.478125 0.23203125 0.046875 0.0546875
0 0.525 0.2203125 0.05234375 0.05078125
0 0.5859375 0.2203125 0.04921875 0.05078125
0 0.63203125 0.196875 0.0484375 0.04921875
0 0.63671875 0.2484375 0.05234375 0.05078125
0 0.37734375 0.278125 0.05234375 0.053125
0 0.428125 0.2765625 0.046875 0.05078125
0 0.4234375 0.32734375 0.04921875 0.05078125
0 0.475 0.340625 0.05078125 0.05078125
0 0.5875 0.3328125 0.05078125 0.05078125
0 0.634375 0.2984375 0.04921875 0.05234375
0 0.4703125 0.3921875 0.04921875 0.0546875
0 0.584375 0.384375 0.04921875 0.05234375
0 0.5859375 0.4359375 0.04921875 0.05234375
0 0.521875 0.490625 0.04921875 0.05234375
0 0.5796875 0.4890625 0.05078125 0.05078125
0 0.3640625 0.534375 0.0484375 0.05078125
0 0.3109375 0.5921875 0.05234375 0.05234375
0 0.36796875 0.5859375 0.05078125 0.05234375
0 0.46328125 0.54609375 0.04921875 0.053125
0 0.515625 0.5421875 0.04921875 0.053125
0 0.56328125 0.5375 0.05078125 0.05234375
0 0.36875 0.80546875 0.053125 0.05625
0 0.4234375 0.75546875 0.0484375 0.0546875
0 0.3140625 0.69921875 0.05234375 0.0546875
0 0.36875 0.69921875 0.05078125 0.0546875
0 0.42734375 0.70078125 0.05234375 0.0546875
0 0.4265625 0.86171875 0.05078125 0.05234375
0 0.47578125 0.8625 0.0484375 0.05859375
0 0.525 0.8109375 0.05234375 0.053125
0 0.62890625 0.7515625 0.04921875 0.05234375
0 0.625 0.803125 0.04921875 0.053125
0 0.675 0.8109375 0.04296875 0.053125
0 0.634375 0.85703125 0.05234375 0.0546875
0 0.684375 0.8609375 0.0484375 0.05234375
0 0.7328125 0.86796875 0.05234375 0.053125
0 0.7828125 0.8640625 0.0484375 0.053125
0 0.37421875 0.6390625 0.05078125 0.05234375
0 0.41875 0.5953125 0.0484375 0.0546875
0 0.46796875 0.59921875 0.05078125 0.05234375
0 0.53046875 0.5921875 0.05078125 0.0546875
0 0.5796875 0.59140625 0.046875 0.0546875
0 0.625 0.5484375 0.04921875 0.053125
0 0.67421875 0.55546875 0.046875 0.0484375
0 0.63203125 0.60078125 0.0484375 0.05078125
0 0.68125 0.6078125 0.04921875 0.05859375
0 0.678125 0.6578125 0.0484375 0.053125
0 0.7296875 0.603125 0.0484375 0.05234375
0 0.828125 0.54453125 0.046875 0.05234375
0 0.7859375 0.6078125 0.0453125 0.05234375
0 0.7671875 0.6625 0.0453125 0.05625
0 0.83203125 0.60234375 0.04921875 0.05078125
0 0.8796875 0.61171875 0.0453125 0.05234375
0 0.5890625 0.021875 0.0484375 0.04296875
0 0.52890625 0.0171875 0.0546875 0.034375
0 0.16171875 0.0125 0.05234375 0.025
0 0.1078125 0.0078125 0.0546875 0.015625
1 0.41875 0.0140625 0.05 0.028125
0 0.5375 0.27109375 0.046875 0.04921875
1 0.678125 0.71171875 0.0484375 0.05078125
1 0.725 0.71484375 0.046875 0.046875
1 0.8203125 0.71171875 0.046875 0.05078125