0 0.6046875 0.64296875 0.05 0.05234375
1 0.0703125 0.4796875 0.053125 0.05703125
1 0.115625 0.32578125 0.0515625 0.0546875
1 0.0703125 0.4296875 0.0515625 0.0546875
1 0.0625 0.58359375 0.05234375 0.0546875
1 0.11796875 0.39375 0.05078125 0.0546875
1 0.06640625 0.33046875 0.0515625 0.05390625
1 0.11875 0.48984375 0.05234375 0.053125
1 0.175 0.43671875 0.05234375 0.053125
1 0.06328125 0.6375 0.05234375 0.0546875
1 0.17578125 0.28203125 0.053125 0.0546875
1 0.11796875 0.59453125 0.0546875 0.0546875
1 0.16640625 0.3890625 0.0515625 0.053125
1 0.1734375 0.48828125 0.053125 0.05390625
0 0.51953125 0.7046875 0.0515625 0.04921875
1 0.16640625 0.58984375 0.053125 0.05625
1 0.06328125 0.70390625 0.05234375 0.0546875
1 0.21953125 0.3203125 0.0515625 0.05234375
1 0.26640625 0.33359375 0.053125 0.05390625
0 0.5125 0.634375 0.04921875 0.04921875
0 0.7640625 0.5921875 0.05078125 0.0515625
0 0.60859375 0.6984375 0.05078125 0.0515625
1 0.2734375 0.54609375 0.053125 0.05390625
1 0.21171875 0.37421875 0.05078125 0.053125
0 0.86015625 0.634375 0.05078125 0.05234375
1 0.11328125 0.696875 0.053125 0.0546875
0 0.81171875 0.74609375 0.0515625 0.0515625
1 0.15546875 0.65 0.05234375 0.053125
1 0.1328125 0.13125 0.05 0.053125
1 0.9203125 0.4 0.0515625 0.0546875
1 0.31875 0.38203125 0.0515625 0.05234375
0 0.36796875 0.4390625 0.05234375 0.05078125
0 0.7140625 0.60390625 0.05234375 0.05
0 0.671875 0.49921875 0.05234375 0.05
1 0.26328125 0.59609375 0.053125 0.05390625
1 0.2359375 0.27265625 0.0515625 0.05390625
1 0.371875 0.390625 0.05234375 0.05234375
1 0.08359375 0.13203125 0.05 0.053125
1 0.35703125 0.53984375 0.05234375 0.053125
1 0.5140625 0.39140625 0.05234375 0.053125
1 0.1828125 0.125 0.0515625 0.053125
1 0.28203125 0.28671875 0.05234375 0.05234375
1 0.4171875 0.4328125 0.05234375 0.05390625
0 0.31875 0.4921875 0.05 0.05
1 0.37265625 0.490625 0.0515625 0.05234375
1 0.3796875 0.28125 0.05234375 0.05390625
1 0.43125 0.24921875 0.0515625 0.053125
0 0.6625 0.79140625 0.05234375 0.053125
1 0.4234375 0.34296875 0.0515625 0.05234375
0 0.6203125 0.54765625 0.05078125 0.0515625
1 0.31484375 0.6421875 0.05234375 0.053125
0 0.25 0.653125 0.0515625 0.05234375
1 0.6734375 0.28984375 0.05234375 0.05234375
1 0.6265625 0.446875 0.0515625 0.05234375
1 0.6109375 0.39921875 0.05078125 0.053125
1 0.61796875 0.496875 0.05078125 0.05
1 0.5265625 0.30078125 0.05234375 0.05390625
1 0.36484375 0.59296875 0.05234375 0.0515625
1 0.525 0.24296875 0.0515625 0.053125
0 0.42734375 0.4828125 0.05234375 0.053125
1 0.33046875 0.18359375 0.0515625 0.05234375
1 0.8125 0.246875 0.0515625 0.05234375
1 0.31484375 0.58984375 0.0515625 0.0515625
0 0.8546875 0.4890625 0.04921875 0.05234375
1 0.34296875 0.125 0.0515625 0.05234375
1 0.86875 0.34921875 0.05078125 0.0515625
0 0.19453125 0.69609375 0.05234375 0.053125
1 0.91875 0.2921875 0.0515625 0.053125
1 0.47734375 0.2 0.05078125 0.0515625
0 0.3671875 0.7015625 0.053125 0.05234375
1 0.91875 0.7578125 0.05078125 0.05234375
1 0.7703125 0.209375 0.0515625 0.053125
0 0.91953125 0.653125 0.05 0.0515625
1 0.96796875 0.34140625 0.0515625 0.05390625
1 0.2859375 0.08828125 0.05234375 0.0515625
1 0.671875 0.39375 0.05078125 0.0515625
1 0.56875 0.43125 0.05 0.05234375
1 0.86953125 0.7515625 0.05234375 0.05390625
1 0.28203125 0.1890625 0.05078125 0.05078125
1 0.3828125 0.175 0.05234375 0.05234375
1 0.4640625 0.6546875 0.053125 0.053125
1 0.32734375 0.2953125 0.05078125 0.0515625
1 0.42578125 0.584375 0.053125 0.053125
1 0.8609375 0.80390625 0.05234375 0.05390625
1 0.6140625 0.34609375 0.0515625 0.05234375
1 0.1890625 0.078125 0.0515625 0.0484375
0 0.24296875 0.22109375 0.05 0.05
0 0.41328125 0.6859375 0.05078125 0.05234375
1 0.46796875 0.7046875 0.053125 0.05234375
1 0.465625 0.428125 0.0515625 0.0515625
1 0.71171875 0.35 0.05078125 0.0515625
1 0.965625 0.7515625 0.0515625 0.053125
1 0.409375 0.74453125 0.053125 0.05390625
1 0.35859375 0.7546875 0.053125 0.0546875
1 0.91796875 0.19765625 0.05078125 0.05234375
1 0.46328125 0.7578125 0.05234375 0.053125
1 0.7703125 0.34453125 0.05078125 0.05078125
1 0.821875 0.15234375 0.05078125 0.0515625
0 0.721875 0.44921875 0.05 0.05078125
0 0.11171875 0.5421875 0.0515625 0.05390625
1 0.42734375 0.18828125 0.0515625 0.053125
1 0.8703125 0.29609375 0.0515625 0.053125
1 0.7203125 0.39921875 0.05078125 0.0515625
1 0.384375 0.08515625 0.0515625 0.0515625
1 0.52265625 0.19140625 0.05078125 0.053125
1 0.965625 0.20078125 0.05 0.05234375
1 0.4765625 0.14296875 0.0515625 0.053125
1 0.86875 0.24453125 0.05234375 0.053125
0 0.16015625 0.74140625 0.05234375 0.053125
1 0.8171875 0.3453125 0.04921875 0.0515625
1 0.35703125 0.859375 0.05390625 0.05390625
1 0.72578125 0.30078125 0.05078125 0.0515625
1 0.5640625 0.85 0.05390625 0.0546875
1 0.971875 0.803125 0.053125 0.05390625
0 0.2828125 0.13984375 0.0515625 0.04921875
0 0.18359375 0.17734375 0.05078125 0.0515625
1 0.77265625 0.29296875 0.05078125 0.0515625
1 0.4984375 0.86015625 0.05390625 0.0546875
1 0.43203125 0.0875 0.04921875 0.05
1 0.86015625 0.85625 0.05234375 0.05546875
0 0.1234375 0.2734375 0.05 0.05078125
0 0.175 0.2265625 0.05 0.05
1 0.61875 0.8515625 0.05390625 0.05546875
1 0.51015625 0.75625 0.0515625 0.053125
1 0.90703125 0.8640625 0.05234375 0.05546875
0 0.8640625 0.4046875 0.05 0.0515625
0 0.7703125 0.41015625 0.05078125 0.05078125
1 0.871875 0.19140625 0.0515625 0.053125
0 0.05546875 0.7640625 0.0515625 0.05234375
1 0.77421875 0.1421875 0.04921875 0.0515625
0 0.1515625 0.81328125 0.05234375 0.05390625
1 0.8140625 0.853125 0.0515625 0.0546875
0 0.80625 0.80078125 0.0515625 0.053125
0 0.6671875 0.8453125 0.0515625 0.05234375
0 0.41953125 0.85703125 0.05234375 0.0546875
0 0.86484375 0.5421875 0.05078125 0.0515625
0 0.07578125 0.27421875 0.0515625 0.053125
0 0.95625 0.7015625 0.05 0.05390625
1 0.45234375 0.81171875 0.053125 0.05390625
0 0.715625 0.240625 0.05078125 0.05078125
1 0.8140625 0.09375 0.05 0.05
1 0.80390625 0.9078125 0.053125 0.05546875
0 0.665625 0.9046875 0.053125 0.053125
1 0.76796875 0.084375 0.05078125 0.05078125
1 0.615625 0.91484375 0.05390625 0.0546875
0 0.8171875 0.53515625 0.05 0.04921875
0 0.13125 0.18125 0.0515625 0.05234375
0 0.66484375 0.2375 0.04765625 0.05234375
1 0.35546875 0.9125 0.05390625 0.05546875
0 0.909375 0.7015625 0.053125 0.05390625
1 0.91328125 0.09453125 0.04921875 0.05
0 0.2328125 0.1171875 0.05078125 0.0515625
1 0.5046875 0.9125 0.0546875 0.0546875
0 0.7453125 0.88984375 0.05390625 0.05234375
0 0.24140625 0.06875 0.05 0.04921875
1 0.45390625 0.9015625 0.053125 0.05390625
1 0.91171875 0.92109375 0.0546875 0.05625
0 0.575 0.0375 0.0484375 0.04765625
1 0.9140625 0.14453125 0.05 0.05078125
1 0.4328125 0.0375 0.0484375 0.05
1 0.3375 0.0359375 0.04921875 0.0484375
0 0.621875 0.25390625 0.04921875 0.04921875
0 0.52265625 0.084375 0.0484375 0.0515625
0 0.08359375 0.184375 0.0515625 0.0546875
1 0.1875 0.02890625 0.05078125 0.04921875
0 0.1390625 0.07421875 0.0515625 0.0515625
1 0.2859375 0.0296875 0.04921875 0.0484375
0 0.19609375 0.8546875 0.053125 0.05234375
0 0.90546875 0.4546875 0.05078125 0.05
0 0.96640625 0.39453125 0.0484375 0.05078125
0 0.29453125 0.91171875 0.0546875 0.05546875
1 0.8765625 0.05859375 0.05078125 0.05078125
1 0.97265625 0.0984375 0.0515625 0.05078125
0 0.52578125 0.0359375 0.05078125 0.04921875
1 0.971875 0.915625 0.05234375 0.0546875
0 0.40234375 0.90703125 0.05234375 0.05234375
1 0.76484375 0.02890625 0.05078125 0.05
0 0.9515625 0.44296875 0.05 0.05078125
0 0.75625 0.9515625 0.0546875 0.05390625
0 0.03828125 0.8421875 0.053125 0.053125
1 0.8015625 0.965625 0.053125 0.05625
0 0.23203125 0.0203125 0.0515625 0.040625
1 0.44765625 0.96640625 0.05390625 0.05546875
1 0.35078125 0.9671875 0.0546875 0.05703125
1 0.54609375 0.9734375 0.0546875 0.053125
0 0.66484375 0.96953125 0.05390625 0.0515625
0 0.18984375 0.915625 0.053125 0.05234375
1 0.6 0.97421875 0.053125 0.05078125
0 0.14453125 0.903125 0.0515625 0.0515625
0 0.86328125 0.965625 0.05234375 0.05234375
0 0.3015625 0.9625 0.053125 0.0546875
0 0.09453125 0.90625 0.05390625 0.0546875
0 0.67265625 0.09453125 0.04921875 0.05
0 0.71796875 0.0390625 0.04921875 0.05
0 0.30390625 0.8015625 0.05078125 0.0515625
1 0.575 0.2390625 0.046875 0.0484375
1 0.28984375 0.23671875 0.04765625 0.05
1 0.0640625 0.53203125 0.0484375 0.05
0 0.6125 0.103125 0.04609375 0.0484375
0 0.47890625 0.0328125 0.0453125 0.04765625
0 0.47578125 0.08203125 0.0453125 0.04921875
0 0.52265625 0.1359375 0.0484375 0.0515625
0 0.57578125 0.134375 0.046875 0.04921875
0 0.56953125 0.184375 0.0453125 0.04921875
0 0.61171875 0.2046875 0.046875 0.05
0 0.66171875 0.18828125 0.046875 0.04921875
0 0.7203125 0.0875 0.04609375 0.04453125
0 0.7125 0.134375 0.046875 0.046875
0 0.709375 0.1828125 0.0484375 0.05078125
0 0.23203125 0.16796875 0.04765625 0.0515625
0 0.815625 0.3953125 0.04609375 0.04921875
0 0.67421875 0.4453125 0.046875 0.0515625
0 0.56015625 0.7390625 0.0484375 0.04765625
0 0.50625 0.8078125 0.04921875 0.053125
0 0.559375 0.790625 0.04921875 0.0515625
0 0.61015625 0.8 0.05 0.053125
0 0.70625 0.8125 0.0484375 0.053125
0 0.75625 0.7921875 0.05 0.05390625
0 0.84921875 0.6984375 0.05078125 0.05
0 0.7640625 0.84296875 0.0484375 0.05
0 0.35234375 0.80546875 0.05078125 0.053125
0 0.4015625 0.79609375 0.046875 0.05390625
0 0.203125 0.80078125 0.04921875 0.05703125
0 0.2515625 0.80625 0.04609375 0.05390625
0 0.296875 0.8578125 0.05 0.053125
0 0.309375 0.7453125 0.04921875 0.05234375
0 0.3140625 0.69375 0.05078125 0.05234375
0 0.3609375 0.65078125 0.0484375 0.05078125
0 0.41796875 0.634375 0.04765625 0.05078125
0 0.47578125 0.60390625 0.04921875 0.05234375
0 0.11015625 0.7484375 0.05 0.05390625
0 0.203125 0.64453125 0.046875 0.053125
0 0.16015625 0.53984375 0.04765625 0.05234375
0 0.20859375 0.53984375 0.05078125 0.05234375
0 0.2140625 0.5921875 0.05 0.05078125
0 0.2578125 0.38515625 0.0484375 0.05
0 0.21953125 0.4265625 0.05 0.0484375
0 0.27265625 0.43359375 0.0453125 0.05
0 0.31640625 0.4328125 0.04609375 0.0515625
0 0.21953125 0.4890625 0.046875 0.0515625
0 0.2671875 0.48828125 0.04609375 0.0515625
0 0.41484375 0.5328125 0.04921875 0.0484375
0 0.4625 0.5484375 0.0484375 0.05078125
0 0.47265625 0.496875 0.04765625 0.0515625
0 0.5203125 0.44140625 0.04921875 0.05
0 0.51953125 0.49140625 0.04609375 0.05390625
0 0.56796875 0.496875 0.0484375 0.05390625
0 0.10390625 0.853125 0.0515625 0.05390625