1 0.58515625 0.45390625 0.05859375 0.0453125
0 0.13828125 0.52265625 0.0640625 0.04921875
1 0.58046875 0.55234375 0.06015625 0.04921875
1 0.45625 0.5375 0.0578125 0.04765625
1 0.68828125 0.4140625 0.05703125 0.046875
1 0.5265625 0.4953125 0.0578125 0.0453125
1 0.56953125 0.6078125 0.05859375 0.0484375
1 0.41484375 0.4359375 0.05859375 0.04765625
1 0.5140625 0.3609375 0.05703125 0.0484375
1 0.5859375 0.371875 0.059375 0.04921875
1 0.46953125 0.40078125 0.0578125 0.046875
1 0.6421875 0.37109375 0.0546875 0.04765625
1 0.7390625 0.4640625 0.05625 0.046875
1 0.6859375 0.54765625 0.05859375 0.0484375
0 0.1671875 0.4125 0.0625 0.04765625
1 0.52421875 0.45 0.0578125 0.04765625
1 0.40234375 0.48203125 0.06015625 0.04921875
1 0.66796875 0.60234375 0.05859375 0.0484375
0 0.19765625 0.584375 0.06171875 0.0484375
1 0.74140625 0.55625 0.05546875 0.046875
1 0.746875 0.41953125 0.05546875 0.04609375
0 0.16171875 0.3265625 0.06171875 0.04921875
0 0.2203125 0.47265625 0.0640625 0.05078125
1 0.6734375 0.64921875 0.059375 0.04921875
1 0.79453125 0.4671875 0.05546875 0.04765625
1 0.45390625 0.5875 0.05859375 0.04765625
1 0.5046875 0.6453125 0.05859375 0.04765625
1 0.39765625 0.534375 0.05859375 0.04765625
1 0.3546875 0.434375 0.06015625 0.05
1 0.45703125 0.35390625 0.0578125 0.0484375
0 0.84453125 0.6140625 0.05703125 0.046875
0 0.84453125 0.7078125 0.05859375 0.0484375
1 0.559375 0.7015625 0.0609375 0.0515625
1 0.40078125 0.3453125 0.05703125 0.04765625
1 0.8015625 0.56171875 0.05703125 0.0484375
0 0.8515625 0.41484375 0.05703125 0.04765625
1 0.85078125 0.46484375 0.05625 0.04765625
1 0.66015625 0.6984375 0.06015625 0.04921875
0 0.25703125 0.68359375 0.06484375 0.05
0 0.2953125 0.4265625 0.0578125 0.0453125
0 0.2421875 0.37890625 0.06171875 0.04765625
0 0.1296875 0.68203125 0.0609375 0.04921875
0 0.42578125 0.24921875 0.05546875 0.04453125
0 0.3375 0.590625 0.0609375 0.04765625
1 0.85625 0.5703125 0.0578125 0.04921875
0 0.6421875 0.3203125 0.05703125 0.04765625
0 0.19140625 0.684375 0.06015625 0.04765625
1 0.496875 0.6921875 0.06015625 0.04921875
0 0.34453125 0.490625 0.0625 0.0484375
0 0.33359375 0.53828125 0.06171875 0.04921875
0 0.31875 0.73984375 0.0625 0.05078125
1 0.67578125 0.7453125 0.0609375 0.04921875
0 0.228125 0.3328125 0.0609375 0.04921875
0 0.73046875 0.65234375 0.05859375 0.0484375
0 0.4453125 0.6453125 0.059375 0.04921875
1 0.55703125 0.75703125 0.06171875 0.0515625
0 0.790625 0.60390625 0.05625 0.04609375
0 0.803125 0.36875 0.0546875 0.0453125
0 0.2390625 0.1828125 0.059375 0.04765625
0 0.46171875 0.303125 0.05625 0.04765625
0 0.73515625 0.60078125 0.0578125 0.0484375
0 0.3671875 0.1953125 0.0578125 0.04609375
0 0.34921875 0.2875 0.059375 0.046875
0 0.18125 0.78828125 0.0671875 0.05390625
0 0.7984375 0.41171875 0.053125 0.04375
0 0.35390625 0.38671875 0.06171875 0.04765625
0 0.52265625 0.31484375 0.05625 0.046875
0 0.321875 0.68671875 0.0625 0.05078125
0 0.69609375 0.36875 0.05625 0.046875
0 0.5796875 0.3171875 0.0546875 0.046875
0 0.2875 0.340625 0.06015625 0.04765625
0 0.72890625 0.70859375 0.059375 0.0484375
0 0.4375 0.6984375 0.0609375 0.05078125
0 0.390625 0.63203125 0.05859375 0.0484375
0 0.41171875 0.38984375 0.0578125 0.04609375
0 0.3453125 0.3328125 0.06171875 0.05078125
0 0.39609375 0.5859375 0.05859375 0.046875
0 0.48046875 0.8078125 0.06171875 0.05
0 0.75 0.37421875 0.0546875 0.046875
0 0.4046875 0.30078125 0.05546875 0.04609375
0 0.43125 0.74765625 0.059375 0.04921875
0 0.73515625 0.8015625 0.05859375 0.04609375
0 0.48828125 0.753125 0.0609375 0.05078125
0 0.7328125 0.7546875 0.05703125 0.046875
0 0.31484375 0.79765625 0.06015625 0.04921875
1 0.67734375 0.79609375 0.0625 0.05078125
1 0.553125 0.80859375 0.0625 0.04921875