0 0.1890625 0.15546875 0.0546875 0.053125
1 0.0921875 0.36171875 0.05390625 0.0515625
1 0.1390625 0.3125 0.053125 0.05
1 0.1390625 0.50703125 0.05390625 0.05078125
1 0.13828125 0.559375 0.0546875 0.05078125
1 0.18984375 0.415625 0.05546875 0.0515625
1 0.19296875 0.3578125 0.053125 0.0515625
1 0.09140625 0.709375 0.0546875 0.0515625
0 0.4921875 0.096875 0.05390625 0.05078125
1 0.18984375 0.46328125 0.0546875 0.05
1 0.9078125 0.51015625 0.05390625 0.05
1 0.7015625 0.30703125 0.05234375 0.0515625
1 0.3453125 0.36484375 0.0515625 0.05234375
1 0.9578125 0.55625 0.05390625 0.05
1 0.40546875 0.265625 0.05546875 0.0515625
1 0.3421875 0.3140625 0.0546875 0.0515625
1 0.9640625 0.509375 0.053125 0.05078125
1 0.6515625 0.31328125 0.053125 0.05078125
1 0.3921875 0.2125 0.05 0.05
1 0.2921875 0.40390625 0.05390625 0.04921875
1 0.90078125 0.61015625 0.0546875 0.053125
0 0.54765625 0.14609375 0.053125 0.05078125
1 0.3890625 0.4078125 0.05390625 0.04921875
1 0.39296875 0.16484375 0.053125 0.046875
1 0.95234375 0.603125 0.05390625 0.0515625
1 0.3921875 0.46015625 0.05546875 0.05078125
1 0.24140625 0.65625 0.0546875 0.05078125
1 0.44375 0.20546875 0.05390625 0.05
1 0.65546875 0.41171875 0.05234375 0.04921875
1 0.8453125 0.56640625 0.05390625 0.0515625
1 0.59765625 0.309375 0.053125 0.05078125
1 0.80546875 0.19921875 0.0546875 0.05
1 0.59609375 0.4625 0.05390625 0.04921875
1 0.6515625 0.26015625 0.0546875 0.05234375
1 0.2453125 0.809375 0.05625 0.0515625
1 0.74375 0.76015625 0.05390625 0.0484375
1 0.30546875 0.80546875 0.0546875 0.046875
0 0.43828125 0.10703125 0.05390625 0.05
1 0.29375 0.71015625 0.05390625 0.05078125
1 0.64921875 0.20546875 0.053125 0.05
1 0.4421875 0.509375 0.053125 0.05
1 0.803125 0.7125 0.0546875 0.04921875
1 0.75234375 0.146875 0.05234375 0.05
1 0.80625 0.14765625 0.05234375 0.04921875
0 0.0421875 0.36328125 0.0515625 0.04921875
1 0.296875 0.85390625 0.0546875 0.0484375
0 0.3359375 0.165625 0.053125 0.046875
1 0.8609375 0.1546875 0.0546875 0.0515625
0 0.0890625 0.26015625 0.05234375 0.05
1 0.4453125 0.84453125 0.053125 0.04921875
1 0.38984375 0.76015625 0.05390625 0.05
1 0.7921875 0.8984375 0.0546875 0.04921875
0 0.70234375 0.1953125 0.05546875 0.05234375
1 0.38515625 0.115625 0.05390625 0.046875
0 0.5046875 0.2109375 0.05234375 0.04921875
0 0.87578125 0.2609375 0.0546875 0.05078125
1 0.696875 0.140625 0.0546875 0.0515625
1 0.65546875 0.90859375 0.05390625 0.0484375
0 0.1921875 0.26171875 0.0546875 0.04921875
1 0.29140625 0.9015625 0.0515625 0.05078125
0 0.8625 0.3546875 0.05390625 0.05078125
1 0.69140625 0.71015625 0.05234375 0.04921875
1 0.184375 0.90546875 0.0546875 0.05078125
1 0.39296875 0.90390625 0.05390625 0.05
0 0.96171875 0.459375 0.0546875 0.0515625
0 0.08671875 0.40859375 0.053125 0.05
0 0.5421875 0.2546875 0.05078125 0.05078125
0 0.1375 0.41015625 0.053125 0.05078125
0 0.08828125 0.51171875 0.053125 0.05
0 0.140625 0.265625 0.04921875 0.04921875
1 0.3421875 0.90703125 0.053125 0.04921875
0 0.44453125 0.15703125 0.053125 0.0484375
0 0.290625 0.30625 0.05234375 0.0484375
1 0.80546875 0.9484375 0.053125 0.053125
0 0.34296875 0.2140625 0.053125 0.04921875
0 0.08828125 0.3109375 0.05234375 0.05
0 0.96015625 0.665625 0.053125 0.04921875
1 0.13046875 0.9015625 0.05390625 0.05
1 0.603125 0.14765625 0.053125 0.05
0 0.865625 0.20703125 0.05546875 0.0515625
0 0.33984375 0.2640625 0.05234375 0.0484375
1 0.85859375 0.9546875 0.05234375 0.05234375
0 0.2421875 0.40859375 0.0546875 0.0484375
0 0.965625 0.91953125 0.0515625 0.04765625
1 0.65390625 0.95625 0.0515625 0.05
0 0.08828125 0.6 0.053125 0.05078125
0 0.49296875 0.2625 0.05234375 0.0515625
1 0.7046875 0.9578125 0.05390625 0.05
0 0.23984375 0.31171875 0.05078125 0.046875
0 0.39375 0.31328125 0.053125 0.05
0 0.09140625 0.65703125 0.053125 0.04921875
0 0.44609375 0.31328125 0.05234375 0.04921875
0 0.34140625 0.45390625 0.053125 0.046875
0 0.9078125 0.66328125 0.05390625 0.04765625
0 0.8109375 0.4015625 0.053125 0.05
0 0.0828125 0.7546875 0.05234375 0.04765625
0 0.85234375 0.69765625 0.05234375 0.046875
0 0.7546875 0.19609375 0.05390625 0.05078125
0 0.8171875 0.24609375 0.05234375 0.05078125
0 0.396875 0.95 0.05234375 0.04765625
0 0.859375 0.45859375 0.05625 0.0515625
0 0.553125 0.36640625 0.05078125 0.0484375
0 0.753125 0.30078125 0.05234375 0.05
0 0.909375 0.4625 0.05390625 0.05078125
0 0.44375 0.45546875 0.05234375 0.046875
0 0.49609375 0.3125 0.05234375 0.05
0 0.134375 0.80625 0.05234375 0.04765625
0 0.76328125 0.246875 0.0546875 0.05078125
0 0.92265625 0.959375 0.0546875 0.046875
0 0.65 0.6046875 0.05234375 0.046875
0 0.60390625 0.35859375 0.05234375 0.0484375
0 0.76015625 0.4046875 0.05390625 0.0515625
0 0.25390625 0.4546875 0.05234375 0.04765625
0 0.603125 0.959375 0.05390625 0.046875
0 0.803125 0.759375 0.05390625 0.04765625
0 0.70625 0.909375 0.05390625 0.046875
0 0.7953125 0.5609375 0.05390625 0.0484375
0 0.140625 0.75234375 0.05234375 0.05
0 0.69453125 0.809375 0.053125 0.046875
0 0.1921875 0.80625 0.053125 0.0484375
0 0.24375 0.7046875 0.05234375 0.04921875
0 0.2453125 0.9484375 0.05234375 0.046875
0 0.1875 0.8578125 0.0515625 0.046875
0 0.18984375 0.55859375 0.0515625 0.04921875
0 0.19375 0.70625 0.05234375 0.04921875
0 0.5453125 0.4609375 0.05078125 0.04765625
0 0.85234375 0.76640625 0.05390625 0.04765625
0 0.28984375 0.503125 0.0515625 0.0484375
0 0.1421875 0.60625 0.053125 0.04921875
0 0.76328125 0.35234375 0.05234375 0.05
0 0.80390625 0.51015625 0.05390625 0.05
0 0.6984375 0.5109375 0.05234375 0.04765625
0 0.2421875 0.603125 0.05234375 0.04921875
0 0.8484375 0.90703125 0.053125 0.046875
0 0.24609375 0.85546875 0.05234375 0.046875
0 0.44453125 0.89375 0.05234375 0.046875
0 0.64296875 0.803125 0.053125 0.046875
0 0.709375 0.35703125 0.05234375 0.04921875
0 0.49609375 0.9 0.05234375 0.046875
0 0.39296875 0.5546875 0.0515625 0.04765625
0 0.65625 0.36171875 0.05234375 0.0484375
0 0.69453125 0.6609375 0.0515625 0.04609375
0 0.64375 0.50546875 0.05234375 0.046875
0 0.85546875 0.5046875 0.05390625 0.05078125
0 0.8546875 0.86015625 0.0546875 0.04921875
0 0.48671875 0.553125 0.053125 0.04921875
0 0.1921875 0.60625 0.05234375 0.05
0 0.65703125 0.85546875 0.05390625 0.04765625
0 0.43984375 0.70625 0.0515625 0.04765625
0 0.390625 0.50859375 0.0515625 0.04765625
0 0.55078125 0.75859375 0.05234375 0.04765625
0 0.60078125 0.9046875 0.0546875 0.0484375
0 0.85 0.8125 0.0546875 0.0484375
0 0.2421875 0.9015625 0.05234375 0.046875
0 0.43984375 0.60859375 0.0515625 0.04765625
0 0.2390625 0.5015625 0.0515625 0.04921875
0 0.39375 0.6609375 0.05078125 0.04765625
0 0.60234375 0.7546875 0.05234375 0.0484375
0 0.340625 0.5109375 0.0515625 0.046875
0 0.55 0.86015625 0.053125 0.04765625
0 0.6 0.5546875 0.05234375 0.046875
0 0.44296875 0.659375 0.0515625 0.046875
0 0.6015625 0.85625 0.053125 0.04765625
0 0.490625 0.603125 0.05078125 0.04609375
0 0.5921875 0.709375 0.05234375 0.04765625
0 0.64453125 0.6546875 0.05234375 0.04609375
0 0.6421875 0.70078125 0.05234375 0.046875
0 0.49296875 0.503125 0.053125 0.0484375
0 0.5921875 0.5109375 0.0515625 0.04765625
1 0.91796875 0.15859375 0.0546875 0.05234375
0 0.54140625 0.5125 0.05078125 0.0453125
1 0.4984375 0.4078125 0.05234375 0.0484375
1 0.75546875 0.9515625 0.05 0.04921875
1 0.1421875 0.703125 0.04921875 0.046875
1 0.1921875 0.75625 0.04921875 0.04765625
1 0.24140625 0.75546875 0.04921875 0.046875
1 0.3421875 0.66640625 0.05234375 0.04609375
1 0.3890625 0.71015625 0.04765625 0.04921875
1 0.1421875 0.3609375 0.04921875 0.04921875
1 0.18828125 0.30859375 0.05078125 0.04765625
1 0.24375 0.3609375 0.05 0.04921875
1 0.29296875 0.35546875 0.053125 0.04921875
1 0.18984375 0.51171875 0.046875 0.046875
1 0.23984375 0.5546875 0.05 0.04765625
1 0.290625 0.5578125 0.05234375 0.0484375
1 0.3421875 0.5609375 0.04921875 0.0484375
1 0.29140625 0.60546875 0.0484375 0.046875
1 0.340625 0.62109375 0.046875 0.046875
1 0.38984375 0.6109375 0.05234375 0.04765625
1 0.39453125 0.3609375 0.0484375 0.04609375
1 0.4453125 0.3640625 0.05390625 0.04921875
1 0.49921875 0.36171875 0.05 0.04921875
1 0.54765625 0.31484375 0.05 0.05234375
1 0.49453125 0.45546875 0.05078125 0.05078125
1 0.553125 0.4140625 0.05234375 0.0484375
1 0.6046875 0.4078125 0.05234375 0.05078125
1 0.7078125 0.40859375 0.04921875 0.05
1 0.703125 0.46484375 0.05234375 0.04765625
1 0.7546875 0.4609375 0.04921875 0.05234375
1 0.80625 0.45546875 0.05 0.0484375
1 0.7515625 0.5203125 0.05 0.04609375
1 0.74375 0.56953125 0.04921875 0.04765625
1 0.7015625 0.603125 0.04921875 0.04921875
1 0.75078125 0.61484375 0.05 0.0484375
1 0.746875 0.6640625 0.05078125 0.05
1 0.8015625 0.60859375 0.05 0.04765625
1 0.85 0.61875 0.04921875 0.05
1 0.8015625 0.66328125 0.053125 0.05
1 0.74609375 0.80859375 0.05234375 0.0484375
1 0.7984375 0.80625 0.05 0.04609375
1 0.80078125 0.853125 0.05 0.04609375
1 0.546875 0.559375 0.0515625 0.04765625
1 0.59765625 0.6046875 0.05234375 0.05
1 0.5453125 0.60625 0.0515625 0.04765625
1 0.49296875 0.65546875 0.04765625 0.05078125
1 0.54296875 0.65703125 0.0515625 0.05
1 0.59375 0.6609375 0.0484375 0.04609375
1 0.490625 0.7078125 0.04765625 0.04765625
1 0.54140625 0.71015625 0.0515625 0.04765625
1 0.4421875 0.75625 0.05 0.05
1 0.49375 0.75625 0.053125 0.04765625
1 0.49140625 0.80546875 0.05 0.0484375
1 0.54140625 0.81015625 0.04765625 0.05
1 0.59140625 0.81015625 0.05078125 0.046875
1 0.4984375 0.85390625 0.0515625 0.04765625