1 0.584375 0.159375 0.053125 0.05078125
1 0.11875 0.2109375 0.05546875 0.0515625
1 0.84140625 0.0609375 0.05625 0.05234375
1 0.94609375 0.40546875 0.05703125 0.05234375
1 0.17265625 0.5921875 0.05625 0.04921875
1 0.06953125 0.5046875 0.0546875 0.04765625
1 0.12578125 0.83828125 0.0546875 0.046875
1 0.63515625 0.64921875 0.05234375 0.0453125
1 0.68984375 0.88515625 0.0515625 0.04609375
1 0.9046875 0.7015625 0.053125 0.04765625
1 0.3875 0.6046875 0.05 0.04375
1 0.12265625 0.30703125 0.05234375 0.0484375
1 0.68828125 0.40703125 0.05234375 0.0484375
0 0.4359375 0.1625 0.053125 0.0484375
1 0.3296875 0.15859375 0.05234375 0.04765625
1 0.38359375 0.16015625 0.053125 0.0484375
1 0.73671875 0.12109375 0.053125 0.0484375
0 0.228125 0.15625 0.05234375 0.04921875
0 0.22421875 0.25703125 0.05234375 0.04765625
0 0.31796875 0.30546875 0.05234375 0.046875
1 0.38359375 0.25625 0.05390625 0.04921875
1 0.784375 0.16171875 0.05390625 0.0484375
1 0.7390625 0.25703125 0.05390625 0.0484375
1 0.3796875 0.3046875 0.05390625 0.05
1 0.0734375 0.359375 0.053125 0.0484375
0 0.22578125 0.35 0.05390625 0.0484375
0 0.7890625 0.11484375 0.053125 0.04765625
1 0.89296875 0.20390625 0.05390625 0.05
1 0.4859375 0.35546875 0.05078125 0.0484375
1 0.175 0.40234375 0.05390625 0.0484375
1 0.63359375 0.35703125 0.05234375 0.04765625
1 0.89921875 0.26328125 0.05390625 0.05
1 0.6875 0.31328125 0.053125 0.04765625
1 0.4328125 0.35546875 0.05078125 0.04765625
0 0.8859375 0.10546875 0.05390625 0.04921875
1 0.1234375 0.4015625 0.053125 0.04921875
0 0.8890625 0.15390625 0.05390625 0.05
1 0.78984375 0.21171875 0.053125 0.04921875
1 0.7953125 0.26015625 0.053125 0.04921875
0 0.8375 0.1640625 0.05390625 0.0484375
1 0.846875 0.25625 0.0515625 0.04921875
1 0.58671875 0.4609375 0.05234375 0.04609375
1 0.48515625 0.4015625 0.05078125 0.046875
0 0.89296875 0.49921875 0.05390625 0.04765625
0 0.840625 0.2109375 0.053125 0.04921875
1 0.17890625 0.45390625 0.053125 0.04921875
1 0.7921875 0.3578125 0.05234375 0.04921875
0 0.8453125 0.31015625 0.05234375 0.046875
1 0.73984375 0.55625 0.05234375 0.046875
0 0.38125 0.35625 0.05234375 0.04765625
0 0.7390625 0.30625 0.053125 0.0484375
1 0.640625 0.45625 0.05078125 0.046875
1 0.6875 0.359375 0.05234375 0.0484375
1 0.17421875 0.54609375 0.0546875 0.04765625
0 0.434375 0.40625 0.05078125 0.046875
0 0.8390625 0.55 0.05390625 0.0453125
0 0.8953125 0.64921875 0.0546875 0.04765625
0 0.84296875 0.40625 0.05234375 0.04765625
1 0.121875 0.5015625 0.0546875 0.04921875
1 0.11875 0.54921875 0.05390625 0.04765625
1 0.53671875 0.65234375 0.05234375 0.0453125
0 0.228125 0.403125 0.0546875 0.04765625
0 0.79140625 0.3109375 0.05234375 0.04765625
1 0.0703125 0.6578125 0.05390625 0.0484375
1 0.4390625 0.6046875 0.0515625 0.04609375
1 0.4828125 0.5578125 0.05078125 0.04609375
0 0.634375 0.403125 0.0515625 0.04609375
0 0.7390625 0.35859375 0.05234375 0.04765625
0 0.3828125 0.40390625 0.0515625 0.046875
0 0.12734375 0.45078125 0.05234375 0.04765625
1 0.534375 0.55625 0.05078125 0.0453125
1 0.3359375 0.6515625 0.053125 0.04609375
0 0.74375 0.45078125 0.0515625 0.04609375
1 0.58203125 0.60078125 0.05234375 0.04609375
0 0.11796875 0.6046875 0.05546875 0.0484375
0 0.48125 0.5125 0.0515625 0.04609375
0 0.790625 0.4078125 0.053125 0.04765625
0 0.22890625 0.49609375 0.0546875 0.046875
0 0.071875 0.40546875 0.053125 0.0484375
0 0.79140625 0.70390625 0.053125 0.04609375
1 0.3828125 0.74375 0.05390625 0.046875
1 0.28203125 0.6546875 0.0546875 0.046875
1 0.6375 0.60390625 0.05078125 0.046875
1 0.4828125 0.746875 0.0515625 0.04609375
0 0.28359375 0.60859375 0.05390625 0.04609375
0 0.58515625 0.50703125 0.05234375 0.046875
0 0.5328125 0.51171875 0.05234375 0.0453125
1 0.07109375 0.70546875 0.0546875 0.046875
0 0.228125 0.5453125 0.05390625 0.0453125
0 0.075 0.4515625 0.05390625 0.046875
0 0.3359375 0.60703125 0.05234375 0.0453125
1 0.846875 0.746875 0.0546875 0.046875
1 0.28125 0.746875 0.05546875 0.046875
1 0.584375 0.7 0.0515625 0.04609375
0 0.065625 0.5515625 0.05234375 0.04609375
0 0.23203125 0.45 0.0546875 0.0484375
0 0.21796875 0.70078125 0.053125 0.0453125
0 0.69140625 0.45234375 0.05234375 0.046875
1 0.53515625 0.74609375 0.05078125 0.0453125
1 0.90078125 0.7515625 0.05234375 0.046875
1 0.95 0.803125 0.05390625 0.046875
0 0.2765625 0.7 0.05390625 0.0453125
1 0.1265625 0.7484375 0.05390625 0.04765625
0 0.43125 0.559375 0.05078125 0.04375
0 0.17421875 0.49921875 0.05390625 0.046875
0 0.37890625 0.5609375 0.0515625 0.04453125
1 0.33203125 0.790625 0.0546875 0.046875
0 0.12109375 0.65390625 0.05546875 0.05
0 0.6875 0.55625 0.05234375 0.046875
0 0.85 0.69765625 0.05234375 0.04609375
1 0.38515625 0.7890625 0.053125 0.046875
1 0.43671875 0.78984375 0.05234375 0.0453125
0 0.68671875 0.64609375 0.05234375 0.04453125
1 0.846875 0.8453125 0.053125 0.046875
1 0.128125 0.79375 0.05546875 0.0484375
1 0.23203125 0.840625 0.05546875 0.046875
0 0.58515625 0.553125 0.0515625 0.0453125
0 0.178125 0.753125 0.05546875 0.04765625
1 0.89765625 0.84609375 0.05234375 0.04609375
1 0.28203125 0.84453125 0.05390625 0.046875
0 0.125 0.6984375 0.05546875 0.04609375
1 0.94921875 0.85 0.05390625 0.046875
0 0.64140625 0.73984375 0.05234375 0.0453125
0 0.4890625 0.89140625 0.05390625 0.04609375
0 0.89765625 0.7984375 0.05234375 0.046875
1 0.74296875 0.8375 0.05234375 0.04765625
0 0.6375 0.69375 0.053125 0.0453125
1 0.38515625 0.8375 0.053125 0.046875
0 0.58515625 0.746875 0.0515625 0.04609375
0 0.17890625 0.8 0.05546875 0.0484375
1 0.79453125 0.88671875 0.05234375 0.0453125
0 0.5859375 0.88984375 0.053125 0.0453125
1 0.6390625 0.88671875 0.053125 0.04609375
0 0.74140625 0.79296875 0.053125 0.046875
1 0.2265625 0.8890625 0.0546875 0.046875
1 0.74140625 0.88359375 0.0515625 0.04609375
0 0.63515625 0.55625 0.0515625 0.0453125
0 0.6390625 0.840625 0.05390625 0.04765625
1 0.175 0.8890625 0.0546875 0.046875
0 0.79453125 0.8421875 0.05234375 0.04609375
0 0.48671875 0.79296875 0.053125 0.046875
0 0.6875 0.6 0.05234375 0.0453125
0 0.7953125 0.7921875 0.053125 0.046875
0 0.69140625 0.8390625 0.05234375 0.046875
0 0.5375 0.7921875 0.0515625 0.04609375
0 0.84609375 0.79140625 0.05390625 0.046875
0 0.17890625 0.84453125 0.0546875 0.046875
0 0.4359375 0.83671875 0.05234375 0.0453125
0 0.38671875 0.8828125 0.053125 0.0453125
0 0.33203125 0.83671875 0.0546875 0.0484375
0 0.3328125 0.92890625 0.05234375 0.04453125
0 0.334375 0.88359375 0.05390625 0.04765625
0 0.27734375 0.8890625 0.05390625 0.04453125