1 0.44765625 0.4984375 0.0625 0.05703125
0 0.14609375 0.70078125 0.06484375 0.059375
1 0.4390625 0.4328125 0.06484375 0.0609375
0 0.21640625 0.63203125 0.06484375 0.06015625
1 0.59375 0.35234375 0.0625 0.0609375
1 0.375 0.56953125 0.06484375 0.06015625
0 0.21796875 0.71796875 0.0640625 0.05859375
1 0.37109375 0.63671875 0.0640625 0.059375
1 0.5328125 0.3453125 0.06171875 0.059375
1 0.434375 0.35 0.06328125 0.059375
1 0.28828125 0.56953125 0.0671875 0.06015625
1 0.73828125 0.35546875 0.0640625 0.0609375
1 0.7390625 0.265625 0.06328125 0.06015625
1 0.43828125 0.27109375 0.06328125 0.059375
1 0.303125 0.6453125 0.0640625 0.059375
1 0.6515625 0.26484375 0.06328125 0.06015625
1 0.365625 0.50703125 0.065625 0.06015625
1 0.140625 0.6421875 0.0671875 0.0609375
1 0.58515625 0.28828125 0.0640625 0.059375
0 0.44140625 0.56796875 0.0640625 0.05703125
1 0.8234375 0.5046875 0.0640625 0.05859375
1 0.81875 0.42734375 0.0640625 0.05859375
1 0.20625 0.56796875 0.065625 0.0609375
1 0.3703125 0.3515625 0.06484375 0.05859375
1 0.2953125 0.35078125 0.06484375 0.059375
0 0.296875 0.7203125 0.06484375 0.05859375
0 0.45 0.6328125 0.0625 0.0578125
0 0.20625 0.865625 0.0640625 0.059375
0 0.52109375 0.5015625 0.06171875 0.05625
1 0.82265625 0.5796875 0.0640625 0.059375
1 0.821875 0.64453125 0.06484375 0.06015625
1 0.528125 0.20546875 0.0640625 0.059375
0 0.36640625 0.72421875 0.0640625 0.0578125
1 0.80546875 0.35703125 0.0640625 0.059375
0 0.5171875 0.421875 0.0640625 0.05859375
0 0.30234375 0.78984375 0.06484375 0.06015625
0 0.5921875 0.428125 0.0625 0.0578125
0 0.8890625 0.63515625 0.06328125 0.06015625
0 0.24140625 0.80078125 0.06328125 0.059375
1 0.134375 0.5828125 0.06640625 0.06015625
0 0.59296875 0.565625 0.0625 0.0578125
1 0.81796875 0.7296875 0.0640625 0.05859375
0 0.65859375 0.3515625 0.06171875 0.05703125
0 0.7390625 0.56640625 0.06328125 0.05859375
1 0.80625 0.79453125 0.06484375 0.06015625
0 0.8921875 0.4203125 0.0609375 0.0578125
1 0.4390625 0.20625 0.0640625 0.0578125
1 0.15390625 0.80546875 0.065625 0.06015625
0 0.884375 0.35 0.0625 0.0578125
0 0.746875 0.6359375 0.0625 0.0578125
1 0.0671875 0.7203125 0.065625 0.06015625
1 0.05546875 0.6359375 0.065625 0.0609375
0 0.825 0.28515625 0.06171875 0.05859375
0 0.36796875 0.86640625 0.0640625 0.0578125
1 0.753125 0.20625 0.06484375 0.059375
0 0.66640625 0.42734375 0.0640625 0.059375
1 0.1546875 0.35078125 0.065625 0.0609375
1 0.23046875 0.33828125 0.06328125 0.06015625
0 0.4515625 0.7296875 0.0625 0.05703125
0 0.51484375 0.6515625 0.0625 0.05703125
0 0.88515625 0.79140625 0.0625 0.05703125
1 0.81875 0.215625 0.065625 0.06015625
0 0.67109375 0.50546875 0.0625 0.05703125
0 0.59296875 0.646875 0.06171875 0.05859375
1 0.07578125 0.803125 0.065625 0.059375
1 0.66484375 0.1265625 0.06484375 0.0609375
1 0.8109375 0.13046875 0.06171875 0.059375
0 0.96328125 0.6390625 0.0609375 0.05859375
0 0.8859375 0.86484375 0.06171875 0.0578125
1 0.8921875 0.20234375 0.06484375 0.0609375
0 0.7390625 0.43046875 0.06328125 0.0578125
0 0.8953125 0.7171875 0.0609375 0.05859375
0 0.9546875 0.27734375 0.0625 0.059375
0 0.7421875 0.48828125 0.06328125 0.059375
0 0.9640625 0.34921875 0.0625 0.059375
0 0.73671875 0.71953125 0.0625 0.0578125
0 0.8875 0.26875 0.0625 0.059375
1 0.5203125 0.13828125 0.0640625 0.05859375
0 0.890625 0.5046875 0.06171875 0.05859375
0 0.96875 0.4875 0.06015625 0.05703125
0 0.66484375 0.71953125 0.06328125 0.05703125
1 0.06875 0.5734375 0.0640625 0.0609375
0 0.51171875 0.7984375 0.0625 0.0578125
0 0.88515625 0.5640625 0.0625 0.0578125
0 0.51953125 0.7203125 0.0625 0.0578125
0 0.7359375 0.784375 0.0640625 0.05859375
0 0.58984375 0.80078125 0.0609375 0.05703125
1 0.44375 0.11953125 0.0640625 0.06015625
0 0.5875 0.87109375 0.0609375 0.05625
0 0.896875 0.13671875 0.0640625 0.0609375
0 0.6734375 0.86796875 0.0609375 0.05703125
1 0.13828125 0.87890625 0.065625 0.059375
1 0.80625 0.86875 0.06328125 0.0578125
0 0.58671875 0.71171875 0.06171875 0.05703125
1 0.06015625 0.35625 0.06328125 0.0609375
1 0.95859375 0.203125 0.0625 0.0609375
0 0.19921875 0.9359375 0.06484375 0.0578125
1 0.72890625 0.06328125 0.06328125 0.0609375
0 0.9578125 0.13359375 0.0625 0.06171875
0 0.88984375 0.928125 0.0625 0.0578125
0 0.753125 0.93671875 0.06328125 0.05703125
0 0.37734375 0.940625 0.0640625 0.05703125
0 0.88984375 0.07421875 0.0609375 0.05859375
0 0.5203125 0.93515625 0.06015625 0.05625
0 0.440625 0.93828125 0.06171875 0.05625
1 0.590625 0.053125 0.06328125 0.06015625
1 0.82109375 0.93671875 0.0640625 0.059375
0 0.8125 0.06015625 0.0625 0.06015625
1 0.43046875 0.04140625 0.06328125 0.059375
1 0.1359375 0.9421875 0.06484375 0.0578125
0 0.96328125 0.9359375 0.06171875 0.05703125