0 0.22734375 0.56484375 0.05234375 0.0546875
1 0.37890625 0.45 0.04921875 0.04921875
1 0.06328125 0.31953125 0.0515625 0.053125
1 0.3234375 0.35390625 0.05 0.05078125
1 0.37421875 0.4 0.05078125 0.04921875
1 0.5265625 0.396875 0.04765625 0.04921875
1 0.43515625 0.50546875 0.05 0.05078125
1 0.4375 0.55625 0.0484375 0.0515625
1 0.42890625 0.45703125 0.05 0.05078125
1 0.63125 0.4953125 0.04921875 0.05
1 0.48984375 0.60859375 0.05 0.05234375
1 0.46953125 0.30078125 0.04765625 0.04921875
1 0.37578125 0.3515625 0.05 0.04921875
1 0.47890625 0.45703125 0.05 0.05
1 0.28828125 0.66875 0.0515625 0.053125
1 0.6421875 0.64609375 0.04921875 0.05
1 0.4234375 0.303125 0.04921875 0.04921875
1 0.4234375 0.353125 0.04921875 0.04921875
1 0.68359375 0.496875 0.04921875 0.05078125
1 0.28359375 0.615625 0.0515625 0.053125
1 0.6765625 0.396875 0.0484375 0.04921875
1 0.6796875 0.4453125 0.04765625 0.05
1 0.7703125 0.34453125 0.04765625 0.04921875
1 0.72734375 0.3921875 0.04921875 0.05
1 0.5234375 0.35 0.0484375 0.0484375
1 0.48359375 0.50859375 0.04921875 0.0515625
1 0.48515625 0.559375 0.04921875 0.05078125
1 0.6921875 0.5984375 0.04921875 0.05078125
1 0.33828125 0.66953125 0.0515625 0.053125
1 0.47890625 0.4078125 0.04765625 0.0484375
1 0.63125 0.4453125 0.0484375 0.04921875
1 0.72265625 0.34296875 0.0484375 0.05
1 0.33828125 0.721875 0.0515625 0.05234375
0 0.271875 0.46875 0.053125 0.05
1 0.5921875 0.7015625 0.04921875 0.0515625
1 0.3921875 0.67109375 0.05234375 0.05390625
1 0.82109375 0.34375 0.0484375 0.04921875
1 0.59140625 0.6515625 0.05 0.05234375
1 0.32109375 0.3015625 0.05 0.05078125
1 0.6390625 0.59453125 0.04921875 0.05078125
1 0.39609375 0.721875 0.05234375 0.053125
0 0.2796875 0.5640625 0.05546875 0.0515625
1 0.8265625 0.3921875 0.0484375 0.05078125
1 0.7125 0.246875 0.04765625 0.0484375
1 0.83515625 0.54765625 0.04921875 0.05078125
0 0.265625 0.35234375 0.0515625 0.04921875
1 0.740625 0.54765625 0.04921875 0.05234375
0 0.271875 0.30234375 0.05078125 0.046875
0 0.33046875 0.45546875 0.05234375 0.04921875
1 0.415625 0.25390625 0.04921875 0.0484375
1 0.834375 0.49609375 0.04765625 0.04921875
1 0.7203125 0.29375 0.046875 0.04765625
0 0.17890625 0.62890625 0.0546875 0.05625
1 0.86953125 0.340625 0.04765625 0.0484375
1 0.44296875 0.71171875 0.05078125 0.05234375
1 0.39375 0.77578125 0.0515625 0.05234375
1 0.7859375 0.5453125 0.04921875 0.05078125
1 0.1546875 0.2109375 0.0515625 0.0515625
0 0.16015625 0.2640625 0.053125 0.05078125
1 0.496875 0.7640625 0.05234375 0.053125
0 0.23125 0.6203125 0.05625 0.05703125
1 0.87265625 0.44140625 0.0484375 0.05
1 0.43984375 0.7640625 0.05234375 0.053125
0 0.21640625 0.40546875 0.053125 0.04921875
0 0.1265625 0.515625 0.05390625 0.0515625
1 0.49453125 0.7125 0.05078125 0.053125
0 0.10390625 0.20078125 0.05234375 0.05234375
1 0.76640625 0.2953125 0.04609375 0.04765625
1 0.55234375 0.76171875 0.05234375 0.05546875
1 0.865625 0.2921875 0.04765625 0.04921875
0 0.21328125 0.209375 0.05234375 0.05
1 0.7859375 0.49453125 0.04765625 0.04921875
1 0.7125 0.19921875 0.04609375 0.04765625
0 0.128125 0.63203125 0.05703125 0.05625
0 0.22734375 0.7296875 0.05546875 0.05546875
0 0.16640625 0.4640625 0.05390625 0.05234375
1 0.69140625 0.55 0.05 0.05234375
0 0.1125 0.30625 0.05390625 0.0515625
0 0.32578125 0.403125 0.053125 0.05078125
0 0.0703125 0.53671875 0.05390625 0.053125
1 0.565625 0.196875 0.04765625 0.04921875
0 0.33671875 0.5625 0.05390625 0.0515625
0 0.1953125 0.16015625 0.0515625 0.0484375
0 0.09921875 0.1515625 0.0515625 0.04921875
1 0.6109375 0.19609375 0.046875 0.04921875
1 0.51328125 0.19921875 0.04765625 0.04765625
0 0.9359375 0.4984375 0.05078125 0.0515625
0 0.0515625 0.25625 0.05234375 0.053125
0 0.88125 0.53984375 0.05234375 0.053125
0 0.9328125 0.44453125 0.0515625 0.05078125
1 0.39921875 0.8296875 0.0515625 0.053125
0 0.06875 0.62578125 0.0546875 0.05546875
1 0.55390625 0.81953125 0.05234375 0.05546875
1 0.146875 0.1609375 0.05078125 0.04765625
0 0.88046875 0.490625 0.0515625 0.05078125
0 0.62734375 0.396875 0.05 0.0484375
0 0.2875 0.721875 0.05625 0.05546875
1 0.9125 0.290625 0.046875 0.05078125
1 0.796875 0.80546875 0.05078125 0.0546875
0 0.3734375 0.2984375 0.053125 0.0515625
1 0.85703125 0.803125 0.04921875 0.0546875
1 0.29453125 0.83515625 0.0515625 0.0546875
1 0.1 0.1 0.05 0.04921875
0 0.83984375 0.6 0.05078125 0.05390625
0 0.4421875 0.6078125 0.05234375 0.0515625
0 0.321875 0.24765625 0.0515625 0.0515625
0 0.37109375 0.246875 0.05234375 0.04921875
1 0.34375 0.83203125 0.05234375 0.0546875
0 0.38125 0.50859375 0.053125 0.05
0 0.4640625 0.2515625 0.05234375 0.05
0 0.790625 0.5953125 0.0515625 0.05234375
0 0.584375 0.45078125 0.0515625 0.05078125
0 0.58125 0.39921875 0.05234375 0.05
0 0.33671875 0.61484375 0.0546875 0.0546875
0 0.52734375 0.45234375 0.05234375 0.05078125
0 0.49453125 0.66015625 0.053125 0.0515625
0 0.4390625 0.66171875 0.053125 0.0515625
0 0.57265625 0.34765625 0.0515625 0.0484375
0 0.23984375 0.8234375 0.05546875 0.05625
0 0.3421875 0.7796875 0.05703125 0.05703125
1 0.196875 0.11015625 0.05078125 0.05
0 0.54453125 0.70859375 0.05234375 0.05234375
0 0.9234375 0.39375 0.0515625 0.053125
0 0.56875 0.2453125 0.0515625 0.05
0 0.87578125 0.3890625 0.0515625 0.0515625
0 0.290625 0.7765625 0.0578125 0.0578125
0 0.696875 0.6515625 0.05390625 0.053125
0 0.671875 0.34453125 0.04921875 0.0484375
0 0.61953125 0.246875 0.05078125 0.05
0 0.41640625 0.2046875 0.05234375 0.04765625
0 0.53515625 0.55546875 0.053125 0.05078125
0 0.925 0.34609375 0.05234375 0.05
0 0.528125 0.5015625 0.05234375 0.05
0 0.5265625 0.29921875 0.05078125 0.04921875
0 0.38671875 0.6140625 0.053125 0.0546875
0 0.640625 0.70859375 0.053125 0.0546875
0 0.74375 0.6515625 0.05234375 0.05390625
0 0.50703125 0.87421875 0.05390625 0.05546875
1 0.909375 0.240625 0.0484375 0.05
0 0.603125 0.759375 0.0546875 0.05546875
0 0.8421875 0.7515625 0.05078125 0.053125
0 0.44765625 0.8140625 0.05546875 0.05390625
1 0.55859375 0.871875 0.05078125 0.05234375
0 0.5390625 0.60625 0.05390625 0.05078125
0 0.54375 0.65703125 0.05390625 0.05390625
0 0.8546875 0.1953125 0.05 0.0484375
0 0.5171875 0.25 0.05234375 0.0515625
1 0.1484375 0.1109375 0.05 0.04921875
0 0.90703125 0.1921875 0.05078125 0.04765625
0 0.6046875 0.81875 0.0546875 0.05625
0 0.61015625 0.8734375 0.05234375 0.053125
0 0.8125 0.29765625 0.05078125 0.0484375
0 0.759375 0.20234375 0.05 0.04765625
1 0.75390625 0.15390625 0.0484375 0.0484375
0 0.446875 0.86796875 0.0546875 0.05703125
0 0.95546875 0.253125 0.05 0.05234375
0 0.465625 0.15078125 0.0515625 0.05
0 0.34296875 0.8859375 0.0546875 0.0578125
0 0.396875 0.884375 0.05546875 0.0578125
0 0.28671875 0.89375 0.05390625 0.05625
0 0.04140625 0.1078125 0.05234375 0.05078125
0 0.80546875 0.146875 0.05 0.05078125
0 0.70078125 0.1546875 0.0515625 0.04921875
0 0.2546875 0.1015625 0.05234375 0.04921875
0 0.56328125 0.1484375 0.0515625 0.0484375
0 0.553125 0.93125 0.05234375 0.05546875
0 0.90390625 0.89921875 0.05 0.05234375
1 0.57890625 0.50078125 0.04921875 0.05078125
0 0.59140625 0.54921875 0.04921875 0.05
0 0.58984375 0.6 0.04921875 0.05078125
0 0.64140625 0.54609375 0.05 0.05
0 0.6671875 0.1984375 0.0453125 0.04921875
0 0.66796875 0.2484375 0.0453125 0.04765625
0 0.6703125 0.29609375 0.0484375 0.04921875
0 0.76015625 0.24921875 0.04609375 0.046875
0 0.80625 0.24921875 0.0453125 0.04921875
0 0.85390625 0.24453125 0.0453125 0.04765625
0 0.3890625 0.5609375 0.0484375 0.0515625