1 0.54375 0.6078125 0.0484375 0.04765625
0 0.13125 0.44609375 0.05234375 0.04921875
0 0.13125 0.39609375 0.05234375 0.04765625
1 0.4859375 0.65078125 0.05 0.04609375
0 0.08359375 0.496875 0.05234375 0.0484375
0 0.08046875 0.4515625 0.0515625 0.0484375
0 0.18046875 0.44140625 0.0515625 0.04765625
0 0.28828125 0.4453125 0.0515625 0.046875
1 0.32890625 0.7 0.0515625 0.04609375
1 0.53515625 0.70390625 0.05 0.046875
0 0.2796875 0.5515625 0.05234375 0.046875
0 0.3390625 0.44140625 0.0515625 0.04609375
1 0.49140625 0.5515625 0.0515625 0.04609375
0 0.23125 0.39296875 0.053125 0.04921875
1 0.17265625 0.65078125 0.0515625 0.04609375
1 0.540625 0.7546875 0.05078125 0.046875
0 0.23359375 0.509375 0.05234375 0.046875
1 0.48984375 0.75078125 0.0515625 0.0453125
1 0.75703125 0.5546875 0.0515625 0.04609375
1 0.5953125 0.7046875 0.05078125 0.046875
1 0.23515625 0.69453125 0.053125 0.046875
1 0.6578125 0.65 0.05234375 0.04765625
0 0.28359375 0.5046875 0.05234375 0.04765625
1 0.7015625 0.50859375 0.05234375 0.046875
0 0.08203125 0.3875 0.0515625 0.04765625
1 0.32890625 0.75 0.05234375 0.04609375
1 0.64609375 0.5546875 0.05078125 0.046875
1 0.64765625 0.603125 0.05234375 0.0484375
1 0.440625 0.5515625 0.0515625 0.046875
1 0.13359375 0.60234375 0.05234375 0.04609375
1 0.59453125 0.5515625 0.0515625 0.04609375
1 0.6984375 0.6046875 0.0515625 0.046875
1 0.3328125 0.65234375 0.0515625 0.046875
1 0.65 0.6984375 0.05078125 0.0453125
1 0.2375 0.646875 0.05234375 0.046875
1 0.70859375 0.65 0.053125 0.046875
0 0.334375 0.5515625 0.05234375 0.046875
1 0.39453125 0.7984375 0.05390625 0.0453125
0 0.49296875 0.45 0.0515625 0.0453125
0 0.5421875 0.4453125 0.0515625 0.04609375
0 0.2265625 0.55546875 0.05234375 0.04609375
1 0.8125 0.65 0.0515625 0.04765625
0 0.39140625 0.4953125 0.05234375 0.0453125
0 0.2921875 0.38515625 0.0515625 0.0453125
1 0.54609375 0.5421875 0.0515625 0.04765625
1 0.278125 0.75546875 0.0515625 0.046875
1 0.75859375 0.65625 0.05234375 0.046875
0 0.490625 0.496875 0.0515625 0.0453125
1 0.43671875 0.6578125 0.05078125 0.04453125
1 0.440625 0.49375 0.05078125 0.04609375
1 0.4953125 0.80078125 0.05234375 0.046875
1 0.28828125 0.60078125 0.05234375 0.046875
0 0.9109375 0.503125 0.0515625 0.046875
1 0.38671875 0.54375 0.05234375 0.046875
1 0.64140625 0.50234375 0.05078125 0.046875
1 0.4375 0.61015625 0.0515625 0.04609375
1 0.38984375 0.60078125 0.05234375 0.04765625
0 0.909375 0.2921875 0.05078125 0.04609375
0 0.90625 0.55625 0.05234375 0.04765625
0 0.8625 0.49375 0.05234375 0.046875
0 0.70234375 0.45078125 0.0515625 0.0453125
1 0.27734375 0.8015625 0.05234375 0.04765625
0 0.43046875 0.44140625 0.0515625 0.04453125
1 0.4375 0.85078125 0.053125 0.046875
0 0.8109375 0.3375 0.0515625 0.046875
1 0.38359375 0.753125 0.053125 0.04609375
1 0.8109375 0.603125 0.053125 0.04765625
0 0.4875 0.30078125 0.0515625 0.046875
1 0.07578125 0.6 0.0515625 0.046875
1 0.8609375 0.5953125 0.053125 0.04921875
0 0.3421875 0.38515625 0.0515625 0.0453125
0 0.6015625 0.29453125 0.0515625 0.046875
0 0.7609375 0.4859375 0.05234375 0.04609375
0 0.75234375 0.440625 0.0515625 0.0453125
1 0.16796875 0.79453125 0.0546875 0.046875
0 0.8015625 0.44375 0.05078125 0.0453125
0 0.85625 0.4484375 0.0515625 0.046875
1 0.5421875 0.4953125 0.05078125 0.046875
1 0.17734375 0.55 0.0515625 0.04609375
1 0.32890625 0.8484375 0.05390625 0.0453125
1 0.38359375 0.653125 0.0515625 0.0453125
0 0.90546875 0.38828125 0.0515625 0.04609375
1 0.07734375 0.746875 0.053125 0.04765625
1 0.6515625 0.446875 0.05234375 0.04921875
1 0.6015625 0.44140625 0.0515625 0.04765625
0 0.4375 0.29765625 0.05 0.04609375
1 0.190625 0.74375 0.05234375 0.04609375
0 0.0234375 0.4921875 0.046875 0.04765625
0 0.7578125 0.34296875 0.05234375 0.046875
0 0.54609375 0.29453125 0.0515625 0.04609375
0 0.4546875 0.3421875 0.0515625 0.0453125
0 0.40078125 0.40234375 0.0515625 0.0453125
1 0.0828125 0.5515625 0.05078125 0.046875
0 0.8546875 0.3828125 0.0515625 0.04609375
1 0.70234375 0.3953125 0.05078125 0.046875
0 0.8046875 0.3953125 0.0515625 0.04765625
0 0.02265625 0.4328125 0.04453125 0.04765625
0 0.19140625 0.29140625 0.05078125 0.0453125
1 0.7984375 0.70625 0.05234375 0.046875
0 0.80859375 0.290625 0.0515625 0.04765625
0 0.54375 0.39921875 0.05078125 0.04375
1 0.23828125 0.6 0.05234375 0.04609375
0 0.128125 0.35 0.0515625 0.046875
1 0.2765625 0.8515625 0.053125 0.04765625
0 0.8578125 0.2953125 0.0515625 0.04765625
1 0.17265625 0.8453125 0.053125 0.04765625
1 0.9078125 0.653125 0.05234375 0.04765625
0 0.2265625 0.3453125 0.05234375 0.0453125
0 0.9640625 0.290625 0.05234375 0.046875
0 0.54375 0.35234375 0.05078125 0.0453125
0 0.80703125 0.55390625 0.0515625 0.04609375
0 0.753125 0.39453125 0.05078125 0.04609375
0 0.85625 0.5484375 0.053125 0.04765625
0 0.38671875 0.2984375 0.05078125 0.04453125
0 0.7046875 0.3375 0.05234375 0.04609375
1 0.059375 0.79765625 0.05234375 0.046875
1 0.65234375 0.39375 0.05 0.046875
0 0.76015625 0.284375 0.0515625 0.04609375
1 0.71015625 0.284375 0.0515625 0.046875
0 0.85703125 0.25078125 0.0515625 0.0453125
1 0.1859375 0.5 0.053125 0.04765625
1 0.64609375 0.346875 0.05078125 0.04765625
0 0.23671875 0.22734375 0.0515625 0.04609375
0 0.91015625 0.60625 0.05234375 0.046875
0 0.3375 0.24375 0.05078125 0.0453125
1 0.1359375 0.49453125 0.05078125 0.04609375
1 0.59453125 0.39453125 0.05078125 0.04609375
1 0.3796875 0.90703125 0.053125 0.046875
0 0.96171875 0.5484375 0.05234375 0.0484375
0 0.8 0.2453125 0.05234375 0.0453125
1 0.58984375 0.5046875 0.05234375 0.04765625
0 0.59453125 0.246875 0.0515625 0.0453125
0 0.96484375 0.3359375 0.05234375 0.04765625
0 0.4890625 0.25546875 0.05 0.04375
1 0.26484375 0.90078125 0.05234375 0.046875
1 0.02265625 0.5953125 0.04453125 0.04609375
1 0.05625 0.8453125 0.053125 0.0484375
0 0.28515625 0.1953125 0.05 0.0453125
1 0.6546875 0.29609375 0.0515625 0.04765625
0 0.0234375 0.54765625 0.046875 0.0484375
1 0.59609375 0.34765625 0.0515625 0.0484375
1 0.2140625 0.9046875 0.053125 0.04765625
0 0.3375 0.603125 0.0515625 0.04609375
0 0.440625 0.25234375 0.05078125 0.04609375
0 0.96171875 0.434375 0.05234375 0.04765625
0 0.1359375 0.25234375 0.05078125 0.046875
1 0.96328125 0.5984375 0.05234375 0.04921875
1 0.66484375 0.24765625 0.05234375 0.04921875
0 0.971875 0.2453125 0.05078125 0.0453125
1 0.9578125 0.64765625 0.0515625 0.04765625
0 0.5453125 0.19765625 0.05078125 0.04453125
0 0.91875 0.1875 0.05078125 0.0453125
0 0.48984375 0.18828125 0.05078125 0.0453125
0 0.44140625 0.20703125 0.05078125 0.04453125
0 0.02265625 0.3859375 0.0453125 0.046875
0 0.38125 0.2015625 0.0515625 0.04453125
1 0.60390625 0.196875 0.05078125 0.0453125
0 0.79140625 0.20078125 0.0515625 0.0453125
1 0.0203125 0.70546875 0.040625 0.04609375
0 0.97109375 0.1890625 0.05234375 0.046875
0 0.33828125 0.1484375 0.05078125 0.0453125
0 0.1875 0.19375 0.05078125 0.04609375
0 0.49140625 0.14375 0.05078125 0.04609375
1 0.05703125 0.90546875 0.053125 0.0484375
1 0.66171875 0.1921875 0.05234375 0.04609375
1 0.9625 0.69609375 0.05234375 0.046875
1 0.803125 0.1453125 0.05 0.046875
1 0.74140625 0.1953125 0.05234375 0.04609375
0 0.8625 0.13671875 0.053125 0.04609375
1 0.746875 0.24140625 0.05390625 0.0484375
1 0.603125 0.14609375 0.0515625 0.04609375
1 0.66640625 0.146875 0.05234375 0.04609375
1 0.7015625 0.08984375 0.0515625 0.0453125
1 0.55234375 0.13984375 0.0515625 0.04765625
1 0.746875 0.10625 0.0515625 0.04453125
1 0.7546875 0.15078125 0.05234375 0.04609375
0 0.96953125 0.1390625 0.053125 0.0484375
0 0.34140625 0.09453125 0.0515625 0.04609375
0 0.49375 0.09765625 0.0515625 0.04375
1 0.60234375 0.1015625 0.05 0.0453125
1 0.96015625 0.09375 0.05078125 0.046875
1 0.553125 0.0921875 0.05078125 0.046875
1 0.6546875 0.103125 0.0515625 0.04609375
1 0.9125 0.14375 0.0515625 0.0484375
1 0.81171875 0.053125 0.0515625 0.04609375
0 0.290625 0.0875 0.05 0.046875
1 0.9109375 0.09453125 0.05234375 0.0484375
1 0.6109375 0.05546875 0.04921875 0.0453125
1 0.66015625 0.059375 0.05078125 0.0453125
1 0.115625 0.95234375 0.05390625 0.04765625
1 0.55546875 0.04453125 0.05 0.0453125
1 0.43984375 0.95234375 0.05234375 0.0484375
1 0.8921875 0.053125 0.05078125 0.046875
1 0.8546875 0.0859375 0.0515625 0.046875
0 0.0703125 0.06875 0.0515625 0.046875
0 0.79296875 0.79609375 0.05234375 0.04765625