0 0.346875 0.54140625 0.04921875 0.0515625
1 0.49921875 0.49453125 0.0453125 0.05078125
1 0.56171875 0.453125 0.0484375 0.05
1 0.296875 0.64921875 0.04921875 0.0515625
1 0.190625 0.5046875 0.05078125 0.0515625
1 0.34921875 0.33984375 0.05 0.05078125
1 0.45546875 0.28984375 0.04921875 0.05234375
1 0.2421875 0.39375 0.05 0.05078125
1 0.3546875 0.6515625 0.05 0.05234375
1 0.67109375 0.18671875 0.0484375 0.05078125
1 0.2375 0.60078125 0.04921875 0.0515625
1 0.30625 0.39765625 0.05 0.05234375
1 0.4046875 0.6546875 0.05 0.0515625
1 0.4546875 0.6484375 0.0484375 0.0515625
1 0.41484375 0.340625 0.0484375 0.05
1 0.7140625 0.23828125 0.0484375 0.05078125
1 0.76875 0.2359375 0.04765625 0.05
1 0.18671875 0.44609375 0.05078125 0.05078125
1 0.6203125 0.1359375 0.0484375 0.04921875
1 0.4984375 0.59453125 0.05 0.0515625
1 0.134375 0.6546875 0.05 0.05234375
0 0.2296875 0.5421875 0.05078125 0.05
1 0.5609375 0.50703125 0.0484375 0.05
1 0.25 0.44453125 0.0515625 0.0515625
1 0.1328125 0.59453125 0.05 0.05
1 0.8640625 0.55078125 0.0484375 0.05
1 0.50546875 0.5453125 0.04921875 0.05
1 0.66328125 0.2375 0.04921875 0.05078125
1 0.34921875 0.2328125 0.05 0.0515625
1 0.8578125 0.3984375 0.04921875 0.0515625
1 0.771875 0.665625 0.0515625 0.05234375
1 0.51640625 0.39375 0.0484375 0.04921875
1 0.18515625 0.55703125 0.05078125 0.0515625
1 0.86640625 0.45859375 0.05 0.05
1 0.56171875 0.1875 0.0484375 0.04921875
1 0.85703125 0.3453125 0.04921875 0.0515625
1 0.86796875 0.6171875 0.04921875 0.0515625
1 0.76328125 0.140625 0.0484375 0.0515625
1 0.76640625 0.2875 0.0484375 0.05078125
1 0.76953125 0.50078125 0.05 0.0484375
1 0.55625 0.23671875 0.05 0.05234375
1 0.39921875 0.12578125 0.0484375 0.0515625
1 0.3625 0.39296875 0.04921875 0.05078125
1 0.61796875 0.18984375 0.0484375 0.04921875
1 0.34609375 0.7171875 0.04921875 0.05234375
1 0.45390625 0.1390625 0.0484375 0.04921875
1 0.246875 0.7640625 0.05078125 0.0515625
1 0.503125 0.134375 0.0484375 0.05078125
1 0.82109375 0.49453125 0.04921875 0.04921875
1 0.49375 0.1859375 0.0484375 0.05
1 0.13984375 0.71015625 0.05078125 0.053125
1 0.9203125 0.4484375 0.05 0.05078125
1 0.81796875 0.2921875 0.0484375 0.0515625
1 0.76328125 0.55 0.05 0.05
1 0.1875 0.7125 0.05078125 0.05234375
1 0.4546875 0.70625 0.04921875 0.05078125
1 0.4640625 0.35078125 0.04921875 0.05
1 0.08671875 0.71328125 0.0515625 0.05390625
1 0.51875 0.3453125 0.04765625 0.05
1 0.35234375 0.1328125 0.04921875 0.0515625
1 0.8703125 0.1953125 0.0484375 0.0515625
1 0.30625 0.13515625 0.05078125 0.05078125
1 0.81875 0.18515625 0.04921875 0.05078125
1 0.8171875 0.6078125 0.05 0.05234375
1 0.3515625 0.1828125 0.04921875 0.05234375
1 0.81953125 0.13671875 0.0484375 0.05078125
1 0.81875 0.6609375 0.0484375 0.05078125
1 0.8140625 0.55625 0.04921875 0.0515625
1 0.9203125 0.55078125 0.05 0.05
1 0.4953125 0.8109375 0.05078125 0.05078125
1 0.3015625 0.76328125 0.05 0.0515625
0 0.08359375 0.48359375 0.05 0.05078125
1 0.76484375 0.0828125 0.04921875 0.05078125
1 0.396875 0.7203125 0.05 0.0515625
1 0.3515625 0.81640625 0.04921875 0.05078125
1 0.3984375 0.1765625 0.05 0.05234375
1 0.56796875 0.55625 0.04765625 0.05078125
1 0.50546875 0.7125 0.04921875 0.05078125
1 0.0796875 0.7640625 0.0515625 0.0546875
1 0.61484375 0.55 0.04765625 0.05078125
1 0.3984375 0.8109375 0.0484375 0.0515625
1 0.14296875 0.8109375 0.05234375 0.0546875
1 0.76875 0.71796875 0.05078125 0.05234375
1 0.9640625 0.51640625 0.04921875 0.0515625
1 0.86796875 0.1328125 0.0484375 0.05078125
1 0.5515625 0.8203125 0.05078125 0.0515625
0 0.5640625 0.39921875 0.0484375 0.0484375
1 0.865625 0.72578125 0.0484375 0.0515625
1 0.8171875 0.446875 0.0484375 0.04921875
0 0.0359375 0.4390625 0.05 0.0515625
1 0.44453125 0.7546875 0.0484375 0.05
1 0.975 0.45390625 0.046875 0.05078125
1 0.20078125 0.8578125 0.05 0.05234375
1 0.7140625 0.76875 0.04921875 0.05078125
0 0.76640625 0.45078125 0.04921875 0.05
0 0.14375 0.23515625 0.05 0.05078125
1 0.459375 0.91875 0.05 0.05234375
1 0.76484375 0.76953125 0.0515625 0.05234375
1 0.8265625 0.23203125 0.04765625 0.04921875
0 0.29296875 0.3421875 0.04921875 0.04921875
0 0.9671875 0.40234375 0.04921875 0.05
0 0.24296875 0.9234375 0.0515625 0.05234375
0 0.1234375 0.5453125 0.05078125 0.05078125
0 0.30234375 0.08671875 0.04921875 0.05078125
1 0.02734375 0.8234375 0.05 0.05390625
0 0.97265625 0.2421875 0.04765625 0.05078125
0 0.14140625 0.4984375 0.05078125 0.05234375
1 0.39765625 0.871875 0.05 0.05078125
1 0.8125 0.8171875 0.05 0.05078125
1 0.09375 0.825 0.0515625 0.053125
0 0.090625 0.4 0.05078125 0.05078125
0 0.80546875 0.39921875 0.04921875 0.04921875
1 0.50859375 0.86796875 0.04921875 0.05078125
1 0.7703125 0.03203125 0.0484375 0.0484375
0 0.76640625 0.6046875 0.05 0.05
1 0.1359375 0.8671875 0.05234375 0.053125
1 0.81171875 0.86796875 0.04921875 0.05078125
0 0.2390625 0.340625 0.05078125 0.0515625
0 0.5078125 0.76328125 0.05 0.05078125
0 0.1390625 0.3375 0.05078125 0.05234375
1 0.759375 0.82421875 0.05 0.0515625
0 0.71796875 0.296875 0.04765625 0.04921875
0 0.19140625 0.29296875 0.05 0.05078125
1 0.5578125 0.87109375 0.04921875 0.0515625
0 0.340625 0.2921875 0.0484375 0.04921875
0 0.9140625 0.4 0.0484375 0.04921875
0 0.153125 0.05 0.05 0.0515625
0 0.6078125 0.5015625 0.05 0.05
1 0.6546875 0.859375 0.04921875 0.05078125
0 0.91171875 0.35 0.0484375 0.0515625
0 0.0875 0.3015625 0.05 0.05
0 0.70625 0.49296875 0.04921875 0.05
0 0.03203125 0.60234375 0.05078125 0.053125
0 0.8734375 0.246875 0.0484375 0.0515625
0 0.19453125 0.175 0.0484375 0.0515625
0 0.96796875 0.0796875 0.0484375 0.05234375
0 0.5015625 0.66171875 0.05 0.05
1 0.18984375 0.9203125 0.05234375 0.05234375
0 0.6125 0.45234375 0.04921875 0.04921875
0 0.54375 0.60390625 0.0484375 0.05078125
0 0.759375 0.91796875 0.04921875 0.05
0 0.13203125 0.17265625 0.05 0.05234375
0 0.71640625 0.665625 0.05 0.0515625
0 0.82265625 0.08671875 0.0484375 0.05078125
0 0.19453125 0.3953125 0.05078125 0.0515625
0 0.59921875 0.6625 0.0484375 0.04921875
0 0.1390625 0.446875 0.0515625 0.05234375
0 0.08046875 0.65546875 0.05078125 0.05234375
0 0.665625 0.2859375 0.046875 0.0484375
1 0.0921875 0.91484375 0.05078125 0.05234375
0 0.6578125 0.75625 0.0484375 0.05078125
0 0.76171875 0.33984375 0.04765625 0.05
0 0.03125 0.765625 0.05 0.0515625
0 0.03671875 0.346875 0.05 0.05234375
0 0.44609375 0.18828125 0.04921875 0.04921875
0 0.56015625 0.7625 0.05 0.05
0 0.07734375 0.02890625 0.05 0.05
0 0.7125 0.71875 0.0484375 0.05078125
0 0.03359375 0.66015625 0.05078125 0.05234375
0 0.921875 0.18359375 0.04921875 0.0515625
0 0.8140625 0.76640625 0.04921875 0.05078125
0 0.08125 0.6046875 0.05078125 0.053125
0 0.24140625 0.22890625 0.04921875 0.0515625
1 0.5625 0.92109375 0.04921875 0.05234375
0 0.8171875 0.03203125 0.04765625 0.05078125
0 0.2421875 0.28359375 0.05 0.05078125
0 0.9234375 0.2921875 0.0484375 0.0515625
0 0.25703125 0.1296875 0.04921875 0.05078125
0 0.80859375 0.34765625 0.04921875 0.05078125
0 0.303125 0.18515625 0.04921875 0.0515625
0 0.81796875 0.71640625 0.05 0.05078125
1 0.80546875 0.93046875 0.04921875 0.0515625
0 0.92265625 0.1328125 0.04921875 0.04921875
0 0.60625 0.23828125 0.04765625 0.05
1 0.0234375 0.89765625 0.046875 0.0546875
0 0.396875 0.28984375 0.04921875 0.05
0 0.71484375 0.54296875 0.04921875 0.04921875
1 0.6078125 0.86640625 0.05 0.0515625
0 0.92421875 0.0265625 0.0484375 0.04921875
0 0.51015625 0.24453125 0.04921875 0.05
0 0.6609375 0.5515625 0.04765625 0.05
0 0.86875 0.08359375 0.0484375 0.05
0 0.603125 0.80859375 0.04921875 0.0515625
0 0.6125 0.3421875 0.0484375 0.04921875
0 0.6546875 0.6046875 0.04921875 0.05
0 0.70078125 0.61171875 0.0484375 0.05078125
0 0.71796875 0.9734375 0.05 0.04921875
0 0.02890625 0.24609375 0.04921875 0.05078125
0 0.034375 0.715625 0.05078125 0.053125
1 0.3953125 0.04296875 0.046875 0.05
0 0.44921875 0.2375 0.05 0.05078125
0 0.2875 0.23203125 0.05078125 0.05078125
0 0.6609375 0.925 0.0484375 0.05
0 0.6078125 0.603125 0.0484375 0.05078125
0 0.146875 0.39609375 0.05078125 0.05078125
0 0.12890625 0.10234375 0.04921875 0.05390625
0 0.7015625 0.865625 0.04921875 0.05078125
0 0.51015625 0.2953125 0.05 0.0515625
0 0.55625 0.7078125 0.04921875 0.05
0 0.61015625 0.92578125 0.05 0.0515625
0 0.565625 0.34609375 0.04921875 0.05078125
0 0.6546875 0.80859375 0.04921875 0.05078125
0 0.39765625 0.240625 0.0484375 0.04921875
0 0.86796875 0.29765625 0.0484375 0.0515625
0 0.6109375 0.29140625 0.0484375 0.05
0 0.2109375 0.12265625 0.05078125 0.05078125
1 0.446875 0.971875 0.05 0.05234375
0 0.5515625 0.96953125 0.05 0.05078125
0 0.5578125 0.2953125 0.04921875 0.05
0 0.5484375 0.659375 0.0484375 0.05
0 0.165625 0.1359375 0.0484375 0.05078125
0 0.7015625 0.815625 0.05 0.05078125
0 0.03671875 0.29609375 0.05 0.0515625
1 0.503125 0.97421875 0.05 0.0515625
0 0.5984375 0.9734375 0.05 0.05
1 0.25 0.97421875 0.0515625 0.05078125
1 0.08828125 0.97421875 0.0515625 0.05078125