1 0.809375 0.359375 0.05234375 0.046875
0 0.55 0.196875 0.0515625 0.046875
0 0.44609375 0.19765625 0.0515625 0.046875
0 0.3515625 0.15546875 0.0515625 0.04609375
1 0.81796875 0.50859375 0.05234375 0.0484375
0 0.71015625 0.2078125 0.05234375 0.046875
0 0.70078125 0.1453125 0.053125 0.046875
0 0.2578125 0.353125 0.053125 0.046875
1 0.81875 0.653125 0.05390625 0.04921875
1 0.30625 0.4625 0.0515625 0.04921875
0 0.19921875 0.653125 0.05234375 0.04765625
0 0.2046875 0.3421875 0.05234375 0.046875
0 0.13828125 0.25625 0.05234375 0.04765625
1 0.871875 0.2015625 0.0515625 0.0484375
1 0.82734375 0.7125 0.05234375 0.0484375
1 0.925 0.1578125 0.05234375 0.04765625
0 0.07890625 0.25 0.0515625 0.04765625
1 0.8125 0.19609375 0.05234375 0.04765625
0 0.921875 0.1 0.053125 0.0484375
0 0.2546875 0.4125 0.05234375 0.046875
1 0.14140625 0.41171875 0.0515625 0.0484375
0 0.253125 0.2046875 0.05234375 0.046875
1 0.76640625 0.14375 0.04921875 0.046875
0 0.25390625 0.1015625 0.05234375 0.04609375
0 0.19453125 0.203125 0.05234375 0.046875
1 0.0359375 0.1984375 0.0515625 0.0484375
1 0.87421875 0.8109375 0.053125 0.04921875
0 0.86875 0.146875 0.05234375 0.04765625
0 0.20390625 0.50390625 0.05234375 0.0453125
1 0.865625 0.04375 0.0515625 0.04765625
1 0.809375 0.09765625 0.05078125 0.04765625
0 0.8171875 0.14375 0.053125 0.04765625
1 0.19921875 0.1 0.0515625 0.04765625
1 0.196875 0.046875 0.05078125 0.04765625
0 0.86328125 0.090625 0.053125 0.04765625
0 0.140625 0.46640625 0.05234375 0.046875
1 0.08515625 0.14609375 0.0515625 0.04765625
0 0.14375 0.51328125 0.05234375 0.0453125
0 0.76640625 0.70703125 0.05234375 0.046875
1 0.08671875 0.20234375 0.0515625 0.0484375
0 0.1375 0.20625 0.05234375 0.046875
0 0.659375 0.7015625 0.053125 0.0484375
1 0.25078125 0.4609375 0.053125 0.04765625
1 0.196875 0.4078125 0.05234375 0.0484375
0 0.24765625 0.15703125 0.05234375 0.046875
1 0.14453125 0.15625 0.05078125 0.0484375
0 0.3921875 0.753125 0.053125 0.04765625
0 0.35859375 0.80625 0.05234375 0.04609375
1 0.7796875 0.8 0.05234375 0.0484375
0 0.7125 0.696875 0.05390625 0.0484375
0 0.44453125 0.75078125 0.0515625 0.046875
1 0.196875 0.45703125 0.05234375 0.04921875
1 0.66328125 0.74921875 0.0515625 0.04765625
1 0.1953125 0.15625 0.05078125 0.04765625
0 0.553125 0.74765625 0.05234375 0.04765625
0 0.49921875 0.74453125 0.05078125 0.04765625
0 0.60859375 0.7453125 0.0515625 0.046875
1 0.66171875 0.80390625 0.05234375 0.04921875
1 0.54765625 0.8703125 0.05234375 0.04921875
1 0.7265625 0.79921875 0.05234375 0.0484375
0 0.0890625 0.7515625 0.05234375 0.04765625
0 0.7203125 0.75234375 0.05234375 0.046875
0 0.5546875 0.80859375 0.05234375 0.046875
1 0.60859375 0.81015625 0.0515625 0.04921875
1 0.44921875 0.80703125 0.05078125 0.04765625
0 0.03515625 0.803125 0.053125 0.04765625
1 0.4921875 0.86875 0.05234375 0.04921875
0 0.14609375 0.75625 0.05234375 0.04765625
0 0.196875 0.8640625 0.05234375 0.04609375
0 0.19765625 0.759375 0.05234375 0.046875
0 0.35234375 0.8640625 0.053125 0.046875
0 0.19140625 0.80625 0.053125 0.04609375
0 0.3453125 0.915625 0.0515625 0.0453125
1 0.03671875 0.85859375 0.05234375 0.0484375
1 0.4015625 0.86015625 0.0515625 0.04765625
1 0.40625 0.91015625 0.053125 0.05
1 0.14140625 0.80390625 0.05078125 0.0484375
0 0.09140625 0.80234375 0.05234375 0.046875
1 0.49765625 0.80625 0.05 0.0484375
1 0.39453125 0.96015625 0.05390625 0.04921875
0 0.08984375 0.90546875 0.05234375 0.04765625
1 0.14140625 0.85859375 0.0515625 0.04921875
1 0.03828125 0.94375 0.05234375 0.04921875
1 0.08984375 0.8546875 0.05078125 0.0484375
1 0.1421875 0.909375 0.05234375 0.04921875
1 0.14375 0.95703125 0.053125 0.04765625
1 0.0921875 0.95390625 0.0515625 0.04921875