0 0.503125 0.38125 0.05078125 0.05078125
1 0.39765625 0.94609375 0.05 0.05234375
0 0.55546875 0.38125 0.0515625 0.05
0 0.2984375 0.32890625 0.05234375 0.04921875
0 0.246875 0.32890625 0.053125 0.05078125
0 0.35 0.3796875 0.053125 0.05
1 0.45078125 0.94609375 0.0515625 0.05234375
0 0.35 0.12734375 0.05234375 0.0484375
0 0.14296875 0.3796875 0.053125 0.05078125
0 0.709375 0.38203125 0.05078125 0.0484375
1 0.240625 0.9453125 0.0484375 0.053125
0 0.40234375 0.12734375 0.05234375 0.04921875
0 0.453125 0.07734375 0.0515625 0.046875
1 0.19140625 0.94609375 0.05 0.0515625
0 0.246875 0.1265625 0.05234375 0.05
0 0.55546875 0.43203125 0.05234375 0.05
0 0.246875 0.43203125 0.05546875 0.0515625
0 0.81171875 0.1796875 0.05234375 0.05
0 0.503125 0.63671875 0.05234375 0.05078125
0 0.453125 0.1265625 0.05234375 0.04921875
0 0.8125 0.28046875 0.0515625 0.04921875
1 0.39921875 0.89296875 0.05078125 0.05078125
0 0.1953125 0.075 0.05234375 0.05
0 0.503125 0.078125 0.0515625 0.04765625
1 0.2953125 0.89296875 0.05234375 0.05078125
0 0.91328125 0.18125 0.05078125 0.04921875
0 0.2984375 0.07578125 0.05234375 0.04765625
0 0.86328125 0.28125 0.05078125 0.05
0 0.140625 0.63515625 0.0515625 0.053125
0 0.6578125 0.07890625 0.0515625 0.04765625
0 0.759375 0.07890625 0.0515625 0.05
0 0.34921875 0.6359375 0.053125 0.05
0 0.246875 0.1765625 0.05234375 0.04921875
0 0.81171875 0.0796875 0.0515625 0.04921875
0 0.91328125 0.28203125 0.05078125 0.05078125
0 0.91484375 0.38203125 0.05078125 0.04921875
0 0.65703125 0.028125 0.0515625 0.04609375
0 0.50390625 0.02734375 0.05234375 0.046875
0 0.55546875 0.02734375 0.05078125 0.0453125
0 0.45390625 0.58515625 0.053125 0.0484375
0 0.7078125 0.028125 0.05 0.0453125
1 0.81328125 0.84375 0.04765625 0.05
0 0.40078125 0.73984375 0.0515625 0.05078125
0 0.91484375 0.3328125 0.05078125 0.05
0 0.08984375 0.6859375 0.0515625 0.05078125
1 0.3984375 0.83984375 0.05 0.04921875
0 0.45234375 0.68828125 0.05078125 0.04921875
0 0.24453125 0.73828125 0.05234375 0.05078125
0 0.1453125 0.025 0.0515625 0.04609375
0 0.91328125 0.0796875 0.05078125 0.04921875
0 0.50390625 0.790625 0.053125 0.04921875
0 0.1953125 0.02578125 0.0515625 0.046875
1 0.3484375 0.840625 0.05234375 0.05
0 0.965625 0.18046875 0.0515625 0.05
0 0.6078125 0.68828125 0.0515625 0.05078125
0 0.35 0.02578125 0.0515625 0.04453125
1 0.81328125 0.79296875 0.046875 0.04765625
0 0.090625 0.53203125 0.05234375 0.04921875
1 0.503125 0.84140625 0.0484375 0.05078125
0 0.75859375 0.02890625 0.05078125 0.04609375
0 0.13984375 0.78984375 0.053125 0.0515625
0 0.03828125 0.48046875 0.05 0.05
0 0.81171875 0.028125 0.0515625 0.04609375
0 0.915625 0.6390625 0.0515625 0.05078125
0 0.246875 0.02578125 0.0515625 0.04609375
0 0.6078125 0.7390625 0.05234375 0.0515625
0 0.965625 0.43359375 0.05 0.05
0 0.8671875 0.7921875 0.05234375 0.05
1 0.865625 0.740625 0.04921875 0.05078125
0 0.9125 0.02890625 0.05078125 0.04609375
0 0.040625 0.0734375 0.0515625 0.04921875
1 0.140625 0.73828125 0.05234375 0.053125
0 0.6078125 0.79296875 0.05234375 0.04921875
1 0.553125 0.6375 0.05078125 0.053125
0 0.55625 0.84296875 0.05078125 0.05
1 0.76015625 0.58671875 0.05078125 0.0515625
1 0.3984375 0.78984375 0.04921875 0.05
1 0.8125 0.740625 0.046875 0.0484375
0 0.91796875 0.73984375 0.05 0.0515625
1 0.9171875 0.690625 0.04765625 0.05234375
0 0.45234375 0.89375 0.0515625 0.04921875
0 0.0890625 0.73828125 0.05234375 0.05
0 0.6078125 0.84296875 0.0515625 0.04921875
1 0.50078125 0.58515625 0.05078125 0.05234375
0 0.86796875 0.84375 0.0515625 0.05
1 0.19140625 0.6359375 0.0515625 0.05234375
1 0.55390625 0.58671875 0.0515625 0.05078125
1 0.8640625 0.58671875 0.05078125 0.05078125
1 0.659375 0.534375 0.0515625 0.05234375
1 0.7078125 0.534375 0.05 0.05078125
1 0.39921875 0.48203125 0.053125 0.05234375
0 0.55625 0.89375 0.05078125 0.05
1 0.34921875 0.48203125 0.053125 0.05234375
1 0.296875 0.634375 0.05078125 0.05
0 0.190625 0.89140625 0.0515625 0.05078125
1 0.03671875 0.43046875 0.05234375 0.0515625
1 0.81328125 0.63984375 0.05 0.0515625
1 0.8625 0.384375 0.0515625 0.05078125
1 0.7078125 0.43359375 0.0515625 0.053125
0 0.7125 0.7921875 0.053125 0.05
1 0.39921875 0.17734375 0.05234375 0.05078125
1 0.39921875 0.43359375 0.0546875 0.053125
1 0.65703125 0.1265625 0.04921875 0.05078125
1 0.96484375 0.3828125 0.05078125 0.05078125
1 0.50234375 0.17734375 0.0515625 0.05078125
0 0.34765625 0.94609375 0.0515625 0.0484375
1 0.81328125 0.33125 0.053125 0.053125
1 0.35 0.1765625 0.05234375 0.05078125
1 0.2453125 0.27890625 0.05234375 0.0515625
1 0.86328125 0.33125 0.0515625 0.0515625
1 0.6046875 0.1265625 0.05 0.05
0 0.5046875 0.946875 0.05078125 0.04765625
1 0.2984375 0.17578125 0.0515625 0.05
1 0.45078125 0.4328125 0.053125 0.05078125
1 0.09140625 0.2265625 0.05078125 0.05390625
1 0.14296875 0.12421875 0.0515625 0.053125
1 0.65703125 0.38125 0.05 0.05078125
1 0.08984375 0.12578125 0.05234375 0.05234375
1 0.759375 0.3328125 0.0515625 0.05234375
1 0.14296875 0.2765625 0.053125 0.05234375
0 0.86796875 0.8953125 0.0515625 0.04921875
0 0.13984375 0.9453125 0.05234375 0.0484375
1 0.503125 0.43203125 0.053125 0.05234375
1 0.14375 0.228125 0.05078125 0.053125
1 0.0390625 0.378125 0.0515625 0.05078125
1 0.34921875 0.2265625 0.05078125 0.05
1 0.9125 0.23046875 0.05 0.05390625
1 0.040625 0.125 0.0515625 0.053125
1 0.4 0.3796875 0.05234375 0.0515625
1 0.29765625 0.2796875 0.053125 0.053125
1 0.2453125 0.2265625 0.0515625 0.05078125
1 0.50234375 0.1265625 0.05078125 0.0515625
1 0.7578125 0.23046875 0.05234375 0.05234375
1 0.7578125 0.1296875 0.053125 0.053125
1 0.603125 0.07578125 0.05 0.05078125
1 0.34921875 0.3296875 0.053125 0.05078125
1 0.70859375 0.07734375 0.05234375 0.05234375
1 0.96640625 0.28046875 0.05 0.0515625
1 0.96640625 0.23203125 0.05078125 0.0515625
1 0.14296875 0.0734375 0.05234375 0.0515625
1 0.6578125 0.33125 0.04921875 0.05234375
1 0.5546875 0.075 0.05 0.05
1 0.040625 0.22578125 0.05078125 0.053125
1 0.55390625 0.1796875 0.05 0.05234375
1 0.39921875 0.328125 0.0515625 0.05
1 0.8609375 0.13125 0.05 0.05234375
1 0.4 0.02734375 0.04921875 0.046875
1 0.09140625 0.025 0.05078125 0.046875
1 0.19296875 0.32890625 0.0515625 0.05078125
1 0.6046875 0.33203125 0.05 0.0515625
1 0.090625 0.33046875 0.05234375 0.05234375
1 0.7078125 0.23046875 0.0484375 0.04921875
1 0.9640625 0.0796875 0.05 0.05078125
1 0.34765625 0.88984375 0.05 0.053125
0 0.81328125 0.48359375 0.04921875 0.0484375
0 0.1953125 0.12578125 0.0484375 0.04921875
0 0.8109375 0.12890625 0.0515625 0.05078125
0 0.86328125 0.18046875 0.04921875 0.04765625
0 0.60703125 0.3828125 0.04921875 0.04765625
0 0.2453125 0.38125 0.0484375 0.05078125
0 0.29765625 0.43046875 0.0484375 0.05234375
0 0.34921875 0.43203125 0.04921875 0.04921875
0 0.090625 0.43046875 0.04921875 0.05078125
0 0.14140625 0.43125 0.0515625 0.0484375
0 0.090625 0.48125 0.0515625 0.05234375
0 0.14140625 0.4828125 0.0515625 0.05078125
0 0.140625 0.58359375 0.0515625 0.05078125
0 0.2984375 0.4828125 0.05078125 0.05234375
0 0.296875 0.534375 0.04765625 0.04765625
0 0.29609375 0.5859375 0.0515625 0.0484375
0 0.34765625 0.53359375 0.05078125 0.05078125
0 0.3484375 0.584375 0.0515625 0.05234375
0 0.4 0.534375 0.0484375 0.05078125
0 0.4515625 0.48359375 0.04921875 0.04765625
0 0.4515625 0.53359375 0.0515625 0.05078125
0 0.503125 0.6890625 0.04921875 0.04921875
0 0.55625 0.68828125 0.0484375 0.05078125
0 0.3484375 0.68671875 0.04921875 0.05234375
0 0.296875 0.7375 0.04921875 0.05078125
0 0.3484375 0.7390625 0.04921875 0.05078125
0 0.29609375 0.78984375 0.05078125 0.0515625
0 0.29609375 0.84140625 0.05078125 0.0515625
0 0.13984375 0.84140625 0.04921875 0.0515625
0 0.1390625 0.89296875 0.04921875 0.05234375
0 0.14140625 0.68671875 0.05078125 0.05078125
0 0.4515625 0.790625 0.0484375 0.0515625
0 0.50390625 0.89375 0.046875 0.0515625
0 0.60625 0.63671875 0.04921875 0.05078125
0 0.65859375 0.63671875 0.053125 0.05078125
0 0.65859375 0.5859375 0.0515625 0.05390625
0 0.5546875 0.53515625 0.04921875 0.05234375
0 0.60625 0.53515625 0.05234375 0.0484375
0 0.60625 0.48359375 0.05078125 0.05234375
0 0.65703125 0.48359375 0.05078125 0.05078125
0 0.709375 0.484375 0.04765625 0.04765625
0 0.8140625 0.68828125 0.05078125 0.05078125
0 0.865625 0.690625 0.0515625 0.05078125
0 0.865625 0.63828125 0.0484375 0.04921875
0 0.91640625 0.58671875 0.04921875 0.0515625
0 0.915625 0.5359375 0.0484375 0.04921875
0 0.86328125 0.48515625 0.05234375 0.04921875
0 0.91640625 0.484375 0.04765625 0.05078125
0 0.7609375 0.534375 0.053125 0.0515625
0 0.7609375 0.484375 0.05546875 0.0515625
0 0.76171875 0.4328125 0.05234375 0.04921875
0 0.8125 0.384375 0.05 0.04921875
0 0.81328125 0.43359375 0.0484375 0.05234375
0 0.8640625 0.434375 0.0515625 0.05078125
0 0.915625 0.434375 0.04765625 0.05
1 0.60546875 0.0265625 0.05078125 0.046875
1 0.4515625 0.178125 0.0515625 0.05078125
1 0.19375 0.17578125 0.05234375 0.0515625
1 0.19453125 0.228125 0.05078125 0.04921875
1 0.70703125 0.13046875 0.04921875 0.053125
1 0.75859375 0.18125 0.05 0.05078125
1 0.29921875 0.125 0.05078125 0.04921875
1 0.759375 0.28046875 0.05390625 0.05
1 0.8125 0.2296875 0.0515625 0.05078125
1 0.8640625 0.23046875 0.04921875 0.05078125
1 0.965625 0.33125 0.05078125 0.05078125
1 0.08984375 0.38125 0.053125 0.05078125
1 0.19453125 0.38046875 0.05 0.05390625
1 0.19296875 0.43359375 0.0515625 0.05
1 0.1921875 0.48359375 0.05 0.04921875
1 0.2453125 0.484375 0.0515625 0.05
1 0.14140625 0.5328125 0.0484375 0.04921875
1 0.1921875 0.53359375 0.0515625 0.04921875
1 0.2453125 0.53515625 0.0515625 0.0484375
1 0.19140625 0.584375 0.05078125 0.05078125
1 0.24375 0.584375 0.05078125 0.05
1 0.19140625 0.6875 0.04921875 0.04765625
1 0.2453125 0.6859375 0.05390625 0.04765625
1 0.29609375 0.68671875 0.05078125 0.05078125
1 0.19296875 0.7390625 0.04921875 0.05
1 0.19140625 0.790625 0.05078125 0.05078125
1 0.2453125 0.79140625 0.0515625 0.05
1 0.19140625 0.84140625 0.04921875 0.0484375
1 0.24453125 0.84375 0.05078125 0.04921875
1 0.24296875 0.89375 0.04921875 0.04921875
1 0.81328125 0.5359375 0.0515625 0.05390625
1 0.86484375 0.5359375 0.04921875 0.05078125
1 0.71015625 0.58828125 0.04921875 0.05390625
1 0.50390625 0.48359375 0.05078125 0.04921875
1 0.5546875 0.48359375 0.05390625 0.05078125
1 0.50390625 0.534375 0.04921875 0.053125
1 0.6078125 0.43203125 0.05 0.05078125
1 0.65703125 0.4328125 0.04921875 0.0515625
1 0.60625 0.584375 0.05234375 0.0515625
1 0.4515625 0.8421875 0.0515625 0.05078125
1 0.76015625 0.3828125 0.05 0.05