1 0.52109375 0.5953125 0.0453125 0.0515625
0 0.02890625 0.53203125 0.05234375 0.05546875
1 0.5578125 0.53515625 0.05 0.05390625
1 0.4609375 0.54921875 0.05078125 0.05234375
1 0.5734375 0.646875 0.04921875 0.05390625
1 0.309375 0.69921875 0.0515625 0.05546875
0 0.96796875 0.65078125 0.05 0.05234375
1 0.146875 0.6421875 0.05234375 0.0546875
1 0.24375 0.58671875 0.0515625 0.05390625
0 0.9625 0.746875 0.0515625 0.0546875
0 0.08984375 0.434375 0.05234375 0.05390625
1 0.2578125 0.69609375 0.05234375 0.05546875
1 0.71640625 0.690625 0.0515625 0.053125
0 0.96953125 0.4484375 0.05 0.053125
1 0.41328125 0.64375 0.0515625 0.05390625
1 0.19296875 0.690625 0.05390625 0.05625
1 0.35703125 0.64375 0.0515625 0.05390625
1 0.60234375 0.7625 0.05 0.053125
1 0.19453125 0.5375 0.05234375 0.05546875
1 0.51328125 0.43828125 0.05078125 0.0515625
1 0.6671875 0.8 0.04921875 0.05234375
1 0.30546875 0.5890625 0.05234375 0.0546875
1 0.459375 0.49609375 0.05078125 0.05234375
1 0.1125 0.5921875 0.05234375 0.05625
1 0.16171875 0.59296875 0.0515625 0.05546875
0 0.50078125 0.23984375 0.04921875 0.05234375
1 0.40625 0.59296875 0.0515625 0.05234375
1 0.14765625 0.7375 0.053125 0.05546875
1 0.8640625 0.23125 0.04765625 0.05078125
0 0.915625 0.79375 0.05078125 0.053125
1 0.7671875 0.80546875 0.05078125 0.0546875
1 0.4140625 0.4390625 0.0515625 0.05390625
1 0.20390625 0.38046875 0.05078125 0.05390625
1 0.82734375 0.278125 0.05 0.053125
1 0.35859375 0.7546875 0.0515625 0.05546875
1 0.36171875 0.33046875 0.0515625 0.05234375
1 0.61953125 0.65546875 0.05078125 0.05390625
1 0.36640625 0.434375 0.05078125 0.05390625
1 0.1078125 0.2875 0.05234375 0.05625
1 0.4640625 0.38515625 0.05 0.05234375
0 0.20703125 0.43828125 0.0515625 0.05390625
0 0.92109375 0.846875 0.05 0.05234375
1 0.40703125 0.75 0.0515625 0.05546875
1 0.45703125 0.74765625 0.0515625 0.05546875
1 0.5125 0.38671875 0.05078125 0.05234375
1 0.0640625 0.58125 0.0515625 0.05625
1 0.50703125 0.75390625 0.05078125 0.05546875
1 0.7203125 0.8015625 0.0515625 0.053125
0 0.771875 0.69609375 0.05078125 0.0515625
1 0.55546875 0.7515625 0.05 0.05546875
0 0.96953125 0.12578125 0.05078125 0.05546875
0 0.97734375 0.89765625 0.0453125 0.0546875
0 0.1578125 0.16875 0.053125 0.05546875
0 0.16015625 0.10625 0.0515625 0.05390625
1 0.36484375 0.2328125 0.05078125 0.05234375
0 0.14375 0.48671875 0.053125 0.05390625
1 0.09453125 0.48515625 0.05234375 0.0546875
1 0.65859375 0.4953125 0.05 0.05234375
1 0.3140625 0.3265625 0.05078125 0.053125
1 0.61875 0.60234375 0.05078125 0.053125
1 0.77734375 0.74921875 0.05234375 0.0546875
1 0.3515625 0.28046875 0.0515625 0.053125
1 0.20703125 0.32578125 0.0515625 0.05390625
1 0.771875 0.38203125 0.04921875 0.05234375
1 0.409375 0.48984375 0.0484375 0.05078125
1 0.303125 0.2765625 0.05078125 0.053125
1 0.1578125 0.3265625 0.05078125 0.05234375
1 0.82109375 0.38359375 0.04921875 0.05234375
0 0.15234375 0.3796875 0.0515625 0.05390625
1 0.66484375 0.3921875 0.05 0.05390625
0 0.30625 0.53203125 0.0515625 0.053125
1 0.871875 0.3328125 0.0515625 0.053125
0 0.8734375 0.74609375 0.05 0.05234375
0 0.0890625 0.53828125 0.05 0.05390625
0 0.9234375 0.903125 0.05234375 0.0546875
1 0.81953125 0.64140625 0.05 0.053125
1 0.66796875 0.6421875 0.04921875 0.05234375
1 0.815625 0.22734375 0.0515625 0.05234375
1 0.41640625 0.3890625 0.05078125 0.053125
1 0.76953125 0.2796875 0.05078125 0.05234375
0 0.50703125 0.490625 0.05078125 0.0515625
0 0.3734375 0.178125 0.05 0.0515625
1 0.76953125 0.6390625 0.05078125 0.053125
1 0.25546875 0.26875 0.05 0.05390625
1 0.6671875 0.44609375 0.05078125 0.05390625
1 0.6171875 0.38984375 0.05078125 0.05390625
1 0.82734375 0.74765625 0.0515625 0.053125
1 0.15 0.221875 0.0515625 0.053125
1 0.76953125 0.33203125 0.04921875 0.05
0 0.1390625 0.5390625 0.05234375 0.0546875
1 0.5140625 0.86015625 0.05234375 0.05546875
1 0.303125 0.22421875 0.0515625 0.053125
0 0.91328125 0.13359375 0.05 0.053125
0 0.865625 0.13125 0.05078125 0.053125
1 0.8734375 0.8484375 0.0515625 0.0546875
1 0.71484375 0.6390625 0.04921875 0.05234375
0 0.81875 0.078125 0.05 0.05390625
1 0.9703125 0.396875 0.04921875 0.0515625
1 0.9109375 0.1859375 0.05 0.05234375
1 0.865625 0.43359375 0.0515625 0.053125
1 0.8109375 0.43828125 0.05078125 0.053125
1 0.61875 0.334375 0.05 0.05234375
1 0.70546875 0.48671875 0.05078125 0.05390625
1 0.56484375 0.3328125 0.05078125 0.05234375
1 0.971875 0.3421875 0.05 0.053125
0 0.51484375 0.11171875 0.05 0.05390625
1 0.86796875 0.9 0.05078125 0.053125
0 0.8234375 0.6984375 0.05078125 0.05234375
0 0.91796875 0.59609375 0.05078125 0.05390625
0 0.2484375 0.4859375 0.0515625 0.0515625
1 0.96640625 0.18046875 0.05078125 0.0546875
1 0.3578125 0.86015625 0.053125 0.05546875
1 0.66796875 0.3328125 0.05 0.05234375
1 0.91953125 0.3375 0.05078125 0.053125
0 0.35390625 0.5921875 0.05 0.05
1 0.8703125 0.58828125 0.05078125 0.053125
1 0.809375 0.4890625 0.05078125 0.05234375
0 0.15625 0.27421875 0.05234375 0.05546875
1 0.759375 0.4890625 0.05078125 0.053125
0 0.253125 0.3921875 0.05234375 0.05390625
1 0.615625 0.2828125 0.05078125 0.05234375
0 0.24609375 0.53671875 0.05234375 0.05234375
0 0.87578125 0.6375 0.05078125 0.05234375
1 0.86796875 0.79765625 0.05078125 0.05234375
1 0.865625 0.18125 0.0484375 0.0515625
1 0.778125 0.53515625 0.05078125 0.05234375
0 0.3078125 0.17265625 0.0515625 0.053125
0 0.86953125 0.68984375 0.0515625 0.05390625
1 0.87734375 0.534375 0.05 0.05234375
1 0.8203125 0.58671875 0.05078125 0.053125
0 0.5109375 0.3359375 0.05 0.05078125
1 0.66328125 0.28203125 0.04921875 0.05078125
0 0.31328125 0.4375 0.05078125 0.05234375
0 0.2609375 0.3375 0.05234375 0.053125
1 0.134375 0.8640625 0.0515625 0.0546875
0 0.9203125 0.49375 0.05078125 0.053125
0 0.91171875 0.43828125 0.05078125 0.0546875
0 0.25625 0.16640625 0.05234375 0.053125
0 0.56328125 0.2296875 0.05 0.05234375
0 0.56015625 0.43359375 0.05 0.05078125
0 0.615625 0.54765625 0.05078125 0.05078125
0 0.8171875 0.17734375 0.05 0.05
1 0.82890625 0.5359375 0.0515625 0.053125
0 0.45546875 0.33515625 0.05078125 0.05078125
0 0.875 0.3828125 0.0515625 0.05234375
0 0.9203125 0.3890625 0.0515625 0.0515625
0 0.86875 0.4859375 0.05234375 0.053125
0 0.71640625 0.1796875 0.04921875 0.05078125
0 0.6578125 0.2328125 0.05 0.0515625
0 0.61796875 0.44609375 0.05078125 0.05078125
0 0.3078125 0.38671875 0.0515625 0.053125
0 0.66484375 0.58984375 0.05 0.05078125
0 0.35546875 0.384375 0.05234375 0.05234375
0 0.728125 0.53203125 0.05078125 0.053125
0 0.36328125 0.540625 0.05 0.0515625
0 0.40703125 0.33828125 0.04921875 0.04921875
0 0.3546875 0.48828125 0.05078125 0.05078125
0 0.4109375 0.54140625 0.05078125 0.0515625
0 0.61171875 0.225 0.05 0.053125
0 0.6078125 0.49609375 0.0515625 0.05234375
0 0.678125 0.5421875 0.0515625 0.0515625
0 0.765625 0.17265625 0.0484375 0.0484375
0 0.2015625 0.22265625 0.0515625 0.05078125
0 0.20625 0.27265625 0.05234375 0.05546875
0 0.56640625 0.28203125 0.04921875 0.05234375
1 0.8703125 0.9625 0.0515625 0.05546875
0 0.75859375 0.43828125 0.05 0.04921875
0 0.56796875 0.3828125 0.05 0.05
0 0.72421875 0.58515625 0.05078125 0.053125
0 0.7125 0.43515625 0.05 0.05
0 0.76328125 0.2234375 0.05 0.0546875
0 0.7125 0.23125 0.05 0.05234375
0 0.253125 0.2171875 0.0515625 0.053125
0 0.92265625 0.5453125 0.0515625 0.05234375
0 0.71171875 0.28515625 0.05078125 0.0515625
0 0.7125 0.38359375 0.05 0.05
0 0.771875 0.5875 0.04921875 0.05078125
1 0.91796875 0.9609375 0.0515625 0.05546875
0 0.715625 0.334375 0.05078125 0.05078125
1 0.96796875 0.95703125 0.05234375 0.05625