1 0.6 0.5 0.0484375 0.04765625
0 0.2390625 0.60625 0.053125 0.0484375
1 0.6 0.396875 0.0515625 0.04921875
0 0.13671875 0.61171875 0.05234375 0.04921875
0 0.2421875 0.65546875 0.05390625 0.0484375
1 0.278125 0.4515625 0.053125 0.05
0 0.3359375 0.45859375 0.053125 0.0484375
1 0.50390625 0.59921875 0.05390625 0.04921875
0 0.49921875 0.50625 0.05234375 0.04921875
1 0.2875 0.3046875 0.0515625 0.04921875
0 0.39921875 0.65234375 0.05234375 0.05
1 0.5484375 0.5 0.05234375 0.04921875
0 0.4375 0.403125 0.053125 0.0484375
0 0.5484375 0.3984375 0.05390625 0.05
0 0.3875 0.5578125 0.05234375 0.0484375
0 0.65390625 0.64765625 0.053125 0.0484375
1 0.80703125 0.340625 0.0515625 0.04921875
0 0.76640625 0.69453125 0.053125 0.0484375
0 0.4515625 0.4953125 0.05234375 0.04765625
1 0.24375 0.2734375 0.0515625 0.04921875
1 0.75546875 0.30078125 0.0515625 0.05
0 0.35234375 0.7015625 0.05234375 0.04765625
0 0.7078125 0.64765625 0.0515625 0.0484375
1 0.38359375 0.40625 0.05234375 0.04921875
1 0.45078125 0.65546875 0.05234375 0.04765625
1 0.4859375 0.3453125 0.05234375 0.04921875
0 0.4984375 0.55234375 0.0515625 0.04765625
0 0.13125 0.66015625 0.053125 0.0484375
0 0.39765625 0.45703125 0.0515625 0.04765625
1 0.865625 0.6578125 0.053125 0.05
0 0.39453125 0.2546875 0.0515625 0.04921875
1 0.34140625 0.50625 0.053125 0.0484375
0 0.49296875 0.2078125 0.0515625 0.0484375
1 0.12890625 0.5640625 0.05234375 0.05
1 0.759375 0.3546875 0.053125 0.05
1 0.60234375 0.64453125 0.0515625 0.05
1 0.76796875 0.6421875 0.053125 0.05078125
0 0.240625 0.7046875 0.05546875 0.0484375
1 0.5421875 0.3453125 0.0515625 0.05
0 0.3984375 0.50625 0.0515625 0.046875
0 0.55 0.4484375 0.053125 0.0484375
1 0.87421875 0.75078125 0.053125 0.05
1 0.234375 0.5046875 0.053125 0.04765625
1 0.5 0.45390625 0.05234375 0.04921875
1 0.184375 0.55703125 0.053125 0.05
1 0.4953125 0.39921875 0.05234375 0.05
1 0.39375 0.6046875 0.0515625 0.046875
1 0.234375 0.55078125 0.05390625 0.04921875
0 0.7703125 0.746875 0.0546875 0.04921875
0 0.44375 0.2640625 0.05234375 0.0484375
0 0.8609375 0.24140625 0.053125 0.05078125
1 0.23671875 0.2140625 0.0515625 0.05
1 0.75859375 0.24296875 0.0515625 0.0484375
0 0.29921875 0.65703125 0.0515625 0.04765625
0 0.19140625 0.75546875 0.05234375 0.04765625
0 0.40703125 0.70078125 0.05234375 0.04765625
0 0.7015625 0.70546875 0.05234375 0.04765625
1 0.8203125 0.70625 0.053125 0.04921875
1 0.33671875 0.56171875 0.053125 0.04921875
1 0.8078125 0.24375 0.0515625 0.04921875
1 0.44609375 0.4484375 0.05234375 0.0484375
0 0.8046875 0.29140625 0.0515625 0.04921875
0 0.3875 0.3078125 0.05078125 0.04765625
1 0.28984375 0.60703125 0.05 0.0484375
1 0.34296875 0.25625 0.05234375 0.04921875
0 0.9125 0.2421875 0.053125 0.04921875
0 0.49453125 0.25703125 0.05 0.046875
0 0.35390625 0.74765625 0.053125 0.04765625
1 0.1828125 0.66328125 0.053125 0.05078125
0 0.81953125 0.7515625 0.053125 0.0484375
1 0.340625 0.6078125 0.05234375 0.05
0 0.596875 0.34765625 0.0515625 0.046875
0 0.3375 0.31015625 0.05078125 0.04765625
0 0.4578125 0.70390625 0.0515625 0.04765625
0 0.8578125 0.290625 0.05234375 0.04921875
1 0.496875 0.1578125 0.0515625 0.0484375
1 0.8546875 0.19140625 0.05234375 0.04921875
1 0.35 0.65546875 0.05234375 0.04921875
1 0.18828125 0.61171875 0.05234375 0.05078125
0 0.790625 0.2 0.05234375 0.0484375
1 0.44375 0.21484375 0.05078125 0.04921875
1 0.909375 0.19375 0.05234375 0.04921875
1 0.18984375 0.8078125 0.0546875 0.04921875
0 0.909375 0.2890625 0.05234375 0.04921875
1 0.34453125 0.2078125 0.05234375 0.0484375
0 0.5078125 0.7078125 0.05078125 0.046875
1 0.1875 0.709375 0.05390625 0.04921875
0 0.1359375 0.71328125 0.053125 0.05
0 0.56796875 0.68046875 0.0515625 0.046875
0 0.40390625 0.7546875 0.0515625 0.04765625
1 0.4375 0.15546875 0.05078125 0.04921875
0 0.85625 0.35 0.0515625 0.04765625
1 0.81875 0.79921875 0.05234375 0.0484375
1 0.35703125 0.79609375 0.05234375 0.04921875
1 0.39609375 0.20625 0.05078125 0.04921875
1 0.28671875 0.1546875 0.05234375 0.04921875
1 0.8765625 0.809375 0.05390625 0.04921875
0 0.65703125 0.76015625 0.0515625 0.04765625
0 0.25703125 0.79609375 0.0515625 0.04765625
0 0.3078125 0.796875 0.053125 0.04921875
0 0.5484375 0.1515625 0.05234375 0.04765625
0 0.18671875 0.196875 0.05234375 0.05
0 0.7671875 0.796875 0.05234375 0.0484375
1 0.1828125 0.85703125 0.05390625 0.05
0 0.9578125 0.34375 0.0546875 0.0515625
0 0.7953125 0.15234375 0.053125 0.04921875
0 0.18671875 0.14296875 0.053125 0.0484375
0 0.7140625 0.80859375 0.0515625 0.046875
0 0.9125 0.3953125 0.05234375 0.04921875
0 0.13125 0.3078125 0.05390625 0.04921875