1 0.5078125 0.53125 0.06796875 0.06484375
0 0.2609375 0.68046875 0.07109375 0.06640625
1 0.425 0.5375 0.071875 0.0671875
1 0.57890625 0.6109375 0.06953125 0.065625
1 0.728125 0.47578125 0.0703125 0.065625
1 0.64765625 0.5390625 0.07109375 0.0671875
1 0.346875 0.475 0.07265625 0.065625
1 0.50625 0.3953125 0.0703125 0.0640625
1 0.4296875 0.47109375 0.071875 0.065625
0 0.50078125 0.67890625 0.07109375 0.0671875
1 0.584375 0.465625 0.0703125 0.065625
0 0.5078125 0.6046875 0.0703125 0.065625
1 0.43203125 0.4046875 0.071875 0.0640625
1 0.72734375 0.40625 0.07109375 0.065625
1 0.28359375 0.39609375 0.071875 0.065625
0 0.26328125 0.7640625 0.0703125 0.06796875
1 0.71484375 0.54765625 0.071875 0.06640625
1 0.7234375 0.6125 0.0734375 0.0671875
1 0.27421875 0.61640625 0.07265625 0.0671875
1 0.3578125 0.39296875 0.0703125 0.065625
1 0.27890625 0.55 0.0734375 0.0671875
1 0.6625 0.68046875 0.07109375 0.0671875
1 0.58046875 0.67890625 0.07109375 0.06796875
1 0.728125 0.328125 0.06875 0.06328125
1 0.8046875 0.396875 0.0703125 0.06484375
0 0.4328125 0.61484375 0.0703125 0.06484375
0 0.34921875 0.61796875 0.07109375 0.06640625
0 0.57890625 0.74921875 0.06953125 0.06796875
1 0.1921875 0.6796875 0.07265625 0.06875
0 0.7359375 0.675 0.07109375 0.065625
1 0.1171875 0.6140625 0.07265625 0.07109375
0 0.35234375 0.5515625 0.0703125 0.06640625
0 0.50234375 0.75625 0.07109375 0.0671875
1 0.3578125 0.328125 0.0703125 0.06328125
1 0.12578125 0.53984375 0.0703125 0.06796875
1 0.57890625 0.396875 0.06875 0.0640625
1 0.50078125 0.325 0.06875 0.0625
1 0.8890625 0.46796875 0.0703125 0.06875
1 0.36484375 0.20546875 0.06953125 0.06328125
0 0.1859375 0.840625 0.07265625 0.07109375
1 0.12109375 0.40859375 0.06953125 0.06484375
0 0.6515625 0.4734375 0.07109375 0.065625
1 0.8796875 0.39453125 0.06953125 0.06640625
0 0.81796875 0.68671875 0.0703125 0.06640625
1 0.2078125 0.32265625 0.06953125 0.06484375
1 0.1953125 0.46484375 0.0703125 0.065625
0 0.73515625 0.7453125 0.07265625 0.06875
0 0.884375 0.5421875 0.07265625 0.0671875
0 0.80625 0.47265625 0.07265625 0.065625
1 0.1203125 0.68125 0.07265625 0.0703125
0 0.8109375 0.55 0.0703125 0.06484375
0 0.03828125 0.75703125 0.0703125 0.06953125
1 0.87578125 0.328125 0.06875 0.06484375
1 0.13828125 0.33359375 0.0703125 0.065625
1 0.9484375 0.40234375 0.06875 0.06640625
0 0.890625 0.6109375 0.071875 0.06796875
1 0.86640625 0.259375 0.06875 0.0640625
0 0.80703125 0.33203125 0.0703125 0.065625
0 0.65390625 0.3984375 0.06953125 0.065625
0 0.74375 0.8265625 0.071875 0.0703125
0 0.3546875 0.2671875 0.06875 0.06328125
1 0.1890625 0.7671875 0.0734375 0.0703125
0 0.3421875 0.8375 0.071875 0.06953125
0 0.8796875 0.77265625 0.07109375 0.06953125
0 0.2765625 0.32890625 0.06953125 0.06640625
0 0.5828125 0.32421875 0.0671875 0.06484375
1 0.65 0.7609375 0.071875 0.0703125
1 0.42890625 0.1265625 0.06796875 0.06328125
1 0.296875 0.1375 0.0671875 0.0625
0 0.64453125 0.83125 0.07109375 0.0703125
1 0.9375 0.26796875 0.06875 0.0671875
0 0.4234375 0.321875 0.06796875 0.06328125
0 0.65546875 0.3296875 0.06796875 0.065625
1 0.9515625 0.3359375 0.0671875 0.06640625
0 0.49765625 0.259375 0.0671875 0.0640625
1 0.115625 0.75078125 0.07421875 0.07109375
1 0.36171875 0.13125 0.06640625 0.06171875
0 0.9546875 0.46640625 0.06875 0.06640625
0 0.4984375 0.83203125 0.071875 0.0703125
1 0.6546875 0.1984375 0.0671875 0.0609375
0 0.95625 0.5484375 0.06953125 0.0671875
0 0.13046875 0.2640625 0.06875 0.06484375
0 0.20078125 0.2625 0.06875 0.0640625
0 0.275 0.259375 0.06875 0.0640625
0 0.64921875 0.26875 0.06640625 0.0640625
0 0.8 0.1953125 0.06640625 0.06171875
0 0.57109375 0.25859375 0.0671875 0.06484375
0 0.56640625 0.196875 0.0671875 0.0625
1 0.04609375 0.6828125 0.071875 0.07109375
0 0.72265625 0.2640625 0.0671875 0.06328125
0 0.28203125 0.19921875 0.06796875 0.06171875
1 0.0625 0.33828125 0.06875 0.065625
0 0.1234375 0.19765625 0.0671875 0.0625
1 0.1421875 0.13203125 0.0671875 0.0640625
0 0.7921875 0.26171875 0.06796875 0.06484375
0 0.421875 0.25859375 0.06796875 0.0640625
1 0.8703125 0.2 0.0671875 0.0609375
0 0.05390625 0.278125 0.06796875 0.0640625
0 0.03671875 0.834375 0.0703125 0.0703125
0 0.73359375 0.19375 0.06796875 0.0625
0 0.5640625 0.12734375 0.06640625 0.06171875
0 0.42890625 0.196875 0.06875 0.0625
0 0.50078125 0.11953125 0.0671875 0.06171875
1 0.93671875 0.1984375 0.06640625 0.06171875
0 0.8625 0.13515625 0.0671875 0.0625
1 0.5140625 0.0625 0.0671875 0.05859375
0 0.21171875 0.1359375 0.0671875 0.06328125
0 0.19921875 0.2015625 0.0671875 0.0625
0 0.71875 0.1203125 0.065625 0.06015625
1 0.35625 0.0625 0.0671875 0.06171875
1 0.43203125 0.06015625 0.065625 0.06015625
0 0.94140625 0.13125 0.06796875 0.06484375
0 0.5828125 0.06328125 0.065625 0.06015625
1 0.22578125 0.06640625 0.0671875 0.06171875
0 0.1046875 0.9109375 0.07109375 0.07109375
0 0.6546875 0.06015625 0.0640625 0.06015625
0 0.07109375 0.13046875 0.06640625 0.06328125
0 0.4171875 0.909375 0.0703125 0.06953125
0 0.2 0.91796875 0.07109375 0.0703125
0 0.74375 0.90703125 0.0703125 0.06875
1 0.14140625 0.06640625 0.06640625 0.0625
0 0.78125 0.06640625 0.065625 0.0609375
0 0.96875 0.84140625 0.0625 0.0703125
1 0.10859375 0.82890625 0.07421875 0.07109375
0 0.93203125 0.071875 0.06875 0.06171875
0 0.89140625 0.91484375 0.0734375 0.0703125
0 0.0296875 0.915625 0.059375 0.06953125