1 0.56015625 0.4 0.04453125 0.0453125
0 0.19453125 0.18046875 0.04296875 0.04609375
1 0.6515625 0.3 0.04609375 0.04765625
1 0.6046875 0.44765625 0.04375 0.0453125
1 0.70625 0.253125 0.046875 0.04765625
1 0.66015625 0.44765625 0.0453125 0.046875
1 0.69921875 0.30234375 0.0453125 0.046875
1 0.703125 0.196875 0.0453125 0.04765625
1 0.55390625 0.50078125 0.04453125 0.04453125
1 0.65234375 0.353125 0.04609375 0.046875
0 0.14453125 0.81171875 0.0453125 0.0453125
1 0.54921875 0.6046875 0.0453125 0.04453125
1 0.76484375 0.1390625 0.04609375 0.04765625
1 0.86328125 0.409375 0.04765625 0.046875
1 0.7625 0.2 0.046875 0.0484375
1 0.553125 0.54765625 0.04453125 0.04453125
1 0.596875 0.60625 0.0453125 0.0453125
1 0.8078125 0.40390625 0.04609375 0.04609375
1 0.70546875 0.4078125 0.04609375 0.046875
1 0.8109375 0.759375 0.046875 0.0453125
1 0.8078125 0.4578125 0.04609375 0.0453125
1 0.91796875 0.09375 0.046875 0.04609375
1 0.81015625 0.5125 0.046875 0.0453125
1 0.60703125 0.653125 0.04375 0.04453125
1 0.8625 0.51171875 0.046875 0.04609375
1 0.74921875 0.7671875 0.04609375 0.04609375
1 0.76328125 0.4078125 0.0453125 0.0453125
1 0.76171875 0.55859375 0.04609375 0.04375
1 0.8609375 0.75859375 0.046875 0.0453125
1 0.96796875 0.66953125 0.046875 0.0453125
1 0.70625 0.71171875 0.0453125 0.04453125
1 0.6453125 0.70546875 0.04453125 0.0453125
1 0.853125 0.0453125 0.0453125 0.04609375
1 0.59453125 0.70390625 0.04375 0.046875
1 0.91953125 0.7109375 0.046875 0.04609375
1 0.70390625 0.815625 0.04609375 0.0453125
1 0.8109375 0.56015625 0.0453125 0.04375
1 0.9140625 0.56171875 0.046875 0.04609375
1 0.91328125 0.75703125 0.04609375 0.04609375
1 0.86328125 0.65546875 0.046875 0.0453125
1 0.865625 0.6109375 0.046875 0.04453125
1 0.909375 0.81015625 0.04609375 0.04453125
1 0.70625 0.8734375 0.04609375 0.0453125
1 0.8578125 0.56640625 0.046875 0.0453125
1 0.8 0.6578125 0.04375 0.04375
1 0.75546875 0.65625 0.04375 0.04375
1 0.86171875 0.875 0.046875 0.0453125
1 0.709375 0.92578125 0.04609375 0.04375
1 0.8078125 0.871875 0.04609375 0.04375
1 0.86953125 0.91875 0.04609375 0.04453125
0 0.965625 0.36328125 0.046875 0.046875
0 0.6578125 0.1890625 0.04609375 0.04765625
0 0.9671875 0.19609375 0.0453125 0.046875
0 0.8546875 0.24921875 0.04609375 0.046875
1 0.8703125 0.9625 0.0453125 0.04453125
0 0.9140625 0.24765625 0.04609375 0.046875
0 0.965625 0.5640625 0.04609375 0.04453125
0 0.71171875 0.09765625 0.04609375 0.04765625
0 0.9625 0.459375 0.04609375 0.0453125
0 0.75859375 0.09140625 0.04609375 0.04765625
0 0.93125 0.97578125 0.04453125 0.04375
0 0.86015625 0.08984375 0.04609375 0.046875
0 0.7140625 0.9734375 0.04453125 0.04375
0 0.76484375 0.30390625 0.046875 0.04765625
0 0.9125 0.13984375 0.046875 0.04921875
0 0.87109375 0.35078125 0.046875 0.04765625
0 0.75625 0.2515625 0.04765625 0.04765625
0 0.6 0.75703125 0.0453125 0.04375
0 0.7203125 0.15 0.046875 0.04765625
0 0.92265625 0.1953125 0.046875 0.04765625
0 0.809375 0.09375 0.046875 0.04765625
0 0.553125 0.709375 0.0453125 0.04453125
0 0.64765625 0.7609375 0.0453125 0.04375
0 0.81015625 0.19296875 0.046875 0.046875
0 0.56328125 0.45625 0.04609375 0.04453125
0 0.6609375 0.50390625 0.04609375 0.0453125
0 0.65390625 0.6015625 0.0453125 0.0453125
0 0.915625 0.40625 0.04765625 0.046875
0 0.61015625 0.50859375 0.0453125 0.04453125
0 0.91875 0.9171875 0.0453125 0.04375
0 0.7109375 0.35859375 0.046875 0.046875
0 0.603125 0.55390625 0.04609375 0.0453125
0 0.91484375 0.66640625 0.04609375 0.04375
0 0.70625 0.553125 0.0453125 0.0453125
0 0.821875 0.353125 0.04609375 0.04765625
0 0.5578125 0.65546875 0.0453125 0.0453125
0 0.759375 0.359375 0.046875 0.04609375
0 0.765625 0.60546875 0.046875 0.04453125
0 0.81171875 0.14296875 0.04609375 0.0484375
0 0.65546875 0.65546875 0.0453125 0.0453125
0 0.71015625 0.65703125 0.046875 0.04453125
0 0.9109375 0.86015625 0.046875 0.0453125
0 0.9125 0.6046875 0.046875 0.04453125
0 0.759375 0.921875 0.0453125 0.04375
0 0.9140625 0.4546875 0.04765625 0.04609375
0 0.7609375 0.865625 0.046875 0.0453125
0 0.759375 0.50625 0.046875 0.04609375
0 0.75078125 0.8140625 0.04765625 0.0453125
0 0.7140625 0.45390625 0.046875 0.046875
0 0.815625 0.92265625 0.04609375 0.04453125
0 0.9109375 0.51640625 0.04765625 0.04609375
0 0.8578125 0.81328125 0.046875 0.04609375
0 0.859375 0.46640625 0.04765625 0.04609375
0 0.70234375 0.7671875 0.0453125 0.04453125
0 0.759375 0.4515625 0.04609375 0.04765625
0 0.8078125 0.80859375 0.04765625 0.0453125