0 0.490625 0.45703125 0.04765625 0.0453125
1 0.59609375 0.5 0.05078125 0.05
1 0.65234375 0.5515625 0.0515625 0.05
1 0.4921875 0.403125 0.05 0.05078125
0 0.39296875 0.4453125 0.04921875 0.0484375
1 0.40078125 0.49921875 0.04921875 0.04921875
1 0.6515625 0.50234375 0.05 0.04921875
1 0.69453125 0.5984375 0.0515625 0.0515625
1 0.490625 0.346875 0.05078125 0.0515625
0 0.3453125 0.4390625 0.05 0.05
1 0.6390625 0.44296875 0.0515625 0.05078125
1 0.44453125 0.3953125 0.05 0.05078125
1 0.4984375 0.6 0.05 0.05
1 0.55 0.6453125 0.05 0.04921875
1 0.59296875 0.39921875 0.0515625 0.05078125
0 0.4421875 0.4515625 0.053125 0.04921875
1 0.303125 0.49140625 0.05078125 0.0515625
1 0.34375 0.540625 0.05 0.05
1 0.4484375 0.6 0.05 0.04921875
1 0.496875 0.64609375 0.04921875 0.04921875
1 0.4921875 0.29140625 0.0515625 0.0515625
1 0.396875 0.596875 0.05078125 0.04921875
1 0.34765625 0.59296875 0.0515625 0.05
0 0.49921875 0.54609375 0.0515625 0.04765625
1 0.6 0.7 0.05 0.05078125
1 0.3515625 0.49296875 0.05078125 0.05078125
1 0.7484375 0.6 0.05 0.05078125
1 0.45234375 0.55 0.05078125 0.04921875
0 0.39453125 0.4 0.05234375 0.046875
0 0.39453125 0.34375 0.05 0.04765625
1 0.24140625 0.55 0.0515625 0.0484375
1 0.35 0.38359375 0.05 0.05078125
1 0.29765625 0.5578125 0.05078125 0.04921875
1 0.54765625 0.6921875 0.05 0.0484375
1 0.403125 0.65078125 0.04921875 0.05
1 0.74375 0.54296875 0.05390625 0.0515625
1 0.30078125 0.38671875 0.0515625 0.0515625
1 0.44375 0.34375 0.05234375 0.0515625
1 0.25625 0.5015625 0.0515625 0.05078125
1 0.29765625 0.4359375 0.05078125 0.05078125
1 0.59375 0.33984375 0.0515625 0.0515625
1 0.20078125 0.49921875 0.05234375 0.0515625
0 0.453125 0.50078125 0.05234375 0.04921875
1 0.49609375 0.7515625 0.05078125 0.05078125
1 0.19375 0.5484375 0.0515625 0.05
0 0.53828125 0.446875 0.0515625 0.04921875
1 0.7984375 0.54921875 0.05234375 0.0515625
0 0.6 0.65 0.05234375 0.0484375
1 0.403125 0.6984375 0.04921875 0.04921875
1 0.65625 0.76015625 0.05 0.05
1 0.48671875 0.24140625 0.0515625 0.05234375
1 0.2484375 0.59609375 0.05234375 0.0515625
0 0.540625 0.39140625 0.0515625 0.04921875
1 0.29609375 0.33828125 0.05078125 0.05078125
0 0.390625 0.284375 0.05234375 0.05
0 0.34765625 0.3359375 0.0515625 0.04765625
1 0.79765625 0.6078125 0.05 0.05078125
0 0.30703125 0.653125 0.05234375 0.04765625
1 0.28671875 0.284375 0.046875 0.046875
1 0.33515625 0.28671875 0.05078125 0.0515625
1 0.53671875 0.2375 0.05 0.0515625
0 0.49921875 0.7 0.05078125 0.04765625
1 0.4 0.7515625 0.04921875 0.05
1 0.60546875 0.75859375 0.05078125 0.05
0 0.590625 0.45234375 0.05078125 0.046875
0 0.59921875 0.55546875 0.05 0.0484375
0 0.25078125 0.6453125 0.05390625 0.0484375
1 0.7921875 0.23515625 0.0515625 0.05234375
0 0.440625 0.29375 0.05390625 0.0515625
0 0.45078125 0.65703125 0.05078125 0.0453125
0 0.54140625 0.3390625 0.05234375 0.0515625
1 0.75 0.49375 0.05390625 0.0515625
1 0.5859375 0.24140625 0.05078125 0.05078125
0 0.453125 0.7046875 0.05234375 0.04921875
0 0.30078125 0.60546875 0.05078125 0.046875
1 0.19609375 0.44296875 0.0515625 0.05
1 0.3515625 0.7515625 0.0515625 0.05
1 0.6953125 0.39296875 0.05078125 0.05
1 0.240625 0.34921875 0.05390625 0.0515625
1 0.65546875 0.8171875 0.05 0.0484375
0 0.553125 0.5984375 0.05078125 0.046875
1 0.14765625 0.49765625 0.0515625 0.0515625
0 0.4484375 0.76171875 0.05234375 0.05
1 0.190625 0.39375 0.0515625 0.05078125
1 0.6921875 0.18671875 0.0515625 0.053125
1 0.846875 0.2359375 0.053125 0.05234375
1 0.5484375 0.80078125 0.05 0.04921875
1 0.49609375 0.8015625 0.0515625 0.04921875
1 0.69453125 0.13828125 0.0515625 0.05078125
0 0.54296875 0.28984375 0.0515625 0.04921875
0 0.4375 0.24453125 0.0515625 0.046875
1 0.15390625 0.65234375 0.0484375 0.0484375
0 0.35 0.703125 0.05234375 0.04765625
1 0.23828125 0.23125 0.05078125 0.05078125
1 0.28671875 0.2375 0.04921875 0.05
0 0.6484375 0.7078125 0.05234375 0.04921875
1 0.85078125 0.51015625 0.0515625 0.05
1 0.48671875 0.19375 0.05234375 0.05078125
0 0.19140625 0.33828125 0.05234375 0.04921875
1 0.74765625 0.3421875 0.05078125 0.0515625
0 0.3375 0.240625 0.04921875 0.046875
0 0.38828125 0.23671875 0.053125 0.04765625
0 0.14453125 0.3984375 0.053125 0.05
0 0.753125 0.65234375 0.05234375 0.0515625
1 0.3890625 0.1875 0.05234375 0.0515625
1 0.60234375 0.86171875 0.05078125 0.04921875
1 0.74375 0.43828125 0.05390625 0.05
1 0.1921875 0.23671875 0.05234375 0.05234375
1 0.74296875 0.2390625 0.0515625 0.05234375
0 0.35625 0.64609375 0.05078125 0.04765625
0 0.140625 0.54765625 0.05234375 0.04921875
1 0.43828125 0.1953125 0.0515625 0.05078125
1 0.5515625 0.86328125 0.05078125 0.04921875
0 0.15234375 0.60078125 0.04921875 0.04921875
1 0.6515625 0.8625 0.05 0.0484375
0 0.29453125 0.75625 0.05234375 0.04921875
1 0.79375 0.1859375 0.0515625 0.05234375
0 0.55 0.50546875 0.04921875 0.04765625
0 0.24765625 0.7578125 0.0515625 0.0484375
1 0.33359375 0.19140625 0.05234375 0.0515625
0 0.64765625 0.6015625 0.05 0.046875
1 0.190625 0.2859375 0.053125 0.05234375
0 0.2015625 0.6484375 0.0515625 0.05
1 0.64140625 0.29921875 0.05 0.0515625
1 0.10703125 0.65078125 0.0484375 0.0484375
0 0.140625 0.4484375 0.053125 0.0484375
0 0.33203125 0.14375 0.0546875 0.046875
1 0.6984375 0.33828125 0.05 0.05078125
0 0.14453125 0.35 0.05390625 0.04765625
1 0.20078125 0.7625 0.05 0.05
0 0.403125 0.8046875 0.05078125 0.04921875
1 0.3828125 0.13828125 0.053125 0.0515625
0 0.45 0.8109375 0.0515625 0.0484375
1 0.9046875 0.5609375 0.05234375 0.05234375
0 0.84765625 0.60625 0.05390625 0.05
0 0.70078125 0.659375 0.05234375 0.04921875
1 0.846875 0.4453125 0.053125 0.0515625
1 0.8953125 0.23671875 0.05234375 0.053125
0 0.20078125 0.703125 0.05390625 0.04921875
0 0.19921875 0.59609375 0.05 0.046875
0 0.709375 0.81640625 0.0546875 0.05
1 0.590625 0.1859375 0.05234375 0.05234375
0 0.14296875 0.30078125 0.05390625 0.04921875
1 0.846875 0.18359375 0.05234375 0.053125
1 0.73984375 0.08125 0.05078125 0.053125
1 0.4828125 0.1375 0.05390625 0.0515625
0 0.1515625 0.7390625 0.05390625 0.05
0 0.3046875 0.81171875 0.05234375 0.04921875
0 0.71015625 0.75625 0.0546875 0.05078125
0 0.59296875 0.29453125 0.05078125 0.0484375
0 0.35546875 0.8109375 0.053125 0.04765625
0 0.23828125 0.1828125 0.0515625 0.04765625
0 0.70078125 0.8625 0.05390625 0.04765625
0 0.85 0.55703125 0.05234375 0.04921875
1 0.68828125 0.078125 0.05234375 0.053125
0 0.10390625 0.5984375 0.05078125 0.04765625
0 0.50078125 0.85078125 0.05234375 0.04765625
0 0.28515625 0.18203125 0.0484375 0.0484375
0 0.2828125 0.134375 0.05234375 0.05
1 0.32890625 0.090625 0.05234375 0.05390625
0 0.9 0.60859375 0.05234375 0.05
1 0.25390625 0.81015625 0.05078125 0.05
0 0.74609375 0.13203125 0.05234375 0.05234375
1 0.384375 0.078125 0.053125 0.05234375
0 0.79375 0.12734375 0.04921875 0.04921875
1 0.6375 0.1359375 0.05078125 0.0515625
1 0.1890625 0.1859375 0.05 0.05234375
1 0.20234375 0.809375 0.05078125 0.04921875
1 0.71171875 0.91015625 0.05234375 0.05
1 0.84921875 0.284375 0.0515625 0.05
1 0.846875 0.39453125 0.0515625 0.05078125
1 0.603125 0.91484375 0.0515625 0.04921875
0 0.84375 0.128125 0.053125 0.05390625
1 0.484375 0.08984375 0.05390625 0.05078125
0 0.80703125 0.6640625 0.0515625 0.05078125
0 0.89453125 0.1375 0.05234375 0.05
0 0.74140625 0.1875 0.053125 0.05234375
1 0.10546875 0.69765625 0.0515625 0.046875
1 0.903125 0.44765625 0.0546875 0.05390625
1 0.0546875 0.646875 0.053125 0.05234375
0 0.553125 0.915625 0.0546875 0.05
0 0.89765625 0.1875 0.053125 0.05234375
0 0.13984375 0.2421875 0.053125 0.05390625
1 0.59296875 0.08046875 0.05234375 0.053125
0 0.14921875 0.803125 0.053125 0.0484375
1 0.4359375 0.0328125 0.05078125 0.05234375
1 0.946875 0.240625 0.053125 0.05625
0 0.09453125 0.4890625 0.053125 0.04921875
0 0.27578125 0.084375 0.0546875 0.04765625
1 0.9578125 0.56171875 0.05234375 0.053125
0 0.05078125 0.5890625 0.05625 0.05078125
0 0.79453125 0.078125 0.05546875 0.0515625
0 0.14140625 0.1828125 0.0515625 0.05
1 0.94609375 0.1859375 0.05234375 0.0546875
0 0.7625 0.91484375 0.053125 0.05
1 0.484375 0.03671875 0.053125 0.053125
0 0.9578125 0.6109375 0.05390625 0.05078125
1 0.390625 0.02578125 0.05078125 0.05078125
1 0.69296875 0.02578125 0.05078125 0.05
1 0.9046875 0.340625 0.05390625 0.053125
0 0.20390625 0.8578125 0.05234375 0.04921875
0 0.30390625 0.85859375 0.053125 0.0484375
0 0.33828125 0.0296875 0.05625 0.05234375
0 0.253125 0.8625 0.05234375 0.04765625
0 0.94453125 0.1359375 0.0515625 0.05390625
1 0.5921875 0.02890625 0.05234375 0.0515625
0 0.0859375 0.35390625 0.053125 0.05
0 0.80625 0.86328125 0.05234375 0.05
0 0.8953125 0.084375 0.05390625 0.05546875
1 0.60390625 0.96171875 0.0515625 0.04921875
1 0.65546875 0.9625 0.0515625 0.04921875
0 0.7984375 0.02578125 0.05390625 0.0484375
0 0.8453125 0.0234375 0.05234375 0.04609375
1 0.7171875 0.96171875 0.0515625 0.05
0 0.74296875 0.0234375 0.0546875 0.04609375
1 0.896875 0.03203125 0.053125 0.05234375
0 0.28203125 0.03125 0.0546875 0.05078125
0 0.1796875 0.12578125 0.05546875 0.05
0 0.86015625 0.76640625 0.05234375 0.05078125
0 0.45859375 0.9140625 0.0546875 0.04921875
0 0.5515625 0.96328125 0.05234375 0.04921875
0 0.76640625 0.96796875 0.05625 0.05