1 0.27890625 0.63046875 0.06875 0.0703125
0 0.50703125 0.56875 0.07109375 0.0703125
0 0.5046875 0.490625 0.07109375 0.07109375
0 0.65234375 0.56953125 0.071875 0.0703125
0 0.51171875 0.646875 0.071875 0.07109375
1 0.43359375 0.7140625 0.07109375 0.0734375
0 0.65546875 0.49453125 0.071875 0.07265625
1 0.359375 0.64140625 0.06953125 0.07109375
1 0.275 0.4984375 0.0703125 0.07421875
0 0.5109375 0.42109375 0.0703125 0.06875
0 0.58046875 0.4203125 0.06875 0.07109375
1 0.7375 0.56953125 0.06953125 0.071875
1 0.5109375 0.71953125 0.06953125 0.07421875
0 0.50078125 0.34609375 0.07109375 0.07265625
0 0.66171875 0.63984375 0.06953125 0.06953125
1 0.365625 0.56640625 0.07109375 0.071875
1 0.43515625 0.49375 0.0703125 0.07265625
0 0.72734375 0.41953125 0.071875 0.07265625
1 0.58125 0.56328125 0.06875 0.0703125
0 0.58203125 0.7171875 0.0703125 0.07265625
0 0.4265625 0.340625 0.0703125 0.07265625
0 0.65 0.34453125 0.06875 0.0703125
1 0.27421875 0.41328125 0.06875 0.071875
0 0.4984375 0.26640625 0.071875 0.0734375
0 0.575 0.271875 0.06953125 0.071875
1 0.73046875 0.4921875 0.07109375 0.07109375
1 0.34921875 0.34140625 0.0703125 0.07109375
1 0.4296875 0.41484375 0.07109375 0.071875
0 0.79765625 0.42109375 0.06875 0.071875
1 0.7203125 0.35 0.06875 0.0703125
1 0.41875 0.26328125 0.0703125 0.07109375
1 0.48671875 0.19609375 0.0703125 0.07109375
0 0.521875 0.79609375 0.0703125 0.07109375
0 0.57265625 0.196875 0.07109375 0.07109375