0 0.50859375 0.8140625 0.04296875 0.04453125
1 0.64921875 0.865625 0.04453125 0.04609375
1 0.6515625 0.90859375 0.04375 0.0453125
1 0.7546875 0.85859375 0.046875 0.04453125
1 0.7609375 0.9125 0.046875 0.04453125
0 0.234375 0.79921875 0.04296875 0.04375
1 0.7015625 0.87109375 0.04609375 0.04453125
0 0.8 0.821875 0.04453125 0.04453125
1 0.6421875 0.96328125 0.04453125 0.04453125
0 0.81484375 0.49375 0.046875 0.046875
0 0.5 0.51171875 0.04296875 0.04453125
1 0.69609375 0.96796875 0.0453125 0.04453125
1 0.7484375 0.96953125 0.0453125 0.04375
0 0.1890625 0.49765625 0.04375 0.04453125
0 0.7953125 0.20546875 0.04609375 0.04765625
0 0.1890625 0.2015625 0.04296875 0.046875
0 0.50859375 0.19296875 0.04375 0.04609375