0 0.4953125 0.6078125 0.0484375 0.0515625
1 0.1890625 0.709375 0.0515625 0.05234375
0 0.39375 0.659375 0.0515625 0.0515625
0 0.54765625 0.60859375 0.05078125 0.05
0 0.44453125 0.65859375 0.05078125 0.05078125
0 0.8046875 0.66015625 0.05078125 0.0515625
0 0.34375 0.709375 0.0515625 0.05078125
1 0.18984375 0.8109375 0.053125 0.05078125
0 0.5984375 0.71015625 0.05 0.04921875
0 0.29140625 0.71015625 0.05 0.05078125
1 0.6484375 0.60625 0.053125 0.05078125
0 0.85703125 0.19609375 0.0515625 0.05078125
0 0.9078125 0.71171875 0.0515625 0.0515625
0 0.546875 0.66015625 0.05078125 0.05
1 0.80390625 0.40390625 0.05234375 0.05390625
0 0.7015625 0.71015625 0.05078125 0.04921875
0 0.85625 0.659375 0.05 0.05078125
1 0.7015625 0.659375 0.0515625 0.05234375
1 0.28671875 0.1453125 0.0515625 0.05234375
0 0.75234375 0.7109375 0.04921875 0.04921875
1 0.85625 0.50625 0.05234375 0.0515625
0 0.2359375 0.146875 0.05078125 0.0515625
1 0.80390625 0.2484375 0.05234375 0.05234375
0 0.85625 0.7625 0.05078125 0.05
0 0.8578125 0.25 0.05234375 0.0515625
0 0.3953125 0.7609375 0.0515625 0.0484375
1 0.2359375 0.19765625 0.0515625 0.0515625
1 0.1390625 0.91171875 0.05234375 0.05234375
0 0.546875 0.7609375 0.0484375 0.0484375
0 0.80390625 0.7109375 0.05 0.04921875
0 0.184375 0.146875 0.05078125 0.0515625
1 0.80390625 0.4546875 0.05234375 0.0515625
0 0.85625 0.40390625 0.05 0.05078125
0 0.80546875 0.14609375 0.0515625 0.05234375
1 0.80546875 0.3 0.053125 0.05078125
0 0.2921875 0.81171875 0.05078125 0.05078125
0 0.5984375 0.76171875 0.05 0.04921875
0 0.65 0.7609375 0.04921875 0.0484375
1 0.28671875 0.19765625 0.05078125 0.05078125
1 0.85625 0.30078125 0.0515625 0.0515625
1 0.65 0.659375 0.053125 0.05078125
1 0.240625 0.86015625 0.05234375 0.05
1 0.9078125 0.7609375 0.0515625 0.05
1 0.3421875 0.759375 0.05078125 0.05
0 0.753125 0.76171875 0.05 0.04921875
1 0.49609375 0.65859375 0.053125 0.0515625
0 0.90859375 0.40390625 0.0515625 0.053125
1 0.39453125 0.70859375 0.053125 0.05078125
0 0.90859375 0.30078125 0.05078125 0.05234375
1 0.3953125 0.86015625 0.053125 0.05
1 0.49296875 0.14609375 0.053125 0.0515625
1 0.34296875 0.91171875 0.0515625 0.05
0 0.34453125 0.8109375 0.05078125 0.04921875
0 0.5984375 0.81171875 0.05 0.05
0 0.4453125 0.81171875 0.04921875 0.0484375
0 0.39453125 0.81171875 0.05 0.04921875
0 0.959375 0.7640625 0.05 0.0515625
0 0.29296875 0.8609375 0.0515625 0.05
0 0.753125 0.8125 0.05 0.05
1 0.65 0.7109375 0.05234375 0.05078125
0 0.13359375 0.1984375 0.0515625 0.05078125
1 0.4953125 0.71015625 0.05234375 0.05078125
0 0.70234375 0.91484375 0.05 0.0484375
1 0.546875 0.86171875 0.05 0.04921875
1 0.90625 0.8125 0.0515625 0.05
1 0.44609375 0.709375 0.05234375 0.05
0 0.5984375 0.8625 0.05 0.0484375
1 0.8546875 0.8125 0.05234375 0.05078125
1 0.4453125 0.759375 0.05234375 0.04921875
0 0.753125 0.86328125 0.05078125 0.04921875
1 0.7015625 0.759375 0.05078125 0.04921875
1 0.49609375 0.8109375 0.05078125 0.04921875
1 0.90703125 0.8625 0.053125 0.05078125
0 0.8046875 0.8125 0.04921875 0.05
1 0.4953125 0.8609375 0.053125 0.04921875
0 0.85625 0.91484375 0.04921875 0.05
1 0.90703125 0.915625 0.0515625 0.0515625
1 0.65 0.81171875 0.05234375 0.05
0 0.29296875 0.91328125 0.0515625 0.04921875
1 0.24140625 0.91171875 0.0515625 0.05
1 0.803125 0.86328125 0.053125 0.0515625
1 0.4953125 0.76015625 0.0515625 0.04921875
0 0.753125 0.9140625 0.05 0.0484375
1 0.5984375 0.9140625 0.05234375 0.0484375
1 0.7 0.81171875 0.0515625 0.04921875
1 0.64921875 0.86328125 0.05234375 0.05078125
0 0.7015625 0.1453125 0.0515625 0.05078125
1 0.34375 0.9625 0.0515625 0.05
0 0.24296875 0.9625 0.0515625 0.05
1 0.64921875 0.9140625 0.05234375 0.04921875
0 0.134375 0.30234375 0.05078125 0.0515625
0 0.70234375 0.9640625 0.05 0.0484375
1 0.80234375 0.91328125 0.05234375 0.0484375
0 0.29375 0.9625 0.05078125 0.04921875
1 0.75234375 0.965625 0.04921875 0.0515625
1 0.80234375 0.965625 0.0515625 0.0515625
0 0.240625 0.7609375 0.04921875 0.0515625