1 0.49296875 0.640625 0.0484375 0.046875
0 0.49375 0.53984375 0.05234375 0.04765625
1 0.39765625 0.65078125 0.05234375 0.05
0 0.44296875 0.5375 0.0515625 0.04609375
0 0.39296875 0.54453125 0.0515625 0.04609375
1 0.30234375 0.59375 0.05234375 0.0484375
1 0.39453125 0.753125 0.05234375 0.04921875
0 0.33984375 0.54765625 0.05234375 0.046875
1 0.49609375 0.75625 0.05078125 0.0484375
1 0.40234375 0.58984375 0.0515625 0.0484375
1 0.55234375 0.58671875 0.05 0.0484375
1 0.353125 0.5921875 0.05234375 0.04765625
1 0.4890625 0.70546875 0.0515625 0.0484375
1 0.45390625 0.80234375 0.053125 0.04921875
1 0.54921875 0.70390625 0.05234375 0.0484375
1 0.19609375 0.60078125 0.05078125 0.04921875
0 0.23828125 0.5546875 0.053125 0.0484375
1 0.4453125 0.746875 0.05234375 0.04921875
1 0.45234375 0.58203125 0.05 0.0484375
1 0.65 0.64765625 0.053125 0.04921875
1 0.653125 0.60234375 0.053125 0.04921875
1 0.23984375 0.70234375 0.053125 0.04921875
1 0.60078125 0.69375 0.05234375 0.04921875
0 0.4484375 0.44453125 0.05234375 0.0484375
1 0.4390625 0.69453125 0.0515625 0.04921875
1 0.29296875 0.64609375 0.053125 0.04921875
1 0.72578125 0.63984375 0.053125 0.04921875
1 0.81328125 0.696875 0.0546875 0.05
1 0.5015625 0.5875 0.0515625 0.04921875
1 0.5515625 0.44921875 0.05234375 0.04765625
0 0.3546875 0.5015625 0.05234375 0.04765625
1 0.390625 0.7046875 0.053125 0.05078125
1 0.6578125 0.75 0.053125 0.04921875
1 0.76328125 0.7515625 0.05390625 0.05078125
1 0.18671875 0.6609375 0.05390625 0.05
1 0.240625 0.6546875 0.053125 0.05
1 0.18515625 0.7078125 0.053125 0.05078125
1 0.28984375 0.709375 0.053125 0.05
1 0.6546875 0.70234375 0.05234375 0.04921875
1 0.715625 0.7015625 0.05390625 0.0484375
1 0.3390625 0.7 0.05234375 0.04765625
1 0.546875 0.79765625 0.053125 0.04921875
1 0.5453125 0.5390625 0.05078125 0.04765625
1 0.6625 0.5515625 0.053125 0.04765625
1 0.60625 0.75 0.053125 0.04921875
0 0.2890625 0.5484375 0.0515625 0.04765625
1 0.19765625 0.76171875 0.05234375 0.05078125
1 0.6453125 0.446875 0.053125 0.04921875
1 0.1875 0.55234375 0.0515625 0.04921875
1 0.14765625 0.5921875 0.05390625 0.0484375
1 0.49921875 0.44765625 0.0515625 0.04921875
0 0.59296875 0.246875 0.05234375 0.0484375
1 0.5875 0.50546875 0.05078125 0.04765625
0 0.51015625 0.34765625 0.05078125 0.0484375
0 0.39375 0.409375 0.05234375 0.04765625
1 0.7546875 0.50078125 0.0546875 0.0484375
0 0.4921875 0.3921875 0.0515625 0.046875
0 0.13515625 0.54609375 0.05546875 0.05078125
0 0.70234375 0.20234375 0.05234375 0.04765625
0 0.28125 0.403125 0.053125 0.04765625
1 0.6 0.6453125 0.0515625 0.04921875
1 0.825 0.80703125 0.05390625 0.04921875
1 0.76640625 0.59140625 0.053125 0.046875
1 0.646875 0.29140625 0.05078125 0.0484375
0 0.34453125 0.45078125 0.0515625 0.04609375
0 0.2390625 0.50703125 0.053125 0.04765625
1 0.70390625 0.809375 0.05546875 0.05078125
0 0.18671875 0.50390625 0.0546875 0.04921875
0 0.22890625 0.40859375 0.05234375 0.04765625
0 0.4421875 0.49140625 0.05078125 0.04609375
0 0.084375 0.55390625 0.05390625 0.04921875
1 0.6390625 0.496875 0.053125 0.05
1 0.56171875 0.35546875 0.0515625 0.0484375
1 0.49375 0.49296875 0.05234375 0.04765625
1 0.15078125 0.74375 0.05390625 0.04921875
1 0.075 0.69296875 0.05390625 0.05078125
0 0.4984375 0.30078125 0.05078125 0.04765625
0 0.30078125 0.50078125 0.05234375 0.046875
0 0.4421875 0.39765625 0.0515625 0.0484375
0 0.134375 0.5 0.0546875 0.04765625
0 0.34140625 0.359375 0.053125 0.046875
0 0.25 0.6078125 0.05390625 0.0484375
1 0.6 0.3109375 0.0515625 0.04765625
1 0.71171875 0.4546875 0.05390625 0.0484375
1 0.08359375 0.6015625 0.05546875 0.0515625
1 0.553125 0.85078125 0.05390625 0.05078125
1 0.81953125 0.55 0.0546875 0.0484375
0 0.44453125 0.34765625 0.05078125 0.04765625
1 0.76484375 0.85625 0.0546875 0.04921875
0 0.2390625 0.4609375 0.053125 0.0484375
0 0.6 0.19140625 0.0515625 0.0484375
1 0.75703125 0.809375 0.05546875 0.04921875
1 0.87421875 0.65625 0.0546875 0.0515625
0 0.653125 0.1875 0.0515625 0.0484375
0 0.39296875 0.36171875 0.05234375 0.04765625
0 0.075 0.45078125 0.05234375 0.04921875
0 0.45 0.290625 0.0515625 0.0484375
1 0.3875 0.84765625 0.05390625 0.04921875
1 0.5484375 0.31171875 0.0515625 0.04765625
1 0.54609375 0.4 0.05234375 0.0484375
1 0.69140625 0.34609375 0.0515625 0.0484375
0 0.18125 0.4578125 0.05390625 0.0484375
1 0.86171875 0.4484375 0.05390625 0.05
0 0.5484375 0.1921875 0.04921875 0.04765625
1 0.49453125 0.85078125 0.053125 0.04765625
0 0.75 0.15 0.0515625 0.0484375
1 0.6546875 0.23984375 0.05 0.04921875
0 0.1265625 0.39921875 0.05234375 0.04765625
1 0.65 0.8546875 0.05390625 0.0484375
1 0.65 0.39765625 0.05 0.04765625
0 0.28515625 0.25078125 0.05078125 0.04765625
0 0.240625 0.196875 0.05234375 0.04765625
1 0.603125 0.9046875 0.053125 0.04921875
1 0.7515625 0.28984375 0.053125 0.04921875
1 0.79921875 0.3421875 0.05234375 0.04921875
0 0.0640625 0.40234375 0.053125 0.0484375
0 0.28359375 0.3453125 0.05390625 0.0484375
0 0.33671875 0.25625 0.0515625 0.04765625
0 0.4984375 0.1953125 0.05078125 0.04921875
0 0.3875 0.2484375 0.0515625 0.0484375
1 0.91875 0.5 0.0546875 0.05078125
1 0.55390625 0.89765625 0.053125 0.05
1 0.0265625 0.6515625 0.0515625 0.05078125
0 0.190625 0.1921875 0.05234375 0.04921875
1 0.91328125 0.44296875 0.0515625 0.04921875
1 0.03203125 0.6046875 0.0515625 0.04921875
0 0.4390625 0.19140625 0.0515625 0.0484375
1 0.8671875 0.8484375 0.05390625 0.0515625
0 0.4921875 0.25546875 0.0515625 0.0484375
1 0.70703125 0.253125 0.05234375 0.04921875
1 0.85234375 0.29609375 0.053125 0.0484375
0 0.08125 0.50625 0.053125 0.04921875
1 0.746875 0.34921875 0.053125 0.04921875
1 0.5984375 0.40078125 0.05234375 0.0484375
1 0.75390625 0.1953125 0.0515625 0.04765625
0 0.38828125 0.19140625 0.05234375 0.05
0 0.1765625 0.3046875 0.05234375 0.046875
0 0.23125 0.3515625 0.0515625 0.04921875
0 0.2828125 0.16015625 0.05234375 0.04765625
1 0.9234375 0.59140625 0.053125 0.04921875
1 0.08046875 0.79296875 0.05390625 0.05078125
0 0.44453125 0.23984375 0.05234375 0.05
0 0.12890625 0.35078125 0.053125 0.04765625
1 0.44609375 0.8984375 0.053125 0.04921875
0 0.02734375 0.55234375 0.053125 0.04921875
1 0.5421875 0.24765625 0.0515625 0.05
0 0.64296875 0.14140625 0.05234375 0.05
0 0.33359375 0.15234375 0.0515625 0.04765625
1 0.85625 0.20234375 0.05234375 0.0484375
0 0.6984375 0.14609375 0.05234375 0.0484375
1 0.915625 0.34921875 0.053125 0.05
1 0.33828125 0.9015625 0.05390625 0.04921875
1 0.728125 0.91171875 0.05546875 0.05078125
0 0.17421875 0.14765625 0.05234375 0.046875
0 0.13203125 0.25390625 0.0515625 0.04765625
0 0.234375 0.30390625 0.05234375 0.04765625
0 0.078125 0.30390625 0.0515625 0.05
0 0.08984375 0.20078125 0.0515625 0.0484375
0 0.07734375 0.35234375 0.0515625 0.04921875
1 0.8140625 0.2421875 0.05234375 0.0484375
1 0.853125 0.34296875 0.053125 0.0484375
1 0.7578125 0.2421875 0.05234375 0.04765625
1 0.19609375 0.815625 0.0515625 0.0484375
1 0.3390625 0.80078125 0.0546875 0.05
0 0.5921875 0.13359375 0.0515625 0.04765625
1 0.8578125 0.8953125 0.0546875 0.05
1 0.025 0.746875 0.05 0.04921875
0 0.81015625 0.1015625 0.05234375 0.04765625
0 0.8609375 0.109375 0.05234375 0.0484375
0 0.1234375 0.153125 0.0515625 0.04921875
0 0.540625 0.0984375 0.05 0.046875
1 0.85859375 0.40078125 0.05234375 0.0484375
1 0.925 0.753125 0.05390625 0.04921875
1 0.925 0.2453125 0.053125 0.04765625
0 0.7546875 0.1015625 0.05234375 0.0484375
0 0.0328125 0.24609375 0.05078125 0.0484375
0 0.434375 0.1453125 0.05234375 0.04765625
0 0.08203125 0.25703125 0.05234375 0.05
0 0.0734375 0.14921875 0.05078125 0.0484375
0 0.384375 0.14375 0.0515625 0.046875
1 0.11796875 0.85859375 0.053125 0.05
0 0.43984375 0.09921875 0.053125 0.04921875
0 0.040625 0.19453125 0.05078125 0.0484375
0 0.14140625 0.109375 0.05234375 0.0484375
0 0.48984375 0.1015625 0.05078125 0.04765625
1 0.19140625 0.10546875 0.05 0.0484375
1 0.86328125 0.15546875 0.053125 0.05
1 0.38984375 0.09921875 0.05234375 0.04921875
1 0.80234375 0.14765625 0.053125 0.04765625
1 0.33984375 0.0921875 0.0515625 0.04921875
0 0.6984375 0.09453125 0.053125 0.0484375
1 0.54765625 0.946875 0.053125 0.05078125
0 0.09140625 0.10546875 0.0515625 0.0484375
1 0.48125 0.94140625 0.0515625 0.05
0 0.040625 0.09765625 0.05078125 0.0484375
0 0.64140625 0.0921875 0.0515625 0.04765625
1 0.2421875 0.1078125 0.0515625 0.04765625
1 0.9109375 0.1390625 0.0515625 0.04921875
0 0.909375 0.09375 0.053125 0.05
1 0.9734375 0.29609375 0.053125 0.0484375
1 0.4109375 0.93828125 0.0515625 0.04765625
1 0.23046875 0.1515625 0.0515625 0.04921875
1 0.803125 0.40546875 0.0546875 0.05
1 0.97109375 0.19140625 0.053125 0.04921875
1 0.24296875 0.85625 0.05390625 0.04921875
1 0.29296875 0.10859375 0.05234375 0.04921875
0 0.959375 0.096875 0.053125 0.0515625
0 0.846875 0.059375 0.05234375 0.04765625
1 0.97578125 0.40390625 0.04765625 0.04921875
1 0.6046875 0.95234375 0.05390625 0.05
1 0.28515625 0.06328125 0.053125 0.046875
0 0.79375 0.0578125 0.0515625 0.04765625
0 0.43359375 0.0515625 0.0515625 0.046875
1 0.18203125 0.059375 0.0515625 0.04765625
0 0.74296875 0.0578125 0.05234375 0.04765625
1 0.0765625 0.06171875 0.0515625 0.04765625
1 0.378125 0.0546875 0.0515625 0.04765625
1 0.1328125 0.05703125 0.05 0.04765625
1 0.7125 0.95625 0.05546875 0.04921875
0 0.903125 0.04765625 0.05234375 0.04921875
1 0.87109375 0.94453125 0.0546875 0.05078125
0 0.58515625 0.05 0.0515625 0.04765625
1 0.9625 0.14375 0.05390625 0.04921875
0 0.95390625 0.0453125 0.05234375 0.0484375
0 0.0234375 0.04375 0.046875 0.04921875
1 0.19453125 0.90703125 0.0546875 0.05078125