0 0.4484375 0.65234375 0.04609375 0.04765625
1 0.0953125 0.4546875 0.05078125 0.05078125
1 0.14453125 0.3546875 0.0515625 0.05078125
0 0.49921875 0.6515625 0.04921875 0.04765625
0 0.4484375 0.7015625 0.04765625 0.046875
0 0.45 0.7515625 0.04921875 0.0484375
1 0.1953125 0.3546875 0.0515625 0.05078125
0 0.4484375 0.60234375 0.0484375 0.04765625
0 0.5484375 0.7015625 0.0484375 0.046875
0 0.6 0.7515625 0.04921875 0.0484375
1 0.09296875 0.30546875 0.0515625 0.05
0 0.496875 0.503125 0.0484375 0.046875
0 0.35 0.7515625 0.04921875 0.04765625
0 0.3984375 0.55390625 0.04921875 0.046875
0 0.54765625 0.503125 0.0484375 0.046875
0 0.5984375 0.7015625 0.0484375 0.04921875
0 0.30078125 0.7515625 0.04921875 0.04765625
1 0.04765625 0.55390625 0.0515625 0.05078125
0 0.646875 0.50234375 0.0484375 0.04609375
0 0.696875 0.5015625 0.0484375 0.04765625
0 0.34609375 0.4046875 0.0484375 0.04765625
0 0.69921875 0.75078125 0.04921875 0.046875
0 0.6484375 0.70078125 0.04765625 0.04765625
0 0.35078125 0.8015625 0.04921875 0.04765625
0 0.75 0.75 0.04921875 0.04765625
0 0.50078125 0.8 0.0484375 0.04765625
0 0.7484375 0.7 0.0484375 0.0484375
1 0.146875 0.5046875 0.0515625 0.05078125
0 0.20078125 0.75234375 0.04921875 0.0484375
0 0.65 0.75078125 0.04921875 0.04765625
1 0.0984375 0.55390625 0.05234375 0.0515625
0 0.54609375 0.453125 0.04765625 0.046875
0 0.8 0.75078125 0.04921875 0.04765625
0 0.4 0.80078125 0.04765625 0.04765625
0 0.246875 0.45390625 0.04921875 0.0484375
0 0.796875 0.5015625 0.04765625 0.046875
0 0.746875 0.5515625 0.04765625 0.04609375
0 0.55 0.8 0.04765625 0.046875
0 0.6 0.8 0.04765625 0.04765625
0 0.19765625 0.50390625 0.0484375 0.046875
0 0.34765625 0.503125 0.04765625 0.04609375
1 0.2453125 0.4046875 0.0515625 0.0515625
0 0.34609375 0.3546875 0.0484375 0.04765625
1 0.24453125 0.3546875 0.0515625 0.05078125
0 0.69609375 0.453125 0.0484375 0.04765625
0 0.4953125 0.3546875 0.04765625 0.046875
1 0.14609375 0.4546875 0.05078125 0.05
0 0.84921875 0.75 0.0484375 0.04765625
0 0.5953125 0.45234375 0.04765625 0.04765625
0 0.74765625 0.5015625 0.04921875 0.04765625
0 0.3953125 0.30546875 0.04921875 0.0484375
0 0.49609375 0.40390625 0.04921875 0.04765625
1 0.19609375 0.4546875 0.05078125 0.05078125
0 0.34921875 0.7015625 0.0484375 0.04765625
0 0.3953125 0.3546875 0.0484375 0.04765625
0 0.1484375 0.55390625 0.05 0.0484375
0 0.75078125 0.8 0.04921875 0.046875
0 0.25 0.70234375 0.04921875 0.0484375
1 0.14296875 0.3046875 0.0515625 0.0515625
0 0.3984375 0.60234375 0.0484375 0.0453125
0 0.89921875 0.7015625 0.0484375 0.05
0 0.296875 0.503125 0.04765625 0.0453125
0 0.44609375 0.3046875 0.04921875 0.046875
0 0.2953125 0.3046875 0.05 0.04765625
0 0.15078125 0.803125 0.0484375 0.0484375
1 0.0421875 0.2546875 0.05234375 0.05078125
1 0.8953125 0.3015625 0.05078125 0.04921875
0 0.15078125 0.75234375 0.04921875 0.04921875
1 0.296875 0.45390625 0.0515625 0.05078125
0 0.6453125 0.30390625 0.04765625 0.046875
0 0.2015625 0.8515625 0.0484375 0.04921875
0 0.2484375 0.50390625 0.0484375 0.046875
0 0.8 0.8 0.0484375 0.04765625
0 0.84609375 0.4515625 0.0484375 0.046875
1 0.64296875 0.253125 0.05078125 0.05078125
0 0.90078125 0.75 0.04921875 0.04765625
0 0.59375 0.25390625 0.04765625 0.04765625
1 0.946875 0.5515625 0.0515625 0.0515625
1 0.29609375 0.4046875 0.0515625 0.05078125
0 0.6953125 0.303125 0.04765625 0.046875
0 0.59453125 0.30390625 0.04765625 0.046875
1 0.74296875 0.253125 0.05234375 0.0515625
0 0.7453125 0.303125 0.04765625 0.04609375
1 0.29609375 0.3546875 0.05234375 0.05078125
0 0.19453125 0.30546875 0.05 0.04921875
1 0.84453125 0.25234375 0.05234375 0.0515625
1 0.5421875 0.15390625 0.0515625 0.0515625
0 0.5453125 0.35390625 0.046875 0.04765625
1 0.4453125 0.40390625 0.0515625 0.05078125
0 0.69453125 0.25234375 0.04765625 0.046875
1 0.0921875 0.25546875 0.0515625 0.05078125
1 0.9453125 0.3015625 0.0515625 0.0515625
0 0.7953125 0.30234375 0.04765625 0.046875
1 0.89453125 0.2515625 0.05078125 0.05
0 0.846875 0.4015625 0.05 0.0484375
1 0.84609375 0.5015625 0.05234375 0.05078125
1 0.5921875 0.203125 0.05 0.05
1 0.946875 0.50234375 0.0515625 0.05234375
0 0.39375 0.25546875 0.0484375 0.046875
1 0.74375 0.20234375 0.05234375 0.04921875
1 0.44609375 0.45234375 0.05078125 0.04921875
1 0.4921875 0.103125 0.0515625 0.0515625
1 0.34453125 0.3046875 0.05078125 0.04921875
0 0.49375 0.2046875 0.0484375 0.046875
0 0.49453125 0.2546875 0.04921875 0.046875
1 0.396875 0.453125 0.05078125 0.04921875
1 0.34609375 0.453125 0.05 0.04921875
1 0.69375 0.15234375 0.05234375 0.05078125
1 0.89609375 0.5015625 0.0515625 0.05078125
0 0.19375 0.25546875 0.0484375 0.04921875
1 0.64375 0.203125 0.05 0.04921875
1 0.49765625 0.7015625 0.05078125 0.04921875
1 0.84453125 0.20078125 0.05078125 0.05
0 0.54375 0.20390625 0.04765625 0.04609375
1 0.2984375 0.7015625 0.05 0.05
0 0.69609375 0.40234375 0.0484375 0.04765625
0 0.2015625 0.9015625 0.04765625 0.04921875
0 0.8453125 0.3015625 0.04765625 0.046875
0 0.89765625 0.40078125 0.05 0.0484375
1 0.79609375 0.4515625 0.05078125 0.05078125
1 0.44453125 0.35390625 0.0515625 0.05
1 0.79375 0.20234375 0.05078125 0.05
1 0.89765625 0.60078125 0.05234375 0.0515625
0 0.24375 0.2546875 0.04921875 0.0484375
1 0.24296875 0.3046875 0.05078125 0.04921875
1 0.8484375 0.65 0.05234375 0.05078125
1 0.39609375 0.40390625 0.0515625 0.0515625
0 0.95 0.7515625 0.0484375 0.05
0 0.39375 0.20546875 0.04921875 0.046875
0 0.29453125 0.2546875 0.04921875 0.04765625
0 0.14296875 0.25546875 0.0484375 0.04921875
1 0.7453125 0.45234375 0.0515625 0.05
0 0.0984375 0.603125 0.0484375 0.04765625
1 0.446875 0.503125 0.0515625 0.05
1 0.5921875 0.103125 0.05 0.05
1 0.896875 0.4515625 0.05234375 0.05078125
1 0.69609375 0.55078125 0.05078125 0.05
1 0.74375 0.153125 0.05078125 0.05
1 0.496875 0.60234375 0.0515625 0.04921875
0 0.1484375 0.603125 0.04765625 0.046875
1 0.5421875 0.10390625 0.05078125 0.05078125
0 0.7953125 0.2515625 0.0484375 0.046875
1 0.846875 0.60078125 0.0515625 0.05078125
1 0.89765625 0.65 0.05078125 0.05
1 0.79765625 0.60078125 0.0515625 0.05078125
1 0.746875 0.65078125 0.0515625 0.05078125
1 0.746875 0.6015625 0.05234375 0.0515625
1 0.6421875 0.103125 0.05078125 0.0515625
1 0.7984375 0.70078125 0.0515625 0.05078125
1 0.25 0.7515625 0.05234375 0.05
0 0.946875 0.4515625 0.04765625 0.05
0 0.896875 0.3515625 0.0484375 0.0484375
1 0.84765625 0.7 0.05078125 0.05078125
1 0.64609375 0.55234375 0.04921875 0.04921875
1 0.59609375 0.60234375 0.05 0.04921875
1 0.44765625 0.553125 0.05078125 0.05
1 0.59765625 0.6515625 0.05078125 0.05
1 0.69765625 0.7 0.05 0.05
1 0.496875 0.5515625 0.0515625 0.05
0 0.95 0.8 0.04765625 0.0484375
1 0.25 0.8015625 0.0515625 0.05
1 0.40078125 0.85078125 0.0515625 0.05078125
1 0.5953125 0.553125 0.05078125 0.05
1 0.30078125 0.8 0.05078125 0.04921875
1 0.79765625 0.5515625 0.05078125 0.04921875
0 0.49375 0.15390625 0.04921875 0.046875
1 0.3015625 0.9 0.05234375 0.05078125
1 0.35078125 0.85078125 0.0515625 0.05078125
0 0.1515625 0.9015625 0.0484375 0.0484375
1 0.54765625 0.5515625 0.05 0.04921875
1 0.646875 0.6515625 0.04921875 0.04921875
1 0.696875 0.65078125 0.05078125 0.04921875
1 0.8984375 0.79921875 0.05078125 0.05078125
1 0.20078125 0.8015625 0.05078125 0.05
1 0.45078125 0.84921875 0.05234375 0.05
1 0.25078125 0.90234375 0.05 0.0484375
1 0.43984375 0.05234375 0.05078125 0.05
1 0.5953125 0.5015625 0.05 0.0484375
1 0.25 0.85234375 0.05078125 0.05234375
1 0.54765625 0.65078125 0.05078125 0.04921875
1 0.85 0.8 0.05234375 0.05078125
0 0.04921875 0.6046875 0.0484375 0.0484375
1 0.50078125 0.85 0.0515625 0.05
0 0.39296875 0.1546875 0.05 0.0484375
1 0.85 0.85078125 0.05234375 0.0515625
1 0.95 0.85078125 0.0515625 0.0515625
1 0.64921875 0.7984375 0.05078125 0.05
1 0.45078125 0.79921875 0.0515625 0.0484375
1 0.74921875 0.85 0.0515625 0.05078125
1 0.6 0.85 0.05078125 0.05078125
0 0.1015625 0.85234375 0.0484375 0.04921875
1 0.490625 0.05234375 0.0515625 0.05
1 0.69921875 0.85078125 0.05078125 0.0515625
0 0.94609375 0.40234375 0.04921875 0.05
0 0.9484375 0.65078125 0.04921875 0.04921875
0 0.09296875 0.20546875 0.05 0.0484375
1 0.9 0.9 0.0515625 0.05078125
0 0.44140625 0.10390625 0.0484375 0.0484375
1 0.6484375 0.85078125 0.05078125 0.0515625
1 0.80078125 0.85 0.05234375 0.05078125
1 0.30234375 0.95 0.05234375 0.05
0 0.85078125 0.9 0.04765625 0.04765625
0 0.0421875 0.2046875 0.04921875 0.05
0 0.2515625 0.95078125 0.0484375 0.04765625
0 0.65078125 0.89921875 0.04765625 0.04765625
0 0.2015625 0.9515625 0.04765625 0.04765625
0 0.1921875 0.15546875 0.04921875 0.04921875
0 0.390625 0.053125 0.04921875 0.0484375
1 0.55078125 0.84921875 0.04765625 0.0515625
0 0.3953125 0.503125 0.0484375 0.0484375