0 0.49765625 0.7421875 0.06015625 0.0625
1 0.125 0.6578125 0.0734375 0.0703125
1 0.1796875 0.8125 0.0734375 0.07109375
1 0.125 0.32890625 0.071875 0.06875
1 0.86875 0.79765625 0.06875 0.07109375
1 0.11875 0.7578125 0.06875 0.06953125
0 0.271875 0.79609375 0.06484375 0.065625
1 0.0328125 0.4953125 0.065625 0.071875
1 0.03515625 0.79375 0.0703125 0.06953125
0 0.27734375 0.86875 0.06328125 0.0640625
1 0.58359375 0.58125 0.0703125 0.06953125
0 0.21875 0.5765625 0.0640625 0.06328125
0 0.8015625 0.65 0.0625 0.059375
1 0.96015625 0.73125 0.06796875 0.07265625
1 0.05078125 0.72734375 0.07109375 0.06953125
1 0.73671875 0.58125 0.06796875 0.06953125
1 0.8796875 0.87109375 0.065625 0.0671875
0 0.5109375 0.4125 0.06171875 0.0625
1 0.42734375 0.5625 0.06640625 0.06796875
1 0.2796875 0.25859375 0.071875 0.06875
0 0.4984375 0.11875 0.0640625 0.0609375
1 0.8140625 0.946875 0.06953125 0.06953125
0 0.959375 0.340625 0.06171875 0.0609375
1 0.6625 0.4046875 0.065625 0.06484375
1 0.5140625 0.2609375 0.065625 0.06875
1 0.678125 0.33828125 0.0671875 0.06640625
1 0.1953125 0.959375 0.0671875 0.06875
1 0.12578125 0.41328125 0.0703125 0.06875
1 0.265625 0.18984375 0.0703125 0.06796875
0 0.95859375 0.9375 0.06171875 0.06328125
0 0.60625 0.03515625 0.0625 0.0625
1 0.8125 0.878125 0.0671875 0.065625
0 0.8015625 0.21796875 0.0625 0.0578125
0 0.6625 0.6453125 0.0640625 0.06328125
0 0.4390625 0.65078125 0.065625 0.065625
0 0.74140625 0.88125 0.06484375 0.06328125
0 0.74140625 0.73671875 0.06484375 0.06328125
0 0.2828125 0.71953125 0.0640625 0.0640625
0 0.58515625 0.73984375 0.06171875 0.0625
0 0.6578125 0.8046875 0.0625 0.0625
0 0.31796875 0.4828125 0.0640625 0.0625
0 0.3625 0.58046875 0.0640625 0.0625
0 0.434375 0.4171875 0.0625 0.06171875
0 0.80078125 0.8125 0.0640625 0.06328125
0 0.190625 0.49765625 0.06484375 0.06640625
0 0.11953125 0.56328125 0.06484375 0.06640625
0 0.80625 0.57265625 0.06015625 0.059375
0 0.8125 0.48828125 0.06328125 0.06328125
0 0.43984375 0.49140625 0.06171875 0.06015625
0 0.74609375 0.415625 0.06328125 0.059375
0 0.89375 0.71953125 0.06640625 0.065625
0 0.26796875 0.40703125 0.0625 0.06328125
0 0.12265625 0.896875 0.0640625 0.06484375
0 0.33515625 0.403125 0.0671875 0.0640625
0 0.04765625 0.58203125 0.06328125 0.06640625
0 0.7328125 0.95703125 0.06484375 0.06328125
0 0.8640625 0.2640625 0.06796875 0.06328125
0 0.89140625 0.503125 0.0640625 0.059375
1 0.8 0.05 0.07109375 0.07109375
0 0.29375 0.653125 0.06484375 0.06484375
0 0.44453125 0.34296875 0.0640625 0.06171875
0 0.803125 0.28046875 0.0640625 0.0640625
0 0.8265625 0.42109375 0.06171875 0.0578125
0 0.265625 0.9640625 0.06484375 0.06328125
1 0.44609375 0.259375 0.06640625 0.06640625
0 0.35859375 0.32890625 0.0640625 0.0625
0 0.1015625 0.4953125 0.065625 0.06484375
0 0.43515625 0.11640625 0.06015625 0.0609375
1 0.1984375 0.425 0.0703125 0.06875
1 0.19140625 0.73984375 0.06953125 0.06875
0 0.275 0.11875 0.0625 0.06171875
1 0.72890625 0.6546875 0.0703125 0.0703125
1 0.59375 0.41875 0.0703125 0.06640625
0 0.74375 0.346875 0.0625 0.0578125
1 0.05625 0.421875 0.06875 0.06875
1 0.66640625 0.578125 0.06875 0.06953125
0 0.79921875 0.13125 0.059375 0.05546875
1 0.503125 0.64765625 0.06640625 0.06953125
0 0.12890625 0.11171875 0.06328125 0.065625
0 0.95 0.2640625 0.06328125 0.06171875
1 0.215625 0.67109375 0.07109375 0.06875
1 0.57734375 0.659375 0.06875 0.0703125
0 0.34765625 0.12109375 0.06015625 0.06015625
1 0.28515625 0.33203125 0.07421875 0.0703125
1 0.7421875 0.50078125 0.071875 0.0703125
1 0.50625 0.565625 0.06875 0.0703125
0 0.1921875 0.1203125 0.0671875 0.06484375
1 0.5109375 0.34375 0.06875 0.06640625
0 0.05390625 0.11015625 0.06328125 0.0640625
1 0.59296875 0.27109375 0.06953125 0.06875
1 0.128125 0.25703125 0.071875 0.06953125
1 0.58515625 0.49140625 0.07109375 0.0671875
0 0.51328125 0.47734375 0.05859375 0.05625
1 0.11640625 0.18515625 0.06796875 0.06953125
0 0.975 0.4140625 0.05 0.05859375
1 0.20078125 0.8890625 0.071875 0.07109375
1 0.04921875 0.9546875 0.071875 0.071875
1 0.128125 0.96328125 0.06875 0.0671875
1 0.734375 0.27421875 0.0703125 0.0703125
1 0.184375 0.1875 0.0703125 0.06953125
1 0.665625 0.18671875 0.07265625 0.0703125
1 0.36953125 0.2484375 0.07109375 0.07109375
0 0.878125 0.03046875 0.06484375 0.0609375
1 0.5859375 0.125 0.07265625 0.06953125
1 0.86875 0.19765625 0.06875 0.06484375
1 0.51484375 0.1875 0.071875 0.0671875
1 0.88046875 0.13671875 0.06796875 0.06015625
1 0.95 0.19375 0.06875 0.06640625