0 0.490625 0.81875 0.04921875 0.05078125
1 0.0265625 0.56015625 0.0484375 0.053125
1 0.02734375 0.4640625 0.0484375 0.05390625
1 0.0390625 0.66640625 0.05 0.053125
0 0.59453125 0.85625 0.0515625 0.05078125
0 0.5953125 0.91171875 0.05078125 0.0515625
0 0.3984375 0.8203125 0.0515625 0.0515625
0 0.70390625 0.87421875 0.05234375 0.0515625
1 0.03828125 0.76484375 0.05 0.05390625
1 0.03046875 0.3578125 0.04765625 0.0515625
0 0.34921875 0.76796875 0.05078125 0.0515625
0 0.8140625 0.825 0.05078125 0.0515625
0 0.55 0.77265625 0.05 0.05078125
0 0.4421875 0.71015625 0.05078125 0.0515625
0 0.85859375 0.76640625 0.05078125 0.053125
0 0.34453125 0.8734375 0.05078125 0.0515625
0 0.75625 0.92421875 0.04921875 0.0515625
0 0.59296875 0.65859375 0.05 0.05234375
0 0.2875 0.7171875 0.05 0.05078125
0 0.7546875 0.871875 0.05078125 0.0515625
0 0.7140625 0.8140625 0.05 0.05078125
0 0.38515625 0.71796875 0.05 0.05078125
0 0.49375 0.6625 0.05 0.05
0 0.49765625 0.76484375 0.05 0.05078125
0 0.7640625 0.82109375 0.05078125 0.05234375
1 0.08359375 0.5015625 0.05 0.0515625
1 0.0796875 0.5609375 0.05 0.053125
0 0.86015625 0.70234375 0.05 0.0515625
0 0.234375 0.7140625 0.04921875 0.05078125
0 0.6015625 0.80625 0.05 0.04921875
1 0.08671875 0.665625 0.05078125 0.05078125
1 0.0859375 0.4515625 0.04921875 0.05
0 0.19296875 0.82109375 0.05078125 0.0515625
0 0.29921875 0.815625 0.05078125 0.05078125
1 0.0828125 0.3984375 0.04921875 0.05
0 0.3859375 0.5203125 0.04921875 0.05078125
0 0.7484375 0.65 0.05 0.0515625
0 0.3375 0.66953125 0.05078125 0.0515625
1 0.08359375 0.61640625 0.05 0.0546875
0 0.80234375 0.546875 0.05078125 0.05078125
0 0.6875 0.5421875 0.05 0.05234375
1 0.08203125 0.715625 0.0515625 0.053125
0 0.915625 0.82109375 0.0515625 0.0546875
0 0.853125 0.54140625 0.05078125 0.05234375
0 0.7546875 0.71484375 0.05 0.0515625
0 0.53125 0.51171875 0.05 0.05078125
0 0.9109375 0.665625 0.0515625 0.053125
0 0.66015625 0.75625 0.05078125 0.05078125
0 0.57890625 0.50234375 0.04921875 0.0515625
0 0.70859375 0.765625 0.0515625 0.0515625
0 0.4390625 0.5734375 0.05078125 0.0515625
0 0.54375 0.72109375 0.05 0.05078125
0 0.278125 0.62734375 0.05 0.0515625
0 0.7140625 0.60390625 0.0515625 0.0515625
0 0.534375 0.6015625 0.04921875 0.0515625
1 0.03828125 0.878125 0.05 0.053125
0 0.59609375 0.975 0.0515625 0.05
0 0.65625 0.96796875 0.05078125 0.0515625
0 0.4359375 0.5125 0.05078125 0.05078125
1 0.14140625 0.8625 0.0515625 0.05390625
0 0.18046875 0.6625 0.05 0.0515625
0 0.32890625 0.5640625 0.05 0.0515625
0 0.3875 0.44921875 0.05 0.0515625
1 0.07734375 0.3453125 0.04921875 0.0515625
0 0.85859375 0.6515625 0.05078125 0.05234375
0 0.1875 0.76875 0.05 0.05078125
1 0.29296875 0.86484375 0.0515625 0.053125
1 0.0953125 0.81640625 0.05078125 0.05234375
0 0.64453125 0.496875 0.04765625 0.05
1 0.08828125 0.76640625 0.05078125 0.05078125
0 0.6453125 0.3890625 0.04921875 0.0515625
0 0.59453125 0.39765625 0.05 0.05078125
0 0.23203125 0.5046875 0.04921875 0.0515625
1 0.2421875 0.86875 0.0515625 0.05234375
0 0.14765625 0.725 0.04921875 0.05234375
0 0.2328125 0.66484375 0.04921875 0.05
0 0.4859375 0.45 0.04921875 0.0515625
0 0.7046875 0.9734375 0.05 0.05
1 0.34140625 0.9265625 0.05234375 0.05234375
0 0.65859375 0.7046875 0.04921875 0.0484375
1 0.19453125 0.871875 0.05234375 0.05234375
0 0.23671875 0.4484375 0.05078125 0.05390625
0 0.95546875 0.59921875 0.05078125 0.05390625
0 0.95859375 0.65390625 0.0515625 0.0546875
0 0.70625 0.7125 0.05 0.0515625
0 0.75390625 0.97578125 0.04921875 0.04765625
0 0.965625 0.81953125 0.05078125 0.0546875
1 0.0859375 0.865625 0.05078125 0.05390625
0 0.7484375 0.4375 0.0515625 0.053125
0 0.90078125 0.54921875 0.0515625 0.053125
0 0.85390625 0.44375 0.05078125 0.053125
0 0.6015625 0.60703125 0.04921875 0.04765625
0 0.4453125 0.3515625 0.04921875 0.05078125
0 0.69296875 0.48984375 0.046875 0.04765625
0 0.18828125 0.45625 0.04921875 0.05078125
0 0.23046875 0.571875 0.04921875 0.0515625
0 0.27890625 0.5765625 0.0484375 0.0484375
0 0.53984375 0.40703125 0.05078125 0.053125
1 0.09140625 0.9171875 0.05078125 0.053125
0 0.18515625 0.5578125 0.0484375 0.05
0 0.49296875 0.34296875 0.04921875 0.0515625
0 0.325 0.4125 0.0484375 0.05
0 0.5328125 0.459375 0.05 0.0515625
0 0.8 0.4921875 0.05 0.0515625
0 0.13046875 0.503125 0.04921875 0.05
0 0.8 0.334375 0.05078125 0.05390625
1 0.1953125 0.92265625 0.0515625 0.05234375
0 0.27578125 0.41796875 0.05 0.05234375
0 0.17890625 0.61171875 0.0484375 0.04921875
0 0.95078125 0.90234375 0.05078125 0.053125
0 0.73984375 0.325 0.05 0.053125
0 0.95 0.54453125 0.0515625 0.053125
0 0.2234375 0.35078125 0.0484375 0.05078125
0 0.5421875 0.2890625 0.04921875 0.0515625
0 0.13203125 0.35 0.05 0.05078125
0 0.90234375 0.49765625 0.04921875 0.0515625
0 0.80546875 0.4390625 0.05234375 0.0546875
0 0.4828125 0.2515625 0.0515625 0.053125
0 0.8546875 0.33984375 0.0515625 0.0546875
0 0.190625 0.97109375 0.0515625 0.0515625
0 0.38828125 0.39765625 0.05 0.04921875
0 0.11640625 0.20234375 0.05 0.0515625
0 0.690625 0.33359375 0.04921875 0.0515625
0 0.16875 0.3140625 0.05 0.0515625
0 0.23046875 0.259375 0.05 0.0515625
0 0.321875 0.29609375 0.05 0.0515625
0 0.69609375 0.2421875 0.05 0.05234375
0 0.17890625 0.40625 0.05 0.05078125
0 0.909375 0.38828125 0.05078125 0.053125
0 0.58984375 0.2953125 0.05078125 0.053125
0 0.7984375 0.2453125 0.05078125 0.0515625
0 0.64375 0.3375 0.04921875 0.05
0 0.58046875 0.23828125 0.05 0.05234375
0 0.43203125 0.19140625 0.05 0.0515625
1 0.04453125 0.9640625 0.04921875 0.0546875
0 0.38984375 0.3453125 0.04921875 0.05
0 0.16328125 0.25859375 0.05 0.0515625
0 0.2296875 0.19921875 0.04921875 0.05234375
0 0.275 0.36328125 0.05078125 0.0515625
0 0.6375 0.2875 0.04921875 0.05078125
0 0.96015625 0.44296875 0.05078125 0.053125
0 0.2765625 0.19140625 0.05 0.0515625
0 0.7390625 0.190625 0.05 0.04921875
1 0.14375 0.96796875 0.0484375 0.053125
1 0.3515625 0.975 0.0515625 0.05
0 0.16328125 0.15625 0.05078125 0.053125
0 0.53359375 0.19921875 0.05078125 0.05234375
0 0.334375 0.23828125 0.04921875 0.05234375
0 0.26875 0.31328125 0.05 0.05078125
0 0.07578125 0.1640625 0.04921875 0.05234375
0 0.85234375 0.19140625 0.0515625 0.05390625
0 0.63359375 0.1828125 0.05 0.05078125
1 0.09296875 0.96640625 0.05 0.05234375
1 0.24140625 0.97421875 0.0515625 0.05078125
1 0.228125 0.0390625 0.0484375 0.04921875
0 0.9515625 0.490625 0.0515625 0.053125
0 0.96015625 0.39140625 0.05078125 0.05234375
0 0.46796875 0.14609375 0.05078125 0.05234375
0 0.025 0.215625 0.04765625 0.05390625
0 0.1203125 0.1 0.05078125 0.053125
1 0.28671875 0.97890625 0.0484375 0.0421875
0 0.79609375 0.13125 0.0515625 0.0546875
0 0.17421875 0.05546875 0.05078125 0.05234375
0 0.0484375 0.05078125 0.05 0.0515625