0 0.4640625 0.35234375 0.05078125 0.046875
0 0.234375 0.3625 0.05234375 0.046875
0 0.6765625 0.30078125 0.0453125 0.04140625
0 0.11640625 0.32890625 0.05234375 0.0453125
0 0.56640625 0.3015625 0.0453125 0.0421875
0 0.23359375 0.31015625 0.0515625 0.04609375
0 0.73125 0.2578125 0.04609375 0.040625
0 0.7765625 0.253125 0.0453125 0.04140625
0 0.51484375 0.303125 0.04609375 0.04296875
0 0.33359375 0.2265625 0.046875 0.040625
0 0.87578125 0.2109375 0.04375 0.040625
0 0.1703125 0.26796875 0.05078125 0.04375
0 0.60625 0.265625 0.0453125 0.040625
0 0.38671875 0.225 0.046875 0.040625
0 0.45703125 0.2625 0.046875 0.0421875
0 0.2953125 0.13359375 0.046875 0.03828125
0 0.91796875 0.20546875 0.04296875 0.0390625
0 0.1 0.2875 0.0515625 0.04453125
0 0.11171875 0.1453125 0.04921875 0.04140625
0 0.228125 0.140625 0.04765625 0.03984375
0 0.66640625 0.2515625 0.04453125 0.040625
0 0.50078125 0.175 0.04453125 0.0390625
0 0.5046875 0.26171875 0.046875 0.04140625
0 0.6546875 0.2125 0.0453125 0.0390625
0 0.45234375 0.13125 0.04453125 0.0375
0 0.353125 0.18125 0.046875 0.03984375
0 0.896875 0.13125 0.0421875 0.03671875
0 0.74375 0.12734375 0.04296875 0.03828125
0 0.796875 0.1640625 0.04375 0.0375
0 0.76953125 0.21015625 0.04375 0.0390625
0 0.70078125 0.12421875 0.0421875 0.0375
0 0.54140625 0.05 0.04140625 0.03515625
0 0.96015625 0.16171875 0.04296875 0.03671875
0 0.984375 0.278125 0.03125 0.040625
0 0.85859375 0.1625 0.04296875 0.0375
0 0.4578125 0.2140625 0.0453125 0.040625
0 0.63828125 0.0921875 0.04140625 0.03515625
0 0.17578125 0.08828125 0.046875 0.0375
0 0.78359375 0.09140625 0.0421875 0.03515625
0 0.12578125 0.096875 0.04765625 0.0390625
0 0.4546875 0.090625 0.04375 0.03671875
0 0.7359375 0.08203125 0.0421875 0.03515625
0 0.66484375 0.06875 0.040625 0.03359375
0 0.9921875 0.31484375 0.015625 0.03515625