1 0.81640625 0.553125 0.046875 0.0625
0 0.8 0.440625 0.05390625 0.065625
1 0.19375 0.471875 0.0515625 0.06484375
1 0.76796875 0.77109375 0.053125 0.06640625
1 0.2515625 0.47890625 0.0515625 0.06171875
1 0.40234375 0.15625 0.04765625 0.059375
1 0.75703125 0.6421875 0.0546875 0.06796875
1 0.25859375 0.15625 0.04765625 0.0609375
1 0.76171875 0.70546875 0.05390625 0.06640625
1 0.253125 0.28515625 0.04921875 0.0625
1 0.23359375 0.67578125 0.0515625 0.06484375
1 0.61015625 0.38203125 0.046875 0.06171875
1 0.6046875 0.634375 0.04921875 0.06328125
1 0.2890625 0.74453125 0.053125 0.06640625
1 0.65703125 0.7859375 0.053125 0.0671875
1 0.6046875 0.56328125 0.05234375 0.0640625
1 0.25546875 0.225 0.0515625 0.06328125
1 0.4515625 0.65546875 0.05 0.06328125
1 0.50078125 0.71171875 0.0515625 0.065625
1 0.365625 0.396875 0.05078125 0.06484375
1 0.71015625 0.778125 0.05390625 0.0703125
1 0.56328125 0.784375 0.0515625 0.0640625
1 0.3515625 0.221875 0.04921875 0.0609375
1 0.5546875 0.71875 0.05 0.0640625
1 0.35703125 0.1515625 0.05078125 0.0625
1 0.3484375 0.73125 0.053125 0.06328125
1 0.3515625 0.28046875 0.05 0.0609375
1 0.61015625 0.859375 0.0515625 0.065625
1 0.1828125 0.75546875 0.05859375 0.06953125
1 0.3046875 0.3390625 0.0515625 0.06953125
1 0.4 0.6609375 0.0515625 0.0625
0 0.65859375 0.3734375 0.04453125 0.05625
0 0.4109375 0.4578125 0.046875 0.0609375
1 0.603125 0.50234375 0.05 0.0640625
0 0.50078125 0.646875 0.04921875 0.06015625
1 0.50625 0.37890625 0.0453125 0.0609375
0 0.50546875 0.4375 0.0484375 0.06171875
1 0.4140625 0.39609375 0.046875 0.0609375
0 0.45546875 0.59140625 0.0484375 0.06015625
0 0.2421875 0.5421875 0.0484375 0.059375
0 0.50546875 0.25625 0.04609375 0.0578125
0 0.403125 0.2125 0.046875 0.05625
0 0.80234375 0.3078125 0.04921875 0.0609375
0 0.80078125 0.38125 0.0484375 0.05625
1 0.2515625 0.42109375 0.04921875 0.059375
1 0.30625 0.40859375 0.0515625 0.0625
0 0.7515625 0.31640625 0.04921875 0.06015625
0 0.753125 0.515625 0.05 0.05859375
0 0.61015625 0.259375 0.046875 0.05859375
1 0.4015625 0.60078125 0.04921875 0.06015625
1 0.46171875 0.3890625 0.04765625 0.0609375
0 0.70078125 0.37421875 0.0484375 0.059375
1 0.55546875 0.38671875 0.046875 0.06015625
0 0.70234375 0.3140625 0.04765625 0.05859375
0 0.65546875 0.44921875 0.04921875 0.059375
0 0.19453125 0.55390625 0.05 0.06171875
0 0.65390625 0.32109375 0.04609375 0.05546875
1 0.28515625 0.6703125 0.04921875 0.0625
1 0.35 0.596875 0.046875 0.05859375
1 0.759375 0.571875 0.04921875 0.05859375
1 0.55625 0.31953125 0.04765625 0.059375
0 0.5578125 0.26328125 0.046875 0.0578125
0 0.70546875 0.571875 0.04765625 0.05859375
0 0.4578125 0.203125 0.046875 0.0625
0 0.6078125 0.32265625 0.04765625 0.05859375
1 0.30703125 0.153125 0.046875 0.06015625
1 0.55625 0.640625 0.04921875 0.06484375
0 0.403125 0.27109375 0.046875 0.0625
0 0.59609375 0.44609375 0.046875 0.06015625
0 0.50625 0.31796875 0.04765625 0.06015625
0 0.64609375 0.5171875 0.046875 0.05859375
0 0.65390625 0.575 0.04921875 0.0609375
0 0.453125 0.33046875 0.04609375 0.05859375
0 0.35703125 0.4765625 0.0484375 0.0609375
1 0.6609375 0.71796875 0.05234375 0.06484375
0 0.353125 0.33828125 0.0453125 0.06015625
0 0.55546875 0.509375 0.04765625 0.0609375
0 0.403125 0.340625 0.0484375 0.06015625
0 0.45390625 0.51875 0.04765625 0.0625
0 0.203125 0.6109375 0.04921875 0.0625
0 0.4484375 0.146875 0.046875 0.05625
0 0.30625 0.5359375 0.04921875 0.0609375
0 0.3125 0.471875 0.04453125 0.05859375
0 0.54921875 0.4453125 0.05 0.0609375
0 0.4546875 0.45 0.04765625 0.0609375
0 0.25078125 0.5984375 0.05078125 0.0625
0 0.50703125 0.5890625 0.04921875 0.0625
0 0.3984375 0.528125 0.04765625 0.0609375
0 0.6546875 0.6390625 0.0484375 0.059375
0 0.18515625 0.67890625 0.0484375 0.0609375
0 0.55234375 0.57109375 0.04609375 0.0609375
0 0.35390625 0.54375 0.0453125 0.053125
0 0.29921875 0.60625 0.04921875 0.06171875