1 0.4484375 0.6 0.04921875 0.046875
0 0.6015625 0.50390625 0.04921875 0.046875
0 0.70546875 0.49609375 0.04921875 0.04921875
1 0.44609375 0.64921875 0.05234375 0.05
1 0.4421875 0.44296875 0.0515625 0.05234375
1 0.5 0.59296875 0.05078125 0.05
0 0.6046875 0.33515625 0.05078125 0.046875
1 0.50078125 0.384375 0.0515625 0.0515625
1 0.2421875 0.6390625 0.0515625 0.04921875
1 0.54375 0.28359375 0.05 0.05234375
0 0.653125 0.3921875 0.05 0.0484375
0 0.54921875 0.44765625 0.05 0.05078125
0 0.25625 0.33203125 0.05078125 0.05
1 0.396875 0.6890625 0.0515625 0.05
0 0.75 0.38125 0.04921875 0.046875
0 0.65625 0.33984375 0.05 0.04765625
1 0.5984375 0.22890625 0.05234375 0.05234375
0 0.13828125 0.45 0.04921875 0.04921875
1 0.18828125 0.496875 0.05234375 0.05078125
1 0.55546875 0.34921875 0.05234375 0.05078125
0 0.5984375 0.4515625 0.04921875 0.046875
0 0.71015625 0.446875 0.05 0.0484375
0 0.14375 0.553125 0.05078125 0.04921875
0 0.70625 0.3390625 0.04921875 0.04609375
1 0.55234375 0.49921875 0.05234375 0.0484375
1 0.553125 0.6859375 0.05078125 0.05078125
0 0.759375 0.44921875 0.04921875 0.04921875
1 0.34453125 0.69375 0.0515625 0.05
0 0.20078125 0.3375 0.05078125 0.0515625
1 0.70625 0.70078125 0.05234375 0.05
0 0.54765625 0.40234375 0.04921875 0.04921875
1 0.1953125 0.596875 0.05390625 0.05
1 0.1984375 0.44765625 0.05078125 0.05078125
0 0.81015625 0.43984375 0.05 0.0484375
1 0.29609375 0.70390625 0.05234375 0.05078125
0 0.86484375 0.5546875 0.04921875 0.04921875
0 0.1875 0.70078125 0.0515625 0.04609375
0 0.19140625 0.65703125 0.0515625 0.04765625
0 0.28828125 0.2921875 0.05078125 0.05
1 0.59921875 0.2875 0.0515625 0.05078125
1 0.24375 0.6984375 0.05234375 0.0515625
0 0.91484375 0.4921875 0.05078125 0.05
1 0.71640625 0.54765625 0.05234375 0.0515625
1 0.75625 0.73125 0.05234375 0.05
0 0.140625 0.6015625 0.05234375 0.05
1 0.59140625 0.74453125 0.053125 0.05078125
1 0.459375 0.69609375 0.05234375 0.05078125
1 0.75859375 0.284375 0.05234375 0.05078125
1 0.34453125 0.48671875 0.05078125 0.05
0 0.6625 0.4375 0.05 0.04921875
1 0.65703125 0.24296875 0.0515625 0.05078125
1 0.3109375 0.3375 0.0515625 0.05078125
1 0.20078125 0.39375 0.05078125 0.05
1 0.34296875 0.2953125 0.05234375 0.053125
1 0.70625 0.29296875 0.05078125 0.05
1 0.6421875 0.7421875 0.0515625 0.05
1 0.665625 0.55625 0.0515625 0.0515625
1 0.25234375 0.4046875 0.05234375 0.0515625
1 0.3453125 0.24140625 0.0515625 0.05078125
1 0.15078125 0.34921875 0.05234375 0.0484375
0 0.0921875 0.4 0.05 0.04921875
1 0.6890625 0.6421875 0.0515625 0.0515625
1 0.25625 0.496875 0.05234375 0.05078125
1 0.75859375 0.3359375 0.053125 0.05
0 0.13828125 0.296875 0.0515625 0.0515625
1 0.49140625 0.44921875 0.0515625 0.05234375
1 0.2015625 0.54609375 0.053125 0.05
1 0.5484375 0.546875 0.05234375 0.04921875
1 0.3984375 0.746875 0.05234375 0.0515625
1 0.85703125 0.30234375 0.0515625 0.0515625
0 0.91796875 0.4453125 0.05 0.0484375
1 0.303125 0.196875 0.0515625 0.05078125
1 0.86796875 0.74375 0.0515625 0.05
1 0.65546875 0.48671875 0.05078125 0.0484375
1 0.81015625 0.3484375 0.05234375 0.05
0 0.29375 0.2421875 0.05 0.04765625
1 0.80546875 0.646875 0.0515625 0.05
0 0.1015625 0.33671875 0.05078125 0.0484375
1 0.12890625 0.5 0.0515625 0.0515625
0 0.1890625 0.29296875 0.04921875 0.046875
0 0.2453125 0.75625 0.0515625 0.04921875
1 0.859375 0.35390625 0.05234375 0.05078125
0 0.79765625 0.396875 0.04765625 0.046875
1 0.49609375 0.1453125 0.05078125 0.04765625
1 0.80625 0.5921875 0.0515625 0.05
0 0.915625 0.5484375 0.05078125 0.04921875
0 0.69921875 0.7515625 0.05 0.0453125
1 0.60625 0.55546875 0.05078125 0.05
0 0.240625 0.2890625 0.05 0.046875
1 0.7984375 0.190625 0.053125 0.05
1 0.2953125 0.753125 0.053125 0.05078125
1 0.75546875 0.4953125 0.05078125 0.04921875
0 0.3484375 0.7953125 0.0515625 0.0484375
0 0.3453125 0.7484375 0.05078125 0.04609375
1 0.1484375 0.39609375 0.0515625 0.05
1 0.815625 0.54296875 0.05234375 0.05
1 0.91328125 0.60078125 0.05234375 0.05078125
0 0.9125 0.40078125 0.05 0.04765625
1 0.39765625 0.4921875 0.05078125 0.05
0 0.25625 0.178125 0.0515625 0.046875
0 0.9625 0.60078125 0.0515625 0.05078125
0 0.65390625 0.28984375 0.04921875 0.04609375
1 0.70390625 0.59453125 0.0515625 0.0515625
1 0.39609375 0.13671875 0.05078125 0.0515625
1 0.4578125 0.74375 0.05234375 0.04921875
0 0.9265625 0.340625 0.0484375 0.046875
0 0.6 0.79296875 0.05078125 0.04609375
0 0.078125 0.45625 0.05 0.05
0 0.86171875 0.23359375 0.05078125 0.04765625
0 0.14296875 0.7453125 0.0515625 0.04765625
1 0.85625 0.39921875 0.05390625 0.05078125
1 0.753125 0.58671875 0.04921875 0.04921875
0 0.296875 0.803125 0.05078125 0.04765625
1 0.3421875 0.3921875 0.05234375 0.0515625
0 0.07890625 0.503125 0.0515625 0.0484375
0 0.19140625 0.1859375 0.05 0.0453125
0 0.6984375 0.79765625 0.04921875 0.04609375
0 0.14609375 0.7921875 0.0515625 0.04921875
1 0.86328125 0.6015625 0.05234375 0.04921875
0 0.13671875 0.1859375 0.0515625 0.04765625
1 0.74609375 0.1484375 0.05234375 0.0546875
1 0.80546875 0.6953125 0.05234375 0.0484375
1 0.134375 0.134375 0.0515625 0.0515625
1 0.44609375 0.14296875 0.05078125 0.04921875
1 0.18359375 0.140625 0.05078125 0.05078125
0 0.24375 0.80390625 0.05 0.04921875
1 0.8 0.14453125 0.05234375 0.04921875
1 0.65078125 0.7921875 0.05234375 0.05078125
1 0.75078125 0.796875 0.05234375 0.05078125
1 0.50078125 0.790625 0.0515625 0.05
1 0.60859375 0.13828125 0.0515625 0.05078125
1 0.85703125 0.790625 0.0515625 0.0484375
0 0.14140625 0.25 0.05078125 0.04921875
0 0.45078125 0.790625 0.0484375 0.046875
1 0.81015625 0.23984375 0.053125 0.0515625
1 0.7484375 0.090625 0.053125 0.0515625
1 0.80703125 0.79921875 0.0515625 0.04921875
1 0.29609375 0.13359375 0.05234375 0.05078125
1 0.9140625 0.65703125 0.053125 0.05234375
0 0.69375 0.846875 0.04921875 0.046875
0 0.8015625 0.84921875 0.04921875 0.0484375
1 0.86484375 0.4984375 0.05234375 0.04921875
1 0.5515625 0.7953125 0.0515625 0.04921875
0 0.86171875 0.1875 0.04921875 0.04609375
0 0.3484375 0.846875 0.05078125 0.0484375
0 0.59453125 0.840625 0.05078125 0.04765625
0 0.5484375 0.85859375 0.04921875 0.046875
1 0.4984375 0.1953125 0.0515625 0.04921875
0 0.590625 0.88828125 0.04921875 0.0484375
0 0.80390625 0.90078125 0.05 0.04921875
0 0.0875 0.18046875 0.0515625 0.0484375
0 0.8578125 0.89765625 0.05 0.0484375
0 0.25859375 0.8484375 0.05078125 0.05078125
1 0.6046875 0.08828125 0.05 0.046875
0 0.96328125 0.55625 0.05234375 0.05
1 0.4015625 0.7953125 0.05234375 0.05
1 0.1953125 0.07890625 0.053125 0.0515625
0 0.70234375 0.89375 0.04921875 0.0484375
0 0.753125 0.85078125 0.04921875 0.0453125
0 0.45078125 0.840625 0.0484375 0.046875
0 0.084375 0.128125 0.05078125 0.04921875
1 0.10078125 0.08203125 0.05234375 0.05234375
0 0.8640625 0.13828125 0.05 0.046875
1 0.55 0.0890625 0.05 0.05
0 0.396875 0.8421875 0.04921875 0.046875
0 0.653125 0.9015625 0.04921875 0.046875
1 0.6453125 0.85078125 0.053125 0.04921875
0 0.50078125 0.840625 0.04765625 0.0453125
0 0.30703125 0.9 0.05 0.04921875
0 0.20703125 0.8515625 0.05 0.04765625
0 0.8 0.09765625 0.0484375 0.04609375
1 0.24765625 0.07578125 0.05078125 0.05
0 0.4484375 0.90078125 0.05 0.04765625
0 0.075 0.80625 0.0515625 0.0484375
0 0.2421875 0.134375 0.0484375 0.0453125
1 0.8140625 0.4921875 0.053125 0.05
1 0.90546875 0.90390625 0.053125 0.05
1 0.86640625 0.4515625 0.053125 0.04921875
1 0.853125 0.83671875 0.0515625 0.046875
0 0.97265625 0.48984375 0.0484375 0.04609375
0 0.92109375 0.2890625 0.0484375 0.0453125
0 0.08125 0.85234375 0.0515625 0.04921875
0 0.8546875 0.09609375 0.04921875 0.04765625
1 0.965625 0.65078125 0.05078125 0.05
1 0.80703125 0.05 0.0515625 0.05
0 0.04609375 0.08203125 0.05078125 0.05
0 0.028125 0.1265625 0.0484375 0.04921875
1 0.75390625 0.0375 0.053125 0.05
1 0.08828125 0.0328125 0.05234375 0.05
0 0.79453125 0.95 0.05 0.05
0 0.2921875 0.95 0.0484375 0.04921875
0 0.55234375 0.93828125 0.0484375 0.04765625
1 0.14375 0.02421875 0.05234375 0.04609375
0 0.3515625 0.95078125 0.046875 0.04609375
0 0.0375 0.03515625 0.04921875 0.046875
0 0.23828125 0.9625 0.0484375 0.0453125
0 0.86328125 0.03203125 0.0484375 0.04453125
1 0.853125 0.96015625 0.0515625 0.05
1 0.9125 0.959375 0.05234375 0.04921875
0 0.0828125 0.96171875 0.0515625 0.04921875