0 0.4984375 0.509375 0.053125 0.05234375
1 0.2359375 0.24453125 0.0546875 0.05234375
1 0.1828125 0.2421875 0.0515625 0.05
1 0.23671875 0.196875 0.05390625 0.05
1 0.29453125 0.1953125 0.0546875 0.05
1 0.34921875 0.246875 0.053125 0.05
1 0.33515625 0.29609375 0.05078125 0.0515625
1 0.55625 0.40546875 0.053125 0.05078125
1 0.39921875 0.2453125 0.05234375 0.04921875
0 0.603125 0.5046875 0.05234375 0.04609375
0 0.6578125 0.5578125 0.053125 0.0484375
1 0.29453125 0.13984375 0.05390625 0.04921875
1 0.50078125 0.1953125 0.05234375 0.05
1 0.553125 0.1421875 0.0546875 0.05078125
1 0.7203125 0.15078125 0.05390625 0.05078125
1 0.71953125 0.40078125 0.05625 0.0515625
1 0.8234375 0.30546875 0.05390625 0.05078125
1 0.60703125 0.39921875 0.05390625 0.05078125
1 0.13125 0.24140625 0.053125 0.05078125
1 0.24140625 0.0984375 0.05234375 0.05078125
1 0.446875 0.1921875 0.05234375 0.04921875
0 0.50078125 0.40390625 0.05390625 0.05
1 0.6609375 0.40546875 0.0546875 0.05
0 0.76640625 0.6078125 0.05390625 0.046875
0 0.81953125 0.56796875 0.053125 0.04921875
1 0.76796875 0.45 0.05390625 0.04921875
1 0.82109375 0.24765625 0.053125 0.0515625
0 0.66171875 0.4546875 0.053125 0.0484375
1 0.76328125 0.50859375 0.05625 0.0515625
1 0.821875 0.51484375 0.05390625 0.05078125
0 0.55 0.50234375 0.05234375 0.0484375
0 0.71171875 0.55625 0.05390625 0.0484375
1 0.715625 0.45703125 0.05390625 0.05
1 0.81953125 0.196875 0.053125 0.0515625
1 0.4 0.6578125 0.053125 0.0515625
1 0.76953125 0.346875 0.0546875 0.05
0 0.50859375 0.6125 0.05234375 0.0484375
0 0.5015625 0.71015625 0.0515625 0.046875
1 0.7703125 0.29765625 0.05390625 0.05078125
1 0.3484375 0.6109375 0.053125 0.05
0 0.60859375 0.65859375 0.05234375 0.0484375
1 0.7203125 0.103125 0.053125 0.04921875
1 0.66015625 0.5109375 0.05390625 0.05
1 0.76875 0.25078125 0.05625 0.0515625
1 0.821875 0.14765625 0.05390625 0.04921875
1 0.60546875 0.3515625 0.05234375 0.05
0 0.659375 0.70703125 0.053125 0.0484375
0 0.44609375 0.3453125 0.05390625 0.0484375
1 0.71015625 0.50859375 0.05234375 0.05078125
0 0.1859375 0.5578125 0.0546875 0.04921875
0 0.29765625 0.3453125 0.053125 0.05
1 0.55390625 0.09140625 0.053125 0.05
0 0.6109375 0.30234375 0.05390625 0.04921875
0 0.87578125 0.50234375 0.0546875 0.04921875
1 0.240625 0.75546875 0.0546875 0.05078125
1 0.765625 0.559375 0.05390625 0.0484375
1 0.4 0.60625 0.05546875 0.05078125
0 0.1328125 0.5578125 0.0546875 0.04921875
0 0.55859375 0.45546875 0.053125 0.04921875
0 0.77265625 0.7140625 0.053125 0.0484375
1 0.8734375 0.14140625 0.05390625 0.05
0 0.6578125 0.3515625 0.0546875 0.04921875
0 0.2359375 0.50703125 0.05390625 0.05
0 0.77265625 0.396875 0.05625 0.05
0 0.55390625 0.19765625 0.053125 0.04921875
0 0.3875 0.29453125 0.05234375 0.05
0 0.82421875 0.71328125 0.053125 0.05
0 0.82109375 0.45390625 0.05546875 0.05
0 0.6078125 0.7671875 0.05234375 0.04765625
1 0.296875 0.0921875 0.0546875 0.04921875
0 0.50390625 0.24453125 0.0546875 0.05
0 0.8765625 0.303125 0.0546875 0.04921875
0 0.23671875 0.6578125 0.05234375 0.05
1 0.2921875 0.7109375 0.05390625 0.05078125
1 0.396875 0.71171875 0.05390625 0.0515625
0 0.7125 0.65703125 0.05390625 0.04765625
1 0.34453125 0.709375 0.05390625 0.05
0 0.3578125 0.35546875 0.05234375 0.0484375
1 0.77109375 0.14921875 0.0515625 0.0484375
0 0.078125 0.60234375 0.05546875 0.05
1 0.07734375 0.8109375 0.05390625 0.0515625
0 0.28984375 0.6609375 0.0546875 0.05
0 0.2890625 0.60703125 0.0546875 0.05078125
0 0.49765625 0.353125 0.053125 0.05
0 0.446875 0.75625 0.05390625 0.0484375
0 0.8265625 0.40234375 0.05546875 0.05078125
0 0.6109375 0.240625 0.05390625 0.05
0 0.290625 0.5515625 0.053125 0.04921875
0 0.128125 0.70625 0.05546875 0.05078125
0 0.1265625 0.2953125 0.053125 0.05078125
0 0.55390625 0.35546875 0.053125 0.04921875
1 0.3453125 0.75625 0.05390625 0.05
0 0.4546875 0.61015625 0.05390625 0.05
1 0.71796875 0.3515625 0.0546875 0.05078125
0 0.559375 0.81640625 0.0546875 0.04921875
0 0.084375 0.34296875 0.05390625 0.05
1 0.23984375 0.70625 0.0546875 0.05
0 0.6109375 0.815625 0.0546875 0.04921875
0 0.43984375 0.29609375 0.053125 0.05
0 0.609375 0.4484375 0.05390625 0.05
0 0.284375 0.29375 0.05546875 0.05078125
0 0.7171875 0.30078125 0.0546875 0.0515625
0 0.23125 0.29375 0.053125 0.05
1 0.9265625 0.14609375 0.05390625 0.05078125
0 0.44921875 0.240625 0.053125 0.05078125
1 0.715625 0.75703125 0.05546875 0.05
0 0.17890625 0.2890625 0.053125 0.05
0 0.6625 0.2953125 0.0546875 0.05234375
1 0.39609375 0.765625 0.0546875 0.05
0 0.45078125 0.7078125 0.0546875 0.05
0 0.66484375 0.24453125 0.053125 0.04921875
0 0.34765625 0.659375 0.05390625 0.05078125
0 0.87890625 0.6078125 0.05390625 0.04765625
0 0.50703125 0.8109375 0.05390625 0.04921875
1 0.39921875 0.81328125 0.05546875 0.05234375
0 0.9296875 0.303125 0.053125 0.05
1 0.02734375 0.75703125 0.053125 0.05
1 0.71953125 0.7078125 0.0546875 0.05
0 0.871875 0.7625 0.053125 0.05
1 0.19140625 0.03984375 0.05390625 0.05
0 0.821875 0.353125 0.0546875 0.04921875
0 0.0796875 0.7625 0.05546875 0.0515625
1 0.97421875 0.19609375 0.0515625 0.0515625
0 0.1828125 0.70859375 0.05625 0.05234375
0 0.18046875 0.7609375 0.05625 0.05078125
1 0.66328125 0.80390625 0.05390625 0.05078125
0 0.45 0.55625 0.05390625 0.04921875
0 0.17734375 0.44921875 0.053125 0.05078125
0 0.39765625 0.5546875 0.053125 0.04921875
1 0.821875 0.8140625 0.053125 0.04921875
1 0.659375 0.75625 0.053125 0.04921875
1 0.7703125 0.7640625 0.05546875 0.04765625
0 0.0765625 0.55390625 0.0546875 0.05078125
0 0.1296875 0.81484375 0.0546875 0.05
0 0.0734375 0.29609375 0.053125 0.0515625
0 0.8734375 0.2515625 0.0546875 0.0515625
1 0.18515625 0.8625 0.05390625 0.0515625
0 0.875 0.453125 0.053125 0.04921875
1 0.134375 0.86171875 0.05546875 0.0515625
1 0.81796875 0.0921875 0.05390625 0.05
0 0.715625 0.24921875 0.0546875 0.05078125
0 0.12578125 0.19453125 0.05390625 0.0515625
0 0.6625 0.146875 0.0546875 0.05078125
0 0.34375 0.55390625 0.05625 0.0515625
1 0.4546875 0.80546875 0.0546875 0.05078125
1 0.9265625 0.8125 0.053125 0.05
0 0.8734375 0.81328125 0.053125 0.04921875
1 0.60546875 0.040625 0.05390625 0.04921875
0 0.61171875 0.190625 0.0546875 0.05078125
0 0.34609375 0.8109375 0.0546875 0.05
1 0.8203125 0.76640625 0.05234375 0.0484375
0 0.66015625 0.6578125 0.05390625 0.05
0 0.7125 0.2 0.053125 0.04921875
0 0.76875 0.20078125 0.05390625 0.04921875
1 0.5015625 0.9203125 0.0546875 0.0515625
0 0.23671875 0.81328125 0.05546875 0.0515625
0 0.18203125 0.81171875 0.05703125 0.05078125
0 0.2375 0.86328125 0.05390625 0.05078125
0 0.29296875 0.7609375 0.05546875 0.05234375
1 0.07890625 0.8609375 0.05546875 0.0515625
0 0.87265625 0.2 0.053125 0.05078125
1 0.28984375 0.9203125 0.05546875 0.05078125
1 0.5515625 0.04296875 0.0515625 0.0484375
1 0.396875 0.86328125 0.05546875 0.0515625
0 0.23046875 0.45078125 0.05625 0.05078125
1 0.02578125 0.8046875 0.05078125 0.05
0 0.03203125 0.70859375 0.053125 0.05
1 0.396875 0.9125 0.05546875 0.0515625
1 0.23828125 0.91484375 0.0546875 0.05
1 0.446875 0.86015625 0.05390625 0.05
0 0.29375 0.81171875 0.05546875 0.0515625
1 0.24453125 0.03515625 0.05390625 0.05
0 0.28984375 0.86953125 0.05546875 0.0515625
1 0.6609375 0.86015625 0.05546875 0.05078125
1 0.5 0.865625 0.0546875 0.05078125
0 0.2953125 0.24453125 0.05625 0.0515625
1 0.97578125 0.14921875 0.0484375 0.04921875
1 0.18671875 0.9125 0.053125 0.04921875
0 0.078125 0.246875 0.053125 0.0515625
0 0.92578125 0.765625 0.05390625 0.05078125
1 0.71796875 0.04375 0.05390625 0.0484375
0 0.178125 0.19375 0.05546875 0.05234375
0 0.61015625 0.14140625 0.05546875 0.05078125
0 0.9234375 0.1984375 0.053125 0.05
0 0.23046875 0.146875 0.05546875 0.0515625
0 0.3421875 0.86640625 0.05546875 0.0515625
1 0.81953125 0.8640625 0.05546875 0.05078125
0 0.0828125 0.1390625 0.05390625 0.05078125
0 0.34296875 0.91640625 0.05703125 0.0515625
1 0.87578125 0.86328125 0.05546875 0.0515625
0 0.60703125 0.09140625 0.0546875 0.05
0 0.44921875 0.9171875 0.05546875 0.0515625
1 0.55546875 0.865625 0.0546875 0.05078125
0 0.97578125 0.8171875 0.0484375 0.0484375
0 0.6578125 0.09765625 0.0546875 0.05
0 0.178125 0.14375 0.05234375 0.05078125
1 0.44765625 0.09375 0.053125 0.0484375
0 0.97578125 0.2484375 0.0484375 0.0515625
1 0.6078125 0.865625 0.053125 0.04921875
1 0.92578125 0.8640625 0.05234375 0.0515625
0 0.02734375 0.45 0.053125 0.05
0 0.13671875 0.0890625 0.0546875 0.0515625
0 0.97578125 0.76875 0.0484375 0.05078125
0 0.18828125 0.09296875 0.0546875 0.0515625
0 0.346875 0.96484375 0.05625 0.05
1 0.975 0.86640625 0.0484375 0.05078125
0 0.4 0.9640625 0.0546875 0.04921875
0 0.45234375 0.9640625 0.0546875 0.04921875
0 0.66015625 0.0484375 0.053125 0.04921875
1 0.29453125 0.9734375 0.05546875 0.05078125
1 0.5046875 0.971875 0.0546875 0.04921875
0 0.13671875 0.03984375 0.05546875 0.0515625
0 0.453125 0.65859375 0.04921875 0.0484375