1 0.48984375 0.646875 0.0515625 0.0484375
0 0.146875 0.26328125 0.05546875 0.05078125
1 0.603125 0.6515625 0.0515625 0.05
1 0.3890625 0.6421875 0.053125 0.05
1 0.44296875 0.5984375 0.05234375 0.05
1 0.54140625 0.6015625 0.0515625 0.04921875
1 0.65546875 0.60859375 0.0515625 0.05078125
0 0.2484375 0.36015625 0.05390625 0.05234375
0 0.0953125 0.26484375 0.0546875 0.05390625
1 0.70234375 0.64765625 0.05078125 0.04921875
0 0.19765625 0.35546875 0.05390625 0.05234375
0 0.29453125 0.2640625 0.053125 0.0515625
0 0.08671875 0.2140625 0.0546875 0.05390625
1 0.34453125 0.56171875 0.05234375 0.05
0 0.1921875 0.40625 0.0546875 0.053125
0 0.4484375 0.2640625 0.05234375 0.0515625
1 0.29453125 0.6578125 0.0546875 0.05234375
0 0.9234375 0.16328125 0.053125 0.05
1 0.6953125 0.74296875 0.0515625 0.05
0 0.23828125 0.26015625 0.053125 0.0515625
0 0.3984375 0.25703125 0.05 0.05
0 0.30078125 0.4140625 0.05390625 0.05078125
0 0.39765625 0.3625 0.05234375 0.0515625
0 0.75625 0.259375 0.053125 0.05078125
0 0.34609375 0.36875 0.05234375 0.0515625
0 0.1875 0.21484375 0.0546875 0.05234375
0 0.0421875 0.2578125 0.053125 0.053125
1 0.4953125 0.7484375 0.05234375 0.05078125
0 0.559375 0.40234375 0.0515625 0.04921875
0 0.5515625 0.259375 0.0515625 0.0515625
0 0.3578125 0.11171875 0.05390625 0.0515625
0 0.3515625 0.22109375 0.053125 0.0515625
0 0.35390625 0.415625 0.053125 0.0515625
0 0.91953125 0.21328125 0.053125 0.053125
0 0.6984375 0.309375 0.0515625 0.05078125
1 0.79765625 0.6578125 0.05078125 0.05078125
0 0.15078125 0.16484375 0.053125 0.05234375
0 0.0875 0.36484375 0.05390625 0.0515625
0 0.50625 0.35625 0.05078125 0.05
1 0.7046875 0.59765625 0.0515625 0.05078125
1 0.44453125 0.5484375 0.053125 0.05078125
1 0.8484375 0.54921875 0.05234375 0.05078125
0 0.7015625 0.1140625 0.053125 0.05234375
1 0.390625 0.51015625 0.053125 0.05
1 0.28984375 0.55859375 0.053125 0.0515625
0 0.8078125 0.25234375 0.053125 0.0515625
0 0.19140625 0.4546875 0.0546875 0.04609375
1 0.75234375 0.5578125 0.05234375 0.05078125
1 0.2828125 0.70234375 0.0546875 0.05078125
0 0.95234375 0.36328125 0.053125 0.05234375
1 0.5984375 0.74296875 0.05234375 0.0515625
0 0.09609375 0.11015625 0.0546875 0.05234375
1 0.59375 0.55 0.05078125 0.04921875
0 0.1984375 0.103125 0.053125 0.05234375
0 0.7484375 0.3625 0.0515625 0.05078125
1 0.546875 0.696875 0.05078125 0.04921875
0 0.61015625 0.215625 0.0515625 0.053125
0 0.3625 0.16328125 0.05390625 0.05390625
1 0.49453125 0.5484375 0.0515625 0.04921875
1 0.646875 0.559375 0.05078125 0.05
1 0.5453125 0.790625 0.0515625 0.05078125
0 0.6984375 0.3578125 0.053125 0.05234375
0 0.7625 0.1453125 0.05234375 0.05234375
1 0.54375 0.55390625 0.0515625 0.05
1 0.85078125 0.60078125 0.0515625 0.05234375
0 0.1890625 0.5515625 0.05546875 0.05078125
1 0.28359375 0.6125 0.053125 0.0515625
0 0.23359375 0.165625 0.053125 0.0515625
0 0.23984375 0.5515625 0.05625 0.05234375
0 0.6375 0.3265625 0.0515625 0.04921875
1 0.753125 0.60234375 0.0515625 0.05078125
1 0.334375 0.3078125 0.0515625 0.05078125
0 0.59453125 0.11484375 0.05078125 0.05078125
1 0.0828125 0.5546875 0.0546875 0.05390625
1 0.7515625 0.4140625 0.0515625 0.05078125
1 0.8046875 0.51328125 0.05 0.05
1 0.80234375 0.61015625 0.0515625 0.0515625
0 0.43671875 0.3203125 0.0515625 0.04921875
1 0.18125 0.746875 0.053125 0.05078125
0 0.23671875 0.5984375 0.0546875 0.05078125
0 0.04375 0.3078125 0.05390625 0.0546875
0 0.871875 0.1515625 0.05234375 0.05234375
0 0.27890625 0.3109375 0.053125 0.0515625
1 0.2328125 0.69609375 0.053125 0.05078125
0 0.15078125 0.31171875 0.0546875 0.053125
1 0.44375 0.7453125 0.05234375 0.05078125
1 0.75625 0.50390625 0.05234375 0.05
1 0.34140625 0.5109375 0.053125 0.05078125
1 0.74609375 0.7953125 0.05234375 0.05078125
0 0.56015625 0.4515625 0.0515625 0.0515625
1 0.0875 0.60078125 0.05390625 0.05234375
1 0.7015625 0.69609375 0.05078125 0.04921875
1 0.13671875 0.54609375 0.05390625 0.05234375
1 0.54140625 0.50546875 0.05078125 0.0484375
1 0.1390625 0.4984375 0.0546875 0.053125
1 0.3859375 0.31015625 0.0515625 0.0515625
1 0.34375 0.46328125 0.0515625 0.05
1 0.85625 0.45625 0.05234375 0.0515625
0 0.9578125 0.459375 0.053125 0.053125
1 0.65 0.6984375 0.05078125 0.04921875
0 0.50625 0.4546875 0.053125 0.05234375
0 0.96640625 0.12578125 0.053125 0.05234375
1 0.8015625 0.3953125 0.0515625 0.0515625
0 0.546875 0.31015625 0.0515625 0.05078125
1 0.39375 0.7484375 0.05234375 0.05078125
1 0.846875 0.3578125 0.0515625 0.05078125
0 0.590625 0.49921875 0.05078125 0.05
1 0.03125 0.5578125 0.053125 0.053125
0 0.4546875 0.45625 0.053125 0.053125
1 0.64375 0.79765625 0.05078125 0.05
0 0.2328125 0.646875 0.05390625 0.05
1 0.0359375 0.5109375 0.053125 0.053125
1 0.1828125 0.69921875 0.053125 0.0515625
0 0.12890625 0.6484375 0.05390625 0.0515625
1 0.903125 0.5046875 0.0515625 0.0515625
0 0.13828125 0.59296875 0.053125 0.05078125
1 0.2421875 0.45625 0.05390625 0.05078125
1 0.18984375 0.5015625 0.0515625 0.05078125
1 0.24296875 0.503125 0.05390625 0.05078125
1 0.75625 0.6921875 0.05078125 0.0484375
0 0.40234375 0.46328125 0.05234375 0.0515625
0 0.18046875 0.65078125 0.05390625 0.05078125
0 0.809375 0.10546875 0.05234375 0.05078125
1 0.390625 0.840625 0.05234375 0.05234375
1 0.13828125 0.44921875 0.0546875 0.05234375
1 0.2796875 0.79765625 0.0546875 0.0515625
1 0.5953125 0.78984375 0.05234375 0.05078125
1 0.3375 0.7953125 0.05234375 0.0515625
1 0.48984375 0.84140625 0.05234375 0.05078125
0 0.6109375 0.36953125 0.05078125 0.04921875
0 0.078125 0.64765625 0.05390625 0.05078125
1 0.8 0.7515625 0.0515625 0.05078125
0 0.96171875 0.271875 0.05390625 0.05234375
1 0.38984375 0.7 0.05234375 0.05078125
0 0.49140625 0.5015625 0.0515625 0.05078125
1 0.08671875 0.415625 0.05390625 0.053125
1 0.69140625 0.8421875 0.05 0.05
0 0.71015625 0.4546875 0.05234375 0.05
1 0.43984375 0.840625 0.0515625 0.05078125
1 0.340625 0.84453125 0.0515625 0.05078125
0 0.89765625 0.5515625 0.053125 0.05078125
1 0.39453125 0.79609375 0.053125 0.0515625
1 0.446875 0.7 0.05234375 0.05078125
0 0.03203125 0.6046875 0.0546875 0.05234375
0 0.0453125 0.1078125 0.05390625 0.0546875
1 0.75390625 0.3078125 0.05234375 0.05078125
1 0.33359375 0.7015625 0.0515625 0.05
1 0.034375 0.41171875 0.053125 0.053125
1 0.0375 0.4625 0.05390625 0.053125
1 0.29453125 0.21484375 0.053125 0.05078125
1 0.8 0.346875 0.0515625 0.05
1 0.28515625 0.7515625 0.0546875 0.0515625
1 0.8515625 0.7921875 0.05078125 0.05
1 0.79921875 0.79765625 0.0515625 0.04921875
1 0.53984375 0.83828125 0.0515625 0.05078125
0 0.9734375 0.17265625 0.053125 0.05546875
1 0.41640625 0.16328125 0.05234375 0.05078125
0 0.64140625 0.50625 0.0515625 0.04921875
0 0.90078125 0.65859375 0.0546875 0.05390625
0 0.1328125 0.69609375 0.0546875 0.053125
1 0.89765625 0.84765625 0.053125 0.04921875
0 0.9 0.61015625 0.05234375 0.0515625
1 0.43984375 0.503125 0.0515625 0.05078125
0 0.95390625 0.50625 0.0515625 0.0515625
0 0.028125 0.653125 0.05234375 0.0515625
0 0.49765625 0.0625 0.05234375 0.05234375
1 0.80234375 0.3 0.05234375 0.0515625
1 0.640625 0.84375 0.05234375 0.05078125
0 0.94609375 0.08046875 0.053125 0.05234375
0 0.90546875 0.70546875 0.05390625 0.0515625
0 0.803125 0.70390625 0.053125 0.05
0 0.353125 0.059375 0.05234375 0.0515625
0 0.2328125 0.74609375 0.05390625 0.05
1 0.7671875 0.45625 0.053125 0.05078125
0 0.6484375 0.0640625 0.05234375 0.0515625
1 0.0890625 0.4625 0.053125 0.05234375
1 0.45703125 0.1015625 0.05078125 0.0515625
1 0.02890625 0.3625 0.053125 0.05234375
0 0.95 0.6625 0.05234375 0.05078125
0 0.08359375 0.709375 0.053125 0.05078125
0 0.13203125 0.7421875 0.0546875 0.0515625
0 0.696875 0.5125 0.0515625 0.05
0 0.28984375 0.84453125 0.05390625 0.05078125
0 0.175 0.7953125 0.05546875 0.05234375
0 0.9015625 0.79765625 0.05234375 0.0515625
0 0.590625 0.840625 0.05234375 0.05234375
0 0.8484375 0.74140625 0.05234375 0.05078125
1 0.409375 0.1140625 0.05234375 0.0515625
0 0.0328125 0.7 0.053125 0.05234375
0 0.84296875 0.84375 0.0515625 0.05078125
0 0.79375 0.8453125 0.053125 0.05078125
0 0.14765625 0.06328125 0.05390625 0.0515625
1 0.046875 0.1609375 0.05234375 0.053125
0 0.1328125 0.8484375 0.05625 0.05234375
1 0.09765625 0.15859375 0.0515625 0.0515625
0 0.89921875 0.0640625 0.0515625 0.05234375
0 0.22890625 0.7953125 0.05625 0.05234375
0 0.69609375 0.8890625 0.05234375 0.05078125
0 0.54375 0.8875 0.053125 0.0515625
0 0.2875 0.8921875 0.0546875 0.05234375
0 0.59296875 0.89140625 0.053125 0.0515625
0 0.7859375 0.89140625 0.0546875 0.0515625
1 0.24921875 0.1171875 0.05234375 0.0515625
0 0.64453125 0.890625 0.0515625 0.05
0 0.08359375 0.8 0.05390625 0.05078125
1 0.29140625 0.46171875 0.05546875 0.05078125
0 0.33828125 0.89140625 0.05390625 0.0515625
0 0.4921875 0.88828125 0.053125 0.05
0 0.440625 0.8890625 0.05234375 0.05
0 0.38984375 0.890625 0.053125 0.04921875
0 0.953125 0.76171875 0.053125 0.0515625
1 0.4078125 0.06328125 0.05234375 0.05
0 0.03359375 0.8453125 0.05390625 0.0515625
0 0.2328125 0.896875 0.05625 0.05078125
0 0.13046875 0.89453125 0.05703125 0.053125
1 0.70546875 0.0640625 0.05078125 0.04921875
0 0.17890625 0.903125 0.05546875 0.05234375
0 0.90078125 0.8953125 0.05234375 0.0515625
0 0.078125 0.8953125 0.053125 0.0515625
0 0.02734375 0.89453125 0.05234375 0.0515625
0 0.6890625 0.93671875 0.05078125 0.05
0 0.3390625 0.9421875 0.05390625 0.0515625
0 0.5984375 0.93828125 0.05078125 0.0484375
0 0.778125 0.94375 0.053125 0.05
0 0.540625 0.9359375 0.05078125 0.04921875
0 0.18203125 0.95 0.05390625 0.05078125
0 0.74296875 0.84375 0.05 0.05
0 0.84765625 0.6484375 0.05078125 0.04609375
0 0.85390625 0.69453125 0.05078125 0.04765625
0 0.40546875 0.4125 0.04921875 0.04765625
0 0.45625 0.40703125 0.05 0.0484375
0 0.5078125 0.4046875 0.04921875 0.0484375
0 0.9078125 0.45625 0.04921875 0.04765625
0 0.95546875 0.4109375 0.05078125 0.04609375
0 0.8515625 0.40625 0.05078125 0.04765625
0 0.9046875 0.40859375 0.05390625 0.05
0 0.8984375 0.36015625 0.05234375 0.04921875
0 0.85234375 0.31015625 0.04921875 0.05078125
0 0.903125 0.31171875 0.0515625 0.05
0 0.91171875 0.2625 0.05234375 0.04609375
0 0.7 0.25390625 0.05 0.0515625
0 0.659375 0.22578125 0.04921875 0.05
0 0.553125 0.2109375 0.0515625 0.05
0 0.5015625 0.2078125 0.05390625 0.05078125
0 0.44921875 0.215625 0.05078125 0.05
0 0.51015625 0.16171875 0.05 0.04921875
0 0.50859375 0.11328125 0.05078125 0.05234375
0 0.56015625 0.15390625 0.0484375 0.05078125
0 0.6109375 0.1671875 0.05078125 0.04921875
0 0.6625 0.16796875 0.05 0.05234375
0 0.7140625 0.16796875 0.0515625 0.05234375
1 0.8546875 0.50078125 0.04765625 0.04453125
0 0.140625 0.39765625 0.04921875 0.05078125
0 0.24765625 0.409375 0.053125 0.05