0 0.928125 0.346875 0.0515625 0.05546875
1 0.784375 0.3 0.05 0.05390625
1 0.86328125 0.35234375 0.05 0.05546875
0 0.88203125 0.40625 0.04921875 0.05234375
0 0.88359375 0.47265625 0.05 0.053125
0 0.81328125 0.35 0.05 0.05234375
1 0.7140625 0.365625 0.0515625 0.05625
1 0.42265625 0.2453125 0.0515625 0.05703125
1 0.10859375 0.3609375 0.053125 0.059375
1 0.47578125 0.24375 0.05234375 0.05859375
1 0.52109375 0.29921875 0.05234375 0.05625
1 0.9296875 0.4015625 0.0515625 0.05546875
1 0.09609375 0.41640625 0.053125 0.05703125
0 0.37109375 0.2453125 0.05078125 0.053125
1 0.4703125 0.16640625 0.05234375 0.05625
1 0.24921875 0.309375 0.05078125 0.0546875
0 0.8078125 0.76484375 0.0484375 0.0515625
0 0.76484375 0.56875 0.05078125 0.05234375
0 0.76328125 0.35 0.04921875 0.05390625
1 0.35234375 0.31015625 0.0546875 0.0578125
0 0.30546875 0.253125 0.0515625 0.0546875
1 0.6671875 0.41328125 0.0515625 0.05625
0 0.15859375 0.353125 0.0515625 0.0546875
0 0.765625 0.4046875 0.05078125 0.05234375
0 0.20546875 0.20078125 0.05078125 0.0546875
0 0.83046875 0.509375 0.0484375 0.05234375
0 0.5140625 0.353125 0.05078125 0.053125
1 0.459375 0.359375 0.04921875 0.05390625
0 0.096875 0.63125 0.0515625 0.0546875
0 0.715625 0.41796875 0.0515625 0.05390625
1 0.615625 0.5140625 0.0515625 0.05546875
0 0.2984375 0.30859375 0.05234375 0.0546875
0 0.09296875 0.4703125 0.05234375 0.0546875
1 0.1953125 0.30859375 0.05234375 0.05546875
1 0.55546875 0.52421875 0.05078125 0.05625
1 0.56953125 0.4125 0.05 0.0546875
0 0.1484375 0.40546875 0.0515625 0.05390625
0 0.70234375 0.471875 0.05078125 0.0546875
1 0.653125 0.465625 0.0515625 0.05546875
0 0.75625 0.61953125 0.05078125 0.0515625
0 0.209375 0.359375 0.05078125 0.05234375
0 0.71484375 0.521875 0.05 0.053125
1 0.878125 0.5234375 0.05 0.053125
1 0.61015625 0.56484375 0.05078125 0.05234375
0 0.12890625 0.571875 0.0515625 0.05390625
1 0.459375 0.5203125 0.05 0.0546875
0 0.13671875 0.68046875 0.05078125 0.053125
1 0.50859375 0.4625 0.053125 0.05625
1 0.26015625 0.3609375 0.053125 0.05625
0 0.66015625 0.5671875 0.05 0.05234375
1 0.359375 0.3640625 0.05078125 0.0546875
0 0.14375 0.52109375 0.0515625 0.05625
0 0.51875 0.4109375 0.05078125 0.053125
1 0.36484375 0.4125 0.053125 0.05546875
0 0.4625 0.4125 0.0515625 0.05390625
1 0.3109375 0.3640625 0.0515625 0.05546875
1 0.59921875 0.62421875 0.0515625 0.05546875
0 0.6453125 0.63984375 0.05 0.053125
0 0.66484375 0.51484375 0.05 0.05234375
1 0.553125 0.61328125 0.0515625 0.05546875
0 0.80390625 0.8375 0.05 0.0515625
0 0.31015625 0.41796875 0.0515625 0.05234375
1 0.5046875 0.5671875 0.053125 0.05390625
1 0.41328125 0.40859375 0.05078125 0.05390625
0 0.7625 0.6703125 0.05078125 0.05078125
0 0.35234375 0.575 0.0515625 0.05390625
0 0.25390625 0.415625 0.05234375 0.0546875
0 0.25625 0.46796875 0.05234375 0.0546875
1 0.340625 0.8859375 0.0515625 0.0546875
0 0.6453125 0.78359375 0.04765625 0.05
1 0.13984375 0.78046875 0.05234375 0.0546875
0 0.64140625 0.69375 0.04921875 0.05234375
0 0.3546875 0.4671875 0.0515625 0.0546875
0 0.746875 0.8390625 0.04765625 0.05
0 0.1921875 0.52890625 0.04921875 0.05234375
0 0.4046875 0.46328125 0.0515625 0.05390625
0 0.69609375 0.8328125 0.04921875 0.0515625
1 0.44921875 0.909375 0.05 0.05390625
1 0.50625 0.87265625 0.05078125 0.05390625
0 0.1359375 0.73125 0.0515625 0.053125
0 0.7609375 0.721875 0.04921875 0.05078125
0 0.23125 0.56875 0.05078125 0.053125
1 0.35546875 0.67734375 0.05234375 0.0546875
0 0.2578125 0.66953125 0.05234375 0.053125
1 0.13984375 0.8328125 0.053125 0.0546875
0 0.25 0.5203125 0.0515625 0.0546875
1 0.6 0.8296875 0.0515625 0.053125
0 0.6078125 0.734375 0.046875 0.05
1 0.54921875 0.6640625 0.05234375 0.0546875
0 0.453125 0.46640625 0.05 0.05234375
1 0.346875 0.93515625 0.053125 0.05546875
1 0.54609375 0.7703125 0.0515625 0.05390625
0 0.4109375 0.5125 0.04921875 0.0515625
0 0.60234375 0.88125 0.05078125 0.05234375
0 0.59453125 0.67890625 0.0484375 0.0515625
1 0.446875 0.7609375 0.05 0.05234375
0 0.41171875 0.565625 0.04921875 0.05234375
1 0.1875 0.83984375 0.05234375 0.05390625
0 0.18828125 0.78984375 0.0515625 0.05234375
1 0.4984375 0.9265625 0.05078125 0.053125
0 0.5015625 0.61796875 0.05 0.05234375
0 0.24921875 0.73359375 0.0515625 0.0546875
1 0.5921875 0.7828125 0.0515625 0.05390625
0 0.30703125 0.6234375 0.0515625 0.05390625
1 0.50078125 0.7203125 0.05234375 0.05390625
1 0.54921875 0.7171875 0.0515625 0.053125
1 0.340625 0.82890625 0.0515625 0.05390625
1 0.2984375 0.72734375 0.05078125 0.05390625
1 0.39375 0.8234375 0.05078125 0.05078125
1 0.553125 0.8828125 0.0515625 0.0546875
0 0.24453125 0.61796875 0.04921875 0.053125
0 0.2953125 0.7796875 0.0515625 0.05234375
1 0.34765625 0.728125 0.053125 0.05546875
0 0.39921875 0.7234375 0.04921875 0.05078125
1 0.39453125 0.77265625 0.05078125 0.05234375
0 0.45078125 0.71171875 0.05 0.05234375
0 0.453125 0.60625 0.05 0.05234375
0 0.28515625 0.83046875 0.0515625 0.05234375
1 0.296875 0.97109375 0.05 0.0515625
0 0.49921875 0.6703125 0.05 0.0515625
1 0.3453125 0.778125 0.0515625 0.053125
1 0.4046875 0.66875 0.0515625 0.053125
1 0.4484375 0.971875 0.05234375 0.053125
0 0.30625 0.67265625 0.04921875 0.05234375
0 0.64765625 0.83359375 0.04765625 0.05
0 0.2359375 0.83203125 0.05078125 0.0515625
0 0.2375 0.7828125 0.05078125 0.05234375
0 0.45234375 0.6578125 0.05078125 0.05234375
0 0.4046875 0.61953125 0.05078125 0.053125
0 0.3546875 0.62734375 0.04921875 0.0515625