1 0.871875 0.41484375 0.0640625 0.05859375
0 0.1234375 0.521875 0.065625 0.06015625
1 0.775 0.3671875 0.065625 0.0609375
1 0.86484375 0.28359375 0.065625 0.06015625
0 0.115625 0.4203125 0.06484375 0.0578125
0 0.18671875 0.509375 0.065625 0.06015625
0 0.259375 0.53359375 0.06484375 0.05859375
1 0.95546875 0.290625 0.0640625 0.0609375
0 0.0328125 0.41796875 0.06484375 0.0609375
0 0.1171875 0.72578125 0.06796875 0.0609375
0 0.271875 0.66953125 0.0671875 0.06015625
1 0.8734375 0.55546875 0.0671875 0.059375
1 0.65 0.2953125 0.0640625 0.059375
1 0.56328125 0.50859375 0.065625 0.059375
1 0.96953125 0.5671875 0.06015625 0.06015625
1 0.95703125 0.7171875 0.06640625 0.0609375
1 0.7140625 0.58046875 0.06640625 0.05859375
1 0.8046875 0.58125 0.06484375 0.0578125
0 0.1890625 0.675 0.0671875 0.0609375
0 0.27109375 0.4375 0.065625 0.0578125
1 0.8796875 0.63203125 0.065625 0.06015625
0 0.12421875 0.81953125 0.065625 0.05859375
1 0.7890625 0.5140625 0.06640625 0.059375
0 0.190625 0.4484375 0.065625 0.059375
1 0.49765625 0.43203125 0.065625 0.06015625
0 0.35 0.6515625 0.0671875 0.0609375
1 0.3453125 0.5296875 0.06484375 0.05859375
1 0.10546875 0.29140625 0.06328125 0.06015625
0 0.18828125 0.8625 0.0671875 0.06015625
1 0.66328125 0.6578125 0.0640625 0.06015625
1 0.63125 0.3734375 0.0640625 0.05859375
1 0.56796875 0.421875 0.065625 0.0609375
1 0.36484375 0.453125 0.06328125 0.05859375
0 0.1796875 0.390625 0.06640625 0.05859375
1 0.11171875 0.21796875 0.0640625 0.05859375
0 0.728125 0.72265625 0.06796875 0.06015625
1 0.73359375 0.64765625 0.06484375 0.059375
0 0.8078125 0.725 0.06796875 0.06015625
1 0.7390625 0.215625 0.06328125 0.05859375
1 0.03515625 0.278125 0.06484375 0.06171875
1 0.50703125 0.59375 0.0640625 0.059375
1 0.878125 0.70625 0.06640625 0.06015625
1 0.80546875 0.2125 0.0640625 0.05859375
1 0.57578125 0.590625 0.0625 0.06015625
1 0.9640625 0.79921875 0.0640625 0.06015625
0 0.8078125 0.865625 0.0671875 0.05859375
0 0.05859375 0.803125 0.065625 0.06015625
0 0.73125 0.875 0.06796875 0.059375
1 0.415625 0.59609375 0.06484375 0.06015625
1 0.4265625 0.43828125 0.06484375 0.059375
0 0.13359375 0.34765625 0.065625 0.05859375
0 0.190625 0.31171875 0.06484375 0.0578125
1 0.571875 0.2296875 0.065625 0.06015625
0 0.34609375 0.37890625 0.065625 0.0578125
0 0.41171875 0.659375 0.0640625 0.0578125
0 0.65 0.71953125 0.065625 0.059375
1 0.3484375 0.30078125 0.06484375 0.06015625
1 0.7921875 0.14296875 0.06484375 0.05859375
0 0.27421875 0.3765625 0.0671875 0.0578125
1 0.9625 0.203125 0.0640625 0.0578125
0 0.6515625 0.8734375 0.06484375 0.0578125
1 0.35 0.228125 0.06484375 0.0609375
0 0.428125 0.740625 0.06484375 0.06015625
1 0.64609375 0.1515625 0.0640625 0.059375
0 0.496875 0.86796875 0.0640625 0.0578125
0 0.0390625 0.6203125 0.06640625 0.06328125
1 0.26875 0.74140625 0.065625 0.05859375
1 0.19375 0.153125 0.06328125 0.059375
0 0.49765625 0.6609375 0.0640625 0.0578125
0 0.884375 0.78203125 0.06796875 0.06171875
0 0.0328125 0.3484375 0.06328125 0.05859375
0 0.64140625 0.8109375 0.06640625 0.06015625
1 0.48203125 0.3046875 0.0640625 0.059375
0 0.284375 0.2953125 0.065625 0.05859375
1 0.34921875 0.72578125 0.065625 0.059375
0 0.5734375 0.65546875 0.065625 0.059375
0 0.8703125 0.8734375 0.06640625 0.059375
1 0.4140625 0.2078125 0.06640625 0.06015625
0 0.1984375 0.24140625 0.06640625 0.06015625
0 0.55859375 0.93046875 0.06640625 0.0609375
1 0.33046875 0.15234375 0.06484375 0.059375
1 0.5671875 0.36015625 0.06484375 0.05859375
1 0.57734375 0.1546875 0.065625 0.06015625
1 0.35 0.79921875 0.0671875 0.05859375
1 0.2578125 0.1640625 0.06328125 0.059375
1 0.43125 0.36953125 0.0640625 0.05859375
1 0.5671875 0.73125 0.06328125 0.0578125
0 0.353125 0.590625 0.06640625 0.059375
0 0.8890625 0.93125 0.06640625 0.05859375
0 0.565625 0.86953125 0.0640625 0.0578125
1 0.503125 0.73203125 0.06484375 0.05859375
1 0.26796875 0.86015625 0.06484375 0.05859375
0 0.5015625 0.2234375 0.06484375 0.06015625
1 0.94453125 0.87578125 0.0640625 0.059375
1 0.6578125 0.0875 0.06484375 0.0578125
1 0.19453125 0.7359375 0.0640625 0.059375
1 0.8125 0.05625 0.0640625 0.05859375
0 0.2609375 0.22734375 0.065625 0.059375
1 0.41796875 0.3109375 0.06484375 0.0609375
1 0.4265625 0.8015625 0.06640625 0.05859375
1 0.196875 0.8 0.06640625 0.06015625
0 0.425 0.14765625 0.06484375 0.0578125
1 0.57734375 0.8125 0.0640625 0.06015625
1 0.434375 0.8609375 0.065625 0.05859375
0 0.1171875 0.93984375 0.065625 0.0609375
1 0.509375 0.8109375 0.065625 0.059375
0 0.8265625 0.665625 0.06953125 0.06015625
0 0.71953125 0.96015625 0.06640625 0.06015625
1 0.18125 0.07265625 0.065625 0.05859375
1 0.4 0.9421875 0.06640625 0.0625
1 0.0390625 0.075 0.06328125 0.06015625
0 0.2 0.9578125 0.06484375 0.0578125
0 0.8796875 0.21328125 0.06640625 0.059375
0 0.48984375 0.16484375 0.06640625 0.05859375
1 0.49609375 0.94375 0.06484375 0.059375
0 0.8734375 0.1234375 0.06640625 0.059375
1 0.10546875 0.06875 0.0640625 0.059375
0 0.4859375 0.103125 0.06640625 0.05703125
0 0.6078125 0.9703125 0.065625 0.05625
0 0.571875 0.0890625 0.06640625 0.0578125
1 0.2625 0.94765625 0.06484375 0.0609375
0 0.35 0.078125 0.065625 0.05859375
0 0.9390625 0.059375 0.06640625 0.0609375