0 0.8546875 0.4390625 0.0515625 0.0515625
1 0.596875 0.39375 0.05 0.05
1 0.54765625 0.39140625 0.05 0.05
0 0.90703125 0.59296875 0.053125 0.05078125
0 0.7 0.44140625 0.0515625 0.04921875
1 0.59921875 0.34375 0.05 0.05
0 0.80546875 0.53828125 0.05234375 0.05
1 0.4484375 0.48984375 0.05078125 0.04765625
1 0.49921875 0.44296875 0.05078125 0.05
1 0.39765625 0.490625 0.05078125 0.04921875
1 0.39765625 0.3921875 0.0515625 0.05
1 0.6 0.54296875 0.05 0.04921875
1 0.5484375 0.5421875 0.05 0.04921875
1 0.44609375 0.4421875 0.0515625 0.05
1 0.39609375 0.33828125 0.05078125 0.0484375
1 0.64765625 0.5453125 0.04921875 0.04921875
1 0.75234375 0.18984375 0.0484375 0.05
1 0.6984375 0.54765625 0.05078125 0.04921875
1 0.4984375 0.340625 0.05 0.0484375
1 0.13984375 0.3375 0.053125 0.04921875
1 0.19140625 0.33515625 0.0515625 0.05
1 0.44609375 0.68984375 0.053125 0.04765625
0 0.6984375 0.64140625 0.0515625 0.05078125
1 0.44375 0.7390625 0.05234375 0.04921875
1 0.290625 0.59453125 0.0515625 0.04921875
0 0.1375 0.3875 0.053125 0.05
1 0.23984375 0.59453125 0.0515625 0.04921875
0 0.23984375 0.48984375 0.0515625 0.04921875
1 0.70234375 0.18828125 0.04921875 0.04921875
1 0.55 0.2390625 0.0515625 0.04765625
0 0.80234375 0.18984375 0.05078125 0.04921875
0 0.85390625 0.3375 0.05234375 0.05
0 0.80390625 0.7984375 0.05078125 0.05
1 0.13515625 0.69453125 0.0546875 0.05078125
0 0.290625 0.540625 0.05078125 0.0484375
1 0.19296875 0.240625 0.05234375 0.05
1 0.1875 0.38046875 0.053125 0.04921875
1 0.39453125 0.53671875 0.053125 0.0484375
1 0.34375 0.5890625 0.0515625 0.04765625
1 0.653125 0.18671875 0.04921875 0.0484375
1 0.1875 0.5921875 0.05234375 0.05
0 0.64765625 0.59296875 0.05078125 0.0484375
1 0.13984375 0.290625 0.05234375 0.05
0 0.85546875 0.69375 0.0515625 0.04921875
1 0.496875 0.28984375 0.05078125 0.04765625
1 0.08125 0.6421875 0.05390625 0.05234375
1 0.13671875 0.59296875 0.05390625 0.05234375
1 0.396875 0.29140625 0.0515625 0.0484375
0 0.5484375 0.64140625 0.0515625 0.05078125
1 0.39296875 0.73984375 0.05078125 0.0484375
1 0.134375 0.74375 0.053125 0.05
1 0.4984375 0.13984375 0.05078125 0.04921875
0 0.5 0.190625 0.0515625 0.0484375
1 0.79921875 0.14296875 0.04921875 0.0484375
0 0.90703125 0.28984375 0.053125 0.05078125
1 0.6046875 0.2859375 0.0515625 0.0484375
1 0.078125 0.69296875 0.05625 0.05078125
1 0.753125 0.590625 0.0515625 0.0484375
0 0.03125 0.63984375 0.053125 0.05234375
1 0.23671875 0.79375 0.053125 0.05078125
1 0.5515625 0.1921875 0.05078125 0.04765625
1 0.85625 0.28828125 0.05 0.04921875
1 0.60703125 0.1453125 0.05 0.04765625
0 0.80390625 0.6921875 0.05234375 0.05078125
1 0.13203125 0.7921875 0.05234375 0.05078125
1 0.19140625 0.1890625 0.05234375 0.05
0 0.24296875 0.3359375 0.053125 0.05078125
1 0.59453125 0.79609375 0.0515625 0.05078125
0 0.54765625 0.74375 0.05078125 0.05
1 0.29296875 0.33828125 0.05078125 0.0484375
0 0.5484375 0.59296875 0.05078125 0.0484375
0 0.02890625 0.74375 0.05390625 0.0515625
1 0.29609375 0.18984375 0.05078125 0.04765625
1 0.85 0.140625 0.05078125 0.05
0 0.44765625 0.140625 0.0515625 0.05078125
1 0.346875 0.1890625 0.05234375 0.04921875
0 0.64609375 0.39140625 0.05234375 0.05078125
0 0.5 0.5375 0.05 0.04765625
0 0.65078125 0.34375 0.0515625 0.04921875
0 0.2953125 0.4390625 0.0515625 0.04921875
0 0.5984375 0.43984375 0.05078125 0.04921875
0 0.3984375 0.240625 0.05 0.04921875
1 0.08125 0.790625 0.053125 0.0515625
0 0.08515625 0.5921875 0.053125 0.05078125
1 0.184375 0.846875 0.053125 0.05
0 0.09375 0.23828125 0.05078125 0.05078125
0 0.13828125 0.5453125 0.05390625 0.0515625
1 0.64609375 0.7953125 0.053125 0.05078125
1 0.28359375 0.8453125 0.053125 0.0515625
1 0.80546875 0.28828125 0.05078125 0.04921875
1 0.803125 0.64375 0.05234375 0.05
0 0.3484375 0.2359375 0.04921875 0.0484375
0 0.5984375 0.7453125 0.0515625 0.05078125
0 0.1875 0.64609375 0.05390625 0.0515625
0 0.23828125 0.696875 0.053125 0.05078125
0 0.60078125 0.0890625 0.05234375 0.04921875
1 0.140625 0.18828125 0.04921875 0.0484375
0 0.85390625 0.2421875 0.05078125 0.04921875
0 0.0796875 0.840625 0.05390625 0.0515625
0 0.446875 0.3390625 0.0515625 0.0515625
0 0.084375 0.54453125 0.05390625 0.05
1 0.4390625 0.85 0.05078125 0.05
0 0.4453125 0.64375 0.05078125 0.04921875
0 0.9046875 0.24140625 0.0515625 0.04921875
0 0.75078125 0.14140625 0.05078125 0.04921875
0 0.54765625 0.44453125 0.05234375 0.04921875
0 0.34609375 0.4875 0.05234375 0.04921875
0 0.84921875 0.09453125 0.0515625 0.04921875
0 0.3953125 0.6921875 0.0515625 0.0484375
0 0.24453125 0.23828125 0.0546875 0.04921875
0 0.55 0.34453125 0.0515625 0.04921875
1 0.02578125 0.79296875 0.0515625 0.05
0 0.3953125 0.64453125 0.0515625 0.04921875
0 0.7015625 0.14140625 0.05234375 0.04921875
0 0.44765625 0.38984375 0.05234375 0.05
1 0.48984375 0.85 0.053125 0.05078125
0 0.13515625 0.64609375 0.05625 0.0515625
1 0.65 0.08984375 0.04921875 0.04921875
0 0.49765625 0.48984375 0.0515625 0.05
0 0.18359375 0.7953125 0.05546875 0.05078125
0 0.14375 0.23984375 0.05234375 0.05
0 0.1921875 0.28671875 0.053125 0.05
1 0.49921875 0.0875 0.05078125 0.05
0 0.24375 0.2875 0.0546875 0.05078125
0 0.8 0.09609375 0.05234375 0.0484375
0 0.13515625 0.8390625 0.0546875 0.0515625
0 0.33515625 0.8484375 0.053125 0.05
1 0.74921875 0.09140625 0.05 0.05
0 0.2890625 0.7953125 0.05546875 0.05
0 0.49921875 0.39296875 0.0515625 0.05
0 0.34296875 0.74453125 0.05234375 0.04921875
0 0.38828125 0.846875 0.053125 0.05078125
0 0.18515625 0.74375 0.05546875 0.05078125
0 0.18828125 0.69609375 0.05546875 0.0515625
0 0.7 0.0953125 0.0515625 0.04921875
0 0.2921875 0.746875 0.053125 0.05
0 0.39609375 0.440625 0.05234375 0.04921875
0 0.34609375 0.44140625 0.05234375 0.05
0 0.4484375 0.0921875 0.0515625 0.0484375
0 0.3890625 0.8953125 0.0546875 0.05078125
1 0.5484375 0.0796875 0.05078125 0.04921875
1 0.3375 0.89765625 0.053125 0.05
1 0.70390625 0.84453125 0.05390625 0.05078125
1 0.1828125 0.8953125 0.053125 0.05078125
1 0.2328125 0.9 0.053125 0.05
1 0.08671875 0.89375 0.0546875 0.0515625
1 0.19609375 0.1375 0.053125 0.04921875
1 0.80390625 0.8984375 0.05390625 0.05