0 0.35703125 0.44375 0.05234375 0.0484375
1 0.13671875 0.5 0.05234375 0.0484375
1 0.19375 0.5 0.0515625 0.04765625
1 0.125 0.33984375 0.0515625 0.0484375
0 0.196875 0.43984375 0.05234375 0.04765625
1 0.2984375 0.44375 0.05078125 0.04765625
1 0.24921875 0.44375 0.05078125 0.04765625
1 0.40078125 0.35625 0.05078125 0.04765625
0 0.1421875 0.44140625 0.0515625 0.0484375
0 0.49140625 0.29296875 0.05078125 0.04765625
1 0.81328125 0.54453125 0.0515625 0.046875
1 0.76015625 0.84921875 0.05234375 0.046875
1 0.87265625 0.85234375 0.0515625 0.04765625
1 0.87421875 0.50625 0.0515625 0.04765625
0 0.54375 0.34765625 0.05 0.046875
1 0.76640625 0.60234375 0.05 0.0453125
1 0.18671875 0.39453125 0.0515625 0.04765625
0 0.346875 0.29375 0.05078125 0.0484375
0 0.4984375 0.6421875 0.05 0.046875
0 0.38984375 0.85078125 0.05078125 0.04765625
1 0.3390625 0.33984375 0.0515625 0.04765625
1 0.23828125 0.29140625 0.0515625 0.04765625
0 0.80859375 0.74375 0.05078125 0.04609375
1 0.61796875 0.6984375 0.05 0.04609375
1 0.60859375 0.90078125 0.04921875 0.046875
1 0.3015625 0.39140625 0.0515625 0.04765625
1 0.715625 0.603125 0.05 0.046875
1 0.56640625 0.70625 0.05078125 0.0484375
1 0.1265625 0.2875 0.0515625 0.0484375
1 0.9265625 0.853125 0.05078125 0.046875
1 0.971875 0.80625 0.05234375 0.04765625
1 0.815625 0.80234375 0.05078125 0.04609375
0 0.4515625 0.7921875 0.05 0.046875
0 0.8171875 0.4953125 0.0515625 0.04765625
1 0.82109375 0.19921875 0.05078125 0.046875
0 0.51640625 0.7015625 0.05 0.04609375
1 0.5609375 0.90546875 0.05 0.046875
1 0.925 0.74765625 0.05078125 0.046875
1 0.86875 0.746875 0.05 0.04609375
0 0.5984375 0.44609375 0.05 0.04609375
1 0.29296875 0.290625 0.05078125 0.04765625
0 0.39765625 0.22890625 0.05078125 0.04765625
0 0.81015625 0.6921875 0.0515625 0.046875
1 0.87421875 0.44453125 0.05234375 0.046875
0 0.45078125 0.740625 0.05 0.046875
0 0.5078125 0.89375 0.05078125 0.04765625
1 0.60546875 0.646875 0.0515625 0.0484375
1 0.6625 0.80859375 0.04765625 0.0453125
1 0.659375 0.5953125 0.05078125 0.046875
0 0.55546875 0.2359375 0.04921875 0.04765625
1 0.396875 0.28984375 0.05 0.04765625
1 0.19375 0.240625 0.0515625 0.04765625
0 0.56328125 0.85234375 0.05078125 0.04765625
1 0.771875 0.1375 0.04921875 0.0453125
1 0.6125 0.85078125 0.04765625 0.0453125
0 0.3453125 0.2359375 0.05078125 0.0484375
0 0.75703125 0.196875 0.05 0.04765625
0 0.553125 0.75234375 0.0515625 0.046875
0 0.55859375 0.803125 0.05078125 0.04609375
1 0.71640625 0.39453125 0.04921875 0.04765625
0 0.81171875 0.44453125 0.05078125 0.04609375
1 0.7640625 0.2953125 0.04921875 0.04609375
0 0.55234375 0.646875 0.05 0.04609375
0 0.7046875 0.503125 0.04921875 0.046875
0 0.71484375 0.34375 0.05 0.04609375
0 0.44453125 0.90703125 0.04921875 0.046875
0 0.71484375 0.140625 0.05 0.04765625
1 0.765625 0.39765625 0.05 0.046875
1 0.821875 0.39921875 0.05078125 0.046875
1 0.6546875 0.08359375 0.04921875 0.04765625
1 0.60859375 0.60078125 0.0515625 0.04765625
1 0.82265625 0.3453125 0.05078125 0.0453125
1 0.825 0.0890625 0.04921875 0.04609375
0 0.6046875 0.3875 0.04921875 0.04609375
0 0.65703125 0.49453125 0.05078125 0.04765625
1 0.70703125 0.55625 0.05078125 0.04765625
1 0.71796875 0.0921875 0.05 0.04609375
0 0.65859375 0.1359375 0.05 0.04765625
0 0.71796875 0.24140625 0.04921875 0.0453125
1 0.87890625 0.09296875 0.05078125 0.046875
0 0.56015625 0.1875 0.05 0.04609375
0 0.759375 0.44375 0.05 0.046875
0 0.65859375 0.54765625 0.05 0.046875
0 0.603125 0.08359375 0.05 0.0484375
0 0.6125 0.33671875 0.04921875 0.046875
0 0.559375 0.1359375 0.05078125 0.04765625
0 0.66171875 0.2921875 0.04921875 0.04765625
0 0.71015625 0.446875 0.05 0.046875
0 0.559375 0.55390625 0.05234375 0.04765625
0 0.65546875 0.3875 0.04921875 0.0453125
0 0.61015625 0.55390625 0.05078125 0.04765625
0 0.66015625 0.19453125 0.05 0.0484375
0 0.5546875 0.6015625 0.05 0.0453125
0 0.6015625 0.2921875 0.05 0.04609375
0 0.6671875 0.2453125 0.05 0.046875
0 0.66328125 0.43359375 0.05 0.04765625
0 0.55390625 0.08828125 0.05078125 0.0484375
1 0.66484375 0.0359375 0.04921875 0.046875
0 0.6125 0.0390625 0.05 0.04765625