1 0.43359375 0.58515625 0.05703125 0.0609375
0 0.64375 0.43125 0.0609375 0.0640625
1 0.5046875 0.58125 0.06015625 0.0609375
1 0.43203125 0.49921875 0.0625 0.06171875
1 0.57109375 0.50546875 0.06171875 0.06171875
0 0.5765625 0.35234375 0.0609375 0.0625
1 0.4203125 0.42109375 0.06328125 0.0640625
1 0.42734375 0.7375 0.0625 0.06328125
1 0.49921875 0.73515625 0.06171875 0.06328125
1 0.2796875 0.5859375 0.06171875 0.0625
1 0.57890625 0.578125 0.0609375 0.0609375
1 0.35 0.5890625 0.0625 0.0625
0 0.2078125 0.51171875 0.0609375 0.06328125
1 0.35234375 0.43125 0.0625 0.0625
0 0.78984375 0.50625 0.0625 0.06328125
1 0.64921875 0.7375 0.0609375 0.06171875
0 0.7921875 0.43828125 0.0625 0.06328125
1 0.6484375 0.5046875 0.0609375 0.06171875
1 0.43203125 0.6609375 0.0625 0.06484375
0 0.79609375 0.5734375 0.0625 0.0625
1 0.5765625 0.4265625 0.06171875 0.06171875
1 0.71953125 0.66875 0.0625 0.06328125
1 0.27734375 0.50078125 0.0609375 0.0609375
0 0.27578125 0.34765625 0.0625 0.0640625
0 0.86875 0.42421875 0.06171875 0.0640625
1 0.7203125 0.58828125 0.06171875 0.0609375
0 0.20703125 0.42734375 0.0609375 0.06328125
0 0.425 0.27890625 0.06171875 0.06328125
0 0.64921875 0.35546875 0.06171875 0.0640625
0 0.78828125 0.65703125 0.06328125 0.0640625
1 0.4234375 0.81171875 0.0625 0.0640625
0 0.13359375 0.578125 0.06015625 0.0640625
0 0.5015625 0.28125 0.06171875 0.06328125
1 0.215625 0.734375 0.06015625 0.0625
0 0.78984375 0.359375 0.06328125 0.06328125
1 0.28984375 0.7359375 0.0609375 0.06328125
1 0.72265625 0.7328125 0.0625 0.06171875
1 0.56953125 0.8140625 0.06171875 0.0625
1 0.20703125 0.57890625 0.06015625 0.0625
0 0.13828125 0.4984375 0.0609375 0.06484375
1 0.5015625 0.81484375 0.0625 0.0625
1 0.3578125 0.80625 0.0625 0.0625
0 0.203125 0.3421875 0.0609375 0.06484375
1 0.27890625 0.4234375 0.06171875 0.0625
0 0.86875 0.5765625 0.06171875 0.0640625
0 0.6453125 0.28203125 0.06171875 0.0625
1 0.43203125 0.35390625 0.06171875 0.06171875
1 0.72265625 0.50859375 0.0609375 0.06328125
0 0.78671875 0.7375 0.0625 0.0625
1 0.14765625 0.7296875 0.06015625 0.06171875
1 0.72734375 0.4234375 0.06171875 0.0640625
0 0.57265625 0.28125 0.0609375 0.0625
0 0.346875 0.2765625 0.0625 0.0625
0 0.7296875 0.19765625 0.0625 0.06171875
1 0.64453125 0.81328125 0.0609375 0.06328125
0 0.7984375 0.2796875 0.0609375 0.06171875
1 0.725 0.8046875 0.0609375 0.0609375
0 0.64140625 0.1984375 0.0625 0.0625
1 0.640625 0.6625 0.06171875 0.0640625
1 0.13359375 0.64765625 0.05859375 0.06171875
0 0.0625 0.4265625 0.059375 0.06484375
1 0.503125 0.35078125 0.0609375 0.06171875
0 0.42578125 0.196875 0.06171875 0.06328125
0 0.9421875 0.584375 0.06015625 0.0640625
0 0.28359375 0.19765625 0.06015625 0.06171875
0 0.86328125 0.19296875 0.0625 0.06328125
0 0.49921875 0.190625 0.0609375 0.06328125
1 0.64765625 0.8796875 0.0609375 0.0640625
0 0.12890625 0.2734375 0.06015625 0.0640625
0 0.94375 0.496875 0.0609375 0.06328125
1 0.71640625 0.34765625 0.0609375 0.0609375
0 0.05546875 0.575 0.059375 0.0640625
0 0.934375 0.346875 0.06171875 0.0625
1 0.35390625 0.34609375 0.06171875 0.0625
1 0.359375 0.8703125 0.06171875 0.06328125
1 0.4171875 0.8859375 0.0609375 0.0625
1 0.57109375 0.8796875 0.0609375 0.0625
1 0.14296875 0.8109375 0.0609375 0.06171875
0 0.57890625 0.125 0.0609375 0.06015625
0 0.79375 0.11953125 0.06171875 0.06171875
0 0.21015625 0.259375 0.06015625 0.0640625
0 0.065625 0.26875 0.05859375 0.06484375
0 0.44140625 0.11640625 0.0609375 0.0609375
1 0.21953125 0.890625 0.06015625 0.06171875
0 0.209375 0.12421875 0.06015625 0.0640625
0 0.13359375 0.1953125 0.06015625 0.0625
0 0.278125 0.11953125 0.0609375 0.0625
1 0.72109375 0.2671875 0.06015625 0.0609375
1 0.65703125 0.946875 0.0625 0.06484375
1 0.8 0.80625 0.06171875 0.06171875
0 0.94765625 0.1171875 0.0625 0.0640625
1 0.79921875 0.8796875 0.06015625 0.06015625
0 0.35390625 0.04375 0.0625 0.06171875
1 0.72578125 0.94765625 0.06171875 0.0625
0 0.49453125 0.0390625 0.0625 0.06171875
0 0.71796875 0.03359375 0.0625 0.0609375
0 0.8640625 0.04296875 0.0625 0.0625
1 0.865625 0.65 0.06328125 0.06640625
1 0.49375 0.95703125 0.0609375 0.0625
1 0.85859375 0.80625 0.06171875 0.0609375
1 0.8609375 0.7328125 0.0609375 0.06328125
0 0.06015625 0.05625 0.06015625 0.0640625
1 0.9375 0.6515625 0.06015625 0.06484375
0 0.20625 0.0390625 0.0609375 0.06328125
1 0.93671875 0.80546875 0.06015625 0.06328125
1 0.275 0.9546875 0.06171875 0.0625
1 0.8703125 0.94375 0.06171875 0.0625
1 0.14296875 0.94609375 0.06015625 0.06171875
1 0.93125 0.8703125 0.0609375 0.06171875