0 0.2375 0.559375 0.0578125 0.0546875
1 0.0296875 0.22265625 0.05625 0.05234375
1 0.09140625 0.221875 0.05625 0.05078125
1 0.0890625 0.13125 0.053125 0.05078125
1 0.0359375 0.1265625 0.053125 0.0515625
0 0.07109375 0.6015625 0.06015625 0.0515625
1 0.34296875 0.32421875 0.05546875 0.05234375
0 0.64296875 0.80703125 0.0578125 0.053125
0 0.23671875 0.7046875 0.059375 0.053125
1 0.18046875 0.603125 0.059375 0.05390625
1 0.87890625 0.75625 0.0578125 0.0515625
1 0.19296875 0.08125 0.053125 0.04921875
1 0.29453125 0.2734375 0.0546875 0.05
0 0.40234375 0.325 0.05546875 0.05234375
1 0.934375 0.80390625 0.0578125 0.053125
1 0.72109375 0.32578125 0.05546875 0.04921875
1 0.14140625 0.07734375 0.05390625 0.04921875
0 0.1796875 0.76484375 0.059375 0.0546875
1 0.115625 0.80546875 0.06015625 0.05546875
1 0.0703125 0.65 0.0578125 0.053125
1 0.6515625 0.1375 0.0546875 0.04921875
1 0.65234375 0.2328125 0.0546875 0.05
1 0.2375 0.6515625 0.0578125 0.053125
1 0.81875 0.75546875 0.05703125 0.05234375
1 0.24921875 0.1375 0.0546875 0.04921875
1 0.75703125 0.7 0.0578125 0.05078125
1 0.30078125 0.09140625 0.05625 0.05
1 0.0640625 0.7015625 0.059375 0.05546875
1 0.13671875 0.178125 0.05390625 0.04921875
1 0.8796875 0.85859375 0.0578125 0.053125
0 0.1734375 0.8171875 0.059375 0.05390625
1 0.82421875 0.85703125 0.0546875 0.05078125
1 0.86640625 0.09140625 0.053125 0.0484375
1 0.40546875 0.22578125 0.05390625 0.0453125
0 0.93359375 0.8578125 0.05859375 0.0546875
0 0.76796875 0.8609375 0.059375 0.053125
1 0.18046875 0.70390625 0.0578125 0.05234375
0 0.66015625 0.2796875 0.0546875 0.0515625
1 0.75859375 0.8078125 0.05703125 0.05234375
1 0.69921875 0.090625 0.053125 0.046875
1 0.11796875 0.7546875 0.05859375 0.05234375
0 0.6578125 0.9203125 0.05703125 0.053125
0 0.06171875 0.753125 0.05859375 0.053125
0 0.70390625 0.74765625 0.05546875 0.04921875
0 0.9265625 0.909375 0.06015625 0.0515625
1 0.3515625 0.2265625 0.05234375 0.04609375
0 0.5953125 0.85625 0.0546875 0.04921875
0 0.98359375 0.8578125 0.0328125 0.053125
0 0.81484375 0.1828125 0.05078125 0.04921875
1 0.18828125 0.17890625 0.05234375 0.0484375
0 0.8140625 0.2359375 0.0515625 0.04765625
0 0.70390625 0.1390625 0.0515625 0.0484375
0 0.8625 0.1375 0.053125 0.0484375
0 0.759375 0.09453125 0.0515625 0.04765625
1 0.40859375 0.2734375 0.053125 0.04921875
0 0.7046875 0.23125 0.0515625 0.04765625
0 0.7109375 0.1859375 0.0515625 0.04765625
0 0.8671875 0.1828125 0.05390625 0.05
1 0.3453125 0.18203125 0.05234375 0.0484375
0 0.81171875 0.0890625 0.05078125 0.046875
1 0.12578125 0.60390625 0.0546875 0.05078125
0 0.7765625 0.27890625 0.05234375 0.04765625
1 0.71953125 0.275 0.0515625 0.046875
0 0.30234375 0.1375 0.05390625 0.0484375
0 0.459375 0.2296875 0.053125 0.0484375
0 0.4484375 0.17734375 0.053125 0.05
0 0.29453125 0.1828125 0.053125 0.04921875
0 0.23984375 0.1828125 0.0515625 0.04765625
0 0.76171875 0.7515625 0.05546875 0.05078125
0 0.396875 0.18046875 0.053125 0.0484375
0 0.3546875 0.13828125 0.05390625 0.0484375
0 0.2984375 0.228125 0.05390625 0.0484375
0 0.4953125 0.19453125 0.05078125 0.04921875
0 0.85703125 0.0484375 0.053125 0.04765625
0 0.246875 0.08359375 0.053125 0.05
0 0.71484375 0.91171875 0.05625 0.05078125