1 0.346875 0.5890625 0.0515625 0.0515625
0 0.29375 0.5875 0.0515625 0.0515625
1 0.1859375 0.74609375 0.053125 0.053125
0 0.1859375 0.69296875 0.053125 0.05234375
0 0.24140625 0.5328125 0.053125 0.0515625
0 0.61015625 0.33125 0.05078125 0.05234375
1 0.13359375 0.69140625 0.053125 0.05390625
1 0.29453125 0.5359375 0.053125 0.053125
1 0.34765625 0.43125 0.053125 0.05390625
0 0.559375 0.3296875 0.05078125 0.05234375
0 0.19140625 0.425 0.05234375 0.05234375
0 0.18671875 0.63984375 0.05390625 0.05234375
0 0.2421875 0.48046875 0.053125 0.053125
0 0.40234375 0.325 0.0515625 0.05234375
1 0.24375 0.42734375 0.053125 0.05234375
1 0.134375 0.6390625 0.0546875 0.05390625
0 0.1359375 0.58515625 0.053125 0.053125
0 0.2984375 0.26953125 0.053125 0.053125
1 0.2953125 0.48203125 0.053125 0.053125
0 0.1921875 0.37265625 0.053125 0.05390625
1 0.50859375 0.22265625 0.0515625 0.05234375
0 0.1390625 0.31796875 0.053125 0.05234375
1 0.13203125 0.7984375 0.05390625 0.053125
0 0.76640625 0.28359375 0.05078125 0.05234375
1 0.246875 0.21484375 0.053125 0.053125
0 0.559375 0.22421875 0.0515625 0.05234375
1 0.24453125 0.3734375 0.05234375 0.053125
0 0.6109375 0.22578125 0.05 0.05234375
1 0.66328125 0.2796875 0.05078125 0.0515625
1 0.86796875 0.2875 0.05234375 0.05234375
0 0.353125 0.16484375 0.05234375 0.05078125
0 0.29921875 0.21484375 0.0546875 0.053125
1 0.66484375 0.33203125 0.05234375 0.0515625
0 0.13984375 0.26484375 0.0546875 0.05390625
0 0.45703125 0.16796875 0.0515625 0.05234375
0 0.14140625 0.1578125 0.053125 0.05390625
0 0.7171875 0.17734375 0.05234375 0.0515625
1 0.24453125 0.32109375 0.05234375 0.05390625
1 0.19453125 0.159375 0.053125 0.053125
0 0.81796875 0.18046875 0.05078125 0.0515625
1 0.1921875 0.31953125 0.053125 0.05390625
1 0.6625 0.228125 0.05078125 0.0515625
1 0.24765625 0.16171875 0.053125 0.05390625
0 0.509375 0.1703125 0.0515625 0.053125
1 0.61328125 0.175 0.05078125 0.05234375
1 0.66484375 0.17578125 0.0515625 0.05234375
0 0.40546875 0.1125 0.05234375 0.0515625
1 0.56015625 0.171875 0.05078125 0.053125
1 0.4578125 0.115625 0.05234375 0.05390625
1 0.8125 0.81015625 0.05234375 0.05390625
1 0.66484375 0.1234375 0.05234375 0.05234375
1 0.509375 0.11796875 0.0515625 0.05390625
0 0.71640625 0.12421875 0.053125 0.0515625
0 0.1953125 0.10625 0.05390625 0.05390625
1 0.2484375 0.10859375 0.053125 0.05390625
0 0.14296875 0.1046875 0.05234375 0.0546875