1 0.49609375 0.540625 0.04921875 0.05078125
0 0.34921875 0.346875 0.0515625 0.05078125
0 0.3453125 0.2390625 0.0546875 0.05546875
0 0.33203125 0.18203125 0.05234375 0.05390625
0 0.39765625 0.34765625 0.05390625 0.04921875
0 0.45234375 0.2421875 0.05078125 0.05
0 0.45 0.33984375 0.05 0.0484375
0 0.1390625 0.234375 0.053125 0.053125
0 0.38203125 0.184375 0.05625 0.0578125
0 0.23515625 0.13359375 0.05234375 0.05078125
0 0.553125 0.23515625 0.0515625 0.04921875
0 0.70234375 0.553125 0.053125 0.05078125
0 0.1859375 0.5046875 0.05078125 0.04765625
0 0.54765625 0.5453125 0.05546875 0.05234375
0 0.4859375 0.19140625 0.05234375 0.05234375
0 0.6 0.5515625 0.05234375 0.05234375
0 0.29296875 0.240625 0.05546875 0.05
0 0.12734375 0.18671875 0.0515625 0.0484375
0 0.196875 0.2875 0.053125 0.04765625
0 0.64921875 0.4 0.05390625 0.05078125
0 0.1828125 0.55390625 0.0515625 0.0453125
1 0.2328125 0.5609375 0.05234375 0.05390625
0 0.43671875 0.18984375 0.0546875 0.05546875
0 0.08828125 0.3375 0.053125 0.0546875
1 0.303125 0.446875 0.0546875 0.05390625
0 0.70546875 0.4875 0.053125 0.053125
0 0.13515625 0.39453125 0.0515625 0.04921875
0 0.91015625 0.39140625 0.0546875 0.05234375
1 0.590625 0.6625 0.05625 0.05625
0 0.0796875 0.64375 0.05390625 0.05390625
0 0.70390625 0.440625 0.05390625 0.0484375
0 0.39453125 0.13359375 0.053125 0.04609375
0 0.12421875 0.4953125 0.05 0.0484375
0 0.64765625 0.45234375 0.05234375 0.04921875
0 0.1390625 0.803125 0.05390625 0.05234375
0 0.75859375 0.13671875 0.0515625 0.0515625
0 0.29140625 0.0796875 0.05546875 0.05078125
0 0.80625 0.3953125 0.05390625 0.04921875
0 0.14453125 0.75390625 0.053125 0.0515625
0 0.7109375 0.090625 0.05234375 0.05078125
0 0.08203125 0.4359375 0.05234375 0.0515625
0 0.6515625 0.55546875 0.05390625 0.05390625
0 0.08203125 0.7 0.05234375 0.05234375
0 0.815625 0.34609375 0.05625 0.05078125
0 0.590625 0.8015625 0.05 0.05
0 0.08359375 0.7578125 0.05234375 0.05390625
0 0.38671875 0.81015625 0.05078125 0.05078125
1 0.35546875 0.4 0.05234375 0.0515625
0 0.33671875 0.85625 0.05234375 0.053125
0 0.8046875 0.44609375 0.053125 0.04921875
0 0.8078125 0.140625 0.0515625 0.05390625
0 0.13515625 0.34765625 0.053125 0.04453125
1 0.54765625 0.5953125 0.05390625 0.053125
0 0.48984375 0.809375 0.0515625 0.0515625
0 0.1359375 0.1359375 0.0515625 0.04609375
0 0.55 0.0859375 0.053125 0.05234375
0 0.40078125 0.2921875 0.0546875 0.05546875
0 0.8171875 0.6984375 0.053125 0.05234375
0 0.08515625 0.53671875 0.0515625 0.0484375
0 0.80546875 0.0890625 0.0546875 0.05234375
0 0.49296875 0.13984375 0.05234375 0.04921875
0 0.915625 0.2421875 0.0515625 0.05
0 0.1890625 0.234375 0.05234375 0.05234375
1 0.6046875 0.23671875 0.0546875 0.05546875
0 0.08515625 0.5859375 0.053125 0.05234375
0 0.6515625 0.08203125 0.053125 0.0484375
1 0.296875 0.34296875 0.0546875 0.05390625
1 0.13671875 0.59296875 0.053125 0.05390625
1 0.384375 0.74921875 0.053125 0.0546875
0 0.1890625 0.0765625 0.0515625 0.04921875
0 0.8546875 0.07890625 0.053125 0.053125
0 0.75625 0.71328125 0.05390625 0.05
0 0.540625 0.79765625 0.05 0.05
0 0.86875 0.28984375 0.05390625 0.05234375
1 0.6578125 0.228125 0.05234375 0.053125
0 0.496875 0.09140625 0.05 0.04921875
0 0.28515625 0.8484375 0.05546875 0.05625
0 0.80703125 0.4921875 0.053125 0.04921875
0 0.7125 0.8578125 0.0546875 0.05234375
0 0.92890625 0.2921875 0.05234375 0.05078125
1 0.1875 0.60078125 0.0546875 0.053125
0 0.23828125 0.08671875 0.053125 0.05078125
0 0.64765625 0.815625 0.05390625 0.0515625
0 0.75546875 0.809375 0.05546875 0.053125
1 0.63984375 0.70703125 0.053125 0.053125
1 0.91796875 0.74375 0.05390625 0.05234375
1 0.46015625 0.38671875 0.053125 0.0515625
1 0.2328125 0.85234375 0.05625 0.05546875
0 0.80625 0.5421875 0.05390625 0.04921875
1 0.2421875 0.496875 0.05234375 0.05390625
1 0.54609375 0.44765625 0.053125 0.05
0 0.13203125 0.44375 0.05078125 0.046875
0 0.9625 0.3421875 0.0515625 0.05
0 0.4390625 0.809375 0.05234375 0.05234375
0 0.50703125 0.2859375 0.0546875 0.05390625
0 0.8109375 0.58984375 0.05703125 0.0546875
0 0.396875 0.91875 0.053125 0.05390625
1 0.49140625 0.75078125 0.053125 0.05234375
1 0.40703125 0.3984375 0.05234375 0.053125
1 0.659375 0.61484375 0.053125 0.0546875
1 0.60625 0.609375 0.0546875 0.0546875
0 0.0328125 0.7953125 0.05 0.053125
0 0.54609375 0.0359375 0.05234375 0.05
0 0.54375 0.140625 0.05703125 0.0515625
0 0.44453125 0.03125 0.05390625 0.05234375
0 0.96640625 0.1359375 0.05546875 0.0546875
1 0.759375 0.6453125 0.05546875 0.05390625
1 0.7515625 0.278125 0.053125 0.05390625
1 0.28515625 0.79765625 0.05234375 0.05
0 0.490625 0.04609375 0.0515625 0.0484375
1 0.9703125 0.4390625 0.0515625 0.05234375
0 0.93046875 0.19296875 0.0546875 0.05234375
0 0.59609375 0.5 0.0546875 0.05234375
1 0.33671875 0.80546875 0.05546875 0.05078125
0 0.9625 0.38984375 0.05390625 0.0515625
1 0.546875 0.49609375 0.0546875 0.0484375
0 0.85625 0.8546875 0.05390625 0.0515625
1 0.02578125 0.853125 0.05078125 0.0546875
1 0.5015625 0.34140625 0.05390625 0.0515625
0 0.6984375 0.04375 0.05390625 0.053125
0 0.0796875 0.903125 0.0515625 0.05234375
1 0.0734375 0.48828125 0.0515625 0.05078125
0 0.3890625 0.86875 0.05390625 0.053125
1 0.70546875 0.8 0.05625 0.05390625
1 0.1359375 0.53984375 0.053125 0.05234375
1 0.29765625 0.915625 0.05390625 0.0515625
1 0.19375 0.7453125 0.05234375 0.04921875
1 0.70625 0.70390625 0.0515625 0.04921875
1 0.1875 0.3875 0.05390625 0.05234375
0 0.74375 0.9046875 0.05546875 0.05234375
0 0.07890625 0.8546875 0.05 0.05
1 0.746875 0.19921875 0.05390625 0.05390625
1 0.43515625 0.75703125 0.053125 0.053125
0 0.7984375 0.7484375 0.05546875 0.053125
0 0.25 0.0390625 0.0515625 0.046875
1 0.87109375 0.69375 0.05390625 0.053125
1 0.9140625 0.44453125 0.05625 0.05390625
1 0.86796875 0.74296875 0.0546875 0.05390625
0 0.08359375 0.0859375 0.05 0.05390625
1 0.59609375 0.746875 0.05234375 0.05234375
1 0.09375 0.284375 0.05078125 0.0484375
1 0.5453125 0.746875 0.0515625 0.05234375
0 0.85703125 0.79609375 0.05390625 0.05234375
1 0.184375 0.44453125 0.05234375 0.0515625
0 0.80546875 0.8 0.0546875 0.05078125
1 0.13828125 0.90078125 0.053125 0.05234375
1 0.97578125 0.81328125 0.0484375 0.04921875
1 0.17734375 0.8453125 0.05390625 0.053125
0 0.646875 0.75625 0.05546875 0.05390625
1 0.92265625 0.79921875 0.053125 0.053125
0 0.903125 0.89921875 0.05390625 0.05078125
1 0.909375 0.85078125 0.05546875 0.053125
0 0.96015625 0.86015625 0.05390625 0.05234375
1 0.29921875 0.2890625 0.05625 0.05234375
1 0.12890625 0.6578125 0.05390625 0.05390625
0 0.96796875 0.0828125 0.05234375 0.0515625
1 0.3484375 0.91796875 0.0546875 0.05234375
0 0.85546875 0.9109375 0.0546875 0.05
0 0.12890625 0.953125 0.0515625 0.05078125
0 0.8 0.91484375 0.05234375 0.0484375
1 0.74921875 0.7625 0.0546875 0.05
1 0.18046875 0.959375 0.0546875 0.0546875
1 0.34921875 0.2921875 0.0546875 0.0515625
1 0.13125 0.853125 0.053125 0.05078125
0 0.915625 0.02890625 0.05390625 0.0515625
1 0.9109375 0.95625 0.05546875 0.05390625
0 0.86640625 0.18671875 0.04921875 0.05078125
0 0.96484375 0.91015625 0.053125 0.05078125
1 0.284375 0.9625 0.05390625 0.053125
1 0.13515625 0.7046875 0.053125 0.05234375
0 0.1421875 0.0265625 0.0515625 0.05
1 0.85859375 0.44375 0.0546875 0.0515625
0 0.340625 0.96796875 0.0515625 0.05
0 0.0734375 0.95859375 0.0515625 0.0515625
1 0.234375 0.96953125 0.05390625 0.0515625
1 0.759375 0.596875 0.05390625 0.053125
1 0.86015625 0.3875 0.05625 0.05234375
1 0.7640625 0.0328125 0.0546875 0.05234375
1 0.865625 0.025 0.05390625 0.04921875
0 0.59921875 0.91796875 0.05546875 0.05234375
0 0.8546875 0.96015625 0.05390625 0.05078125
0 0.3953125 0.9734375 0.0515625 0.05
1 0.70703125 0.34453125 0.046875 0.0484375
1 0.85859375 0.49921875 0.05 0.04765625
1 0.69921875 0.75078125 0.04765625 0.0453125
1 0.18828125 0.79609375 0.0546875 0.04921875
1 0.253125 0.44765625 0.04921875 0.05078125
1 0.18671875 0.334375 0.046875 0.0484375
1 0.1453125 0.28671875 0.0515625 0.053125
1 0.24765625 0.29140625 0.04609375 0.053125
1 0.240625 0.2390625 0.04921875 0.05
1 0.18671875 0.1234375 0.0484375 0.0484375
1 0.178125 0.1828125 0.0515625 0.05078125
1 0.2296875 0.18671875 0.05 0.0515625
1 0.28046875 0.18125 0.05 0.0484375
1 0.2859375 0.1296875 0.04921875 0.05078125
1 0.296875 0.03046875 0.04765625 0.04921875
1 0.34609375 0.0328125 0.046875 0.05078125
1 0.3453125 0.08828125 0.04921875 0.046875
1 0.34375 0.13515625 0.05 0.04375
1 0.396875 0.0328125 0.04375 0.05390625
1 0.40078125 0.0859375 0.04765625 0.04921875
1 0.45390625 0.084375 0.046875 0.05078125
1 0.44375 0.134375 0.05 0.0484375
1 0.596875 0.0265625 0.0484375 0.046875
1 0.65 0.03359375 0.0515625 0.04921875
1 0.81640625 0.0375 0.05 0.04765625
1 0.603125 0.075 0.0546875 0.05078125
1 0.59375 0.1296875 0.05078125 0.05
1 0.58671875 0.1765625 0.0515625 0.04765625
1 0.653125 0.13125 0.05078125 0.05
1 0.64140625 0.184375 0.04765625 0.05078125
1 0.69296875 0.184375 0.05 0.05703125
1 0.55859375 0.2828125 0.0515625 0.0515625
1 0.55234375 0.33671875 0.05 0.053125
1 0.603125 0.35 0.05 0.05078125
1 0.59921875 0.40078125 0.04765625 0.046875
1 0.59765625 0.4484375 0.0484375 0.0484375
1 0.65859375 0.35234375 0.04921875 0.05078125
1 0.81640625 0.23984375 0.04921875 0.046875
1 0.86640625 0.24140625 0.04921875 0.05
1 0.8109375 0.2875 0.04765625 0.04765625
1 0.76015625 0.33828125 0.053125 0.04921875
1 0.7015625 0.3921875 0.053125 0.04765625
1 0.7546875 0.3890625 0.05078125 0.04765625
1 0.75546875 0.43671875 0.04765625 0.053125
1 0.75625 0.54765625 0.0515625 0.0484375
1 0.709375 0.60390625 0.046875 0.0515625
1 0.87109375 0.54765625 0.05078125 0.05078125
1 0.86171875 0.5953125 0.05078125 0.05078125
1 0.8125 0.64296875 0.05078125 0.053125
1 0.8640625 0.64296875 0.0515625 0.0515625
0 0.5359375 0.1921875 0.0515625 0.04921875
0 0.815625 0.18984375 0.053125 0.0515625
0 0.70625 0.1390625 0.05546875 0.05078125
0 0.86796875 0.34140625 0.04921875 0.04765625
0 0.75625 0.50234375 0.05078125 0.0515625