1 0.7640625 0.5609375 0.04921875 0.0484375
0 0.55546875 0.5046875 0.0484375 0.0453125
0 0.5046875 0.5140625 0.046875 0.0453125
0 0.3921875 0.409375 0.0484375 0.04609375
0 0.5359375 0.4046875 0.04765625 0.0453125
0 0.6125 0.30390625 0.04765625 0.046875
0 0.55390625 0.4546875 0.04765625 0.0453125
1 0.82109375 0.61484375 0.05 0.0484375
0 0.3078125 0.51640625 0.04765625 0.04453125
0 0.43984375 0.40390625 0.046875 0.04609375
0 0.55390625 0.30625 0.046875 0.04609375
0 0.26328125 0.50546875 0.04765625 0.046875
0 0.65390625 0.5578125 0.04765625 0.04609375
0 0.6078125 0.56328125 0.046875 0.04375
0 0.1953125 0.40859375 0.04765625 0.046875
0 0.56015625 0.56640625 0.04765625 0.04375
0 0.503125 0.359375 0.0453125 0.0453125
0 0.30234375 0.35703125 0.04921875 0.046875
0 0.66875 0.2484375 0.05 0.046875
0 0.615625 0.25 0.04765625 0.04453125
0 0.25390625 0.4078125 0.04921875 0.046875
0 0.39609375 0.34921875 0.0484375 0.046875
0 0.4859375 0.4046875 0.0453125 0.0453125
1 0.80625 0.50859375 0.05078125 0.04765625
0 0.665625 0.665625 0.04921875 0.04609375
0 0.29921875 0.70703125 0.04921875 0.046875
0 0.14921875 0.46015625 0.05 0.0484375
0 0.34765625 0.35 0.04765625 0.04609375
0 0.5078125 0.3125 0.04921875 0.046875
0 0.19609375 0.3609375 0.04921875 0.04765625
0 0.246875 0.4546875 0.04765625 0.04609375
0 0.615625 0.6625 0.04921875 0.046875
0 0.1421875 0.56328125 0.0484375 0.04609375
0 0.66328125 0.61640625 0.0484375 0.04765625
0 0.2 0.46015625 0.0484375 0.046875
0 0.30078125 0.40390625 0.04765625 0.04609375
0 0.0984375 0.503125 0.04921875 0.046875
0 0.0875 0.30234375 0.04921875 0.0484375
0 0.09609375 0.4578125 0.05 0.0484375
0 0.0953125 0.5640625 0.04921875 0.046875
0 0.7140625 0.20078125 0.0484375 0.04375
0 0.09609375 0.41015625 0.04921875 0.0484375
0 0.66328125 0.19921875 0.04765625 0.04375
0 0.3015625 0.76640625 0.05 0.04609375
1 0.8765625 0.55390625 0.04921875 0.046875
1 0.7171875 0.2484375 0.04921875 0.04765625
1 0.81328125 0.45625 0.0515625 0.0484375
1 0.86640625 0.39296875 0.05 0.0484375
0 0.6125 0.709375 0.04921875 0.0453125
0 0.08359375 0.25234375 0.05 0.04921875
0 0.08203125 0.6609375 0.0515625 0.04921875
1 0.925 0.4515625 0.05 0.04765625
1 0.60390625 0.3546875 0.04921875 0.046875
0 0.14140625 0.71953125 0.05078125 0.04765625
0 0.1453125 0.3609375 0.04765625 0.04609375
0 0.60078125 0.771875 0.04765625 0.04453125
1 0.80234375 0.20078125 0.05 0.04765625
1 0.6703125 0.76640625 0.0515625 0.04765625
0 0.8625 0.50859375 0.04921875 0.04609375
1 0.9265625 0.55390625 0.04921875 0.046875
1 0.5109375 0.196875 0.0484375 0.04765625
1 0.96796875 0.5015625 0.05078125 0.0484375
0 0.3046875 0.821875 0.04921875 0.04609375
1 0.15078125 0.25 0.0515625 0.04921875
1 0.66171875 0.30234375 0.04765625 0.046875
0 0.56328125 0.815625 0.04765625 0.0453125
0 0.09296875 0.71484375 0.05 0.04765625
0 0.0390625 0.409375 0.04765625 0.046875
0 0.0921875 0.35625 0.05 0.04765625
0 0.04765625 0.55625 0.04921875 0.04765625
0 0.615625 0.81640625 0.04765625 0.0453125
1 0.553125 0.253125 0.04921875 0.04765625
0 0.14296875 0.765625 0.05078125 0.04765625
0 0.0890625 0.19375 0.05 0.04921875
0 0.45703125 0.86015625 0.05 0.04765625
0 0.04921875 0.50703125 0.0484375 0.04609375
0 0.08828125 0.7703125 0.05 0.046875
0 0.7625 0.153125 0.04765625 0.046875
0 0.31171875 0.86875 0.0484375 0.04609375
0 0.8734375 0.6171875 0.04921875 0.04609375
1 0.03828125 0.35234375 0.0515625 0.05078125
1 0.66875 0.71328125 0.05 0.04765625
1 0.30234375 0.24609375 0.04921875 0.0484375
0 0.8109375 0.153125 0.046875 0.04609375
1 0.45390625 0.66875 0.04921875 0.0484375
1 0.60625 0.20390625 0.04921875 0.046875
1 0.55546875 0.7578125 0.05 0.046875
0 0.40703125 0.865625 0.04765625 0.046875
1 0.65 0.153125 0.05 0.0484375
0 0.14921875 0.82421875 0.0515625 0.0484375
0 0.7140625 0.153125 0.04921875 0.046875
1 0.55078125 0.35390625 0.0484375 0.0484375
1 0.45859375 0.56640625 0.04921875 0.046875
0 0.921875 0.61640625 0.04921875 0.04765625
0 0.359375 0.86875 0.0484375 0.04609375
1 0.82109375 0.8171875 0.05078125 0.04765625
1 0.18984375 0.203125 0.05 0.04921875
1 0.0390625 0.29921875 0.0515625 0.05234375
1 0.5078125 0.4546875 0.04921875 0.04765625
0 0.365625 0.9234375 0.0484375 0.046875
1 0.2515625 0.203125 0.05 0.04765625
1 0.45703125 0.36015625 0.0484375 0.04765625
1 0.615625 0.61484375 0.04921875 0.04765625
0 0.0921875 0.81953125 0.05078125 0.04765625
1 0.5609375 0.7109375 0.05078125 0.04765625
1 0.46171875 0.76640625 0.05078125 0.04765625
1 0.296875 0.15 0.05078125 0.0484375
1 0.5109375 0.60546875 0.0484375 0.04765625
1 0.565625 0.66171875 0.05 0.0484375
0 0.18203125 0.86875 0.04765625 0.04609375
0 0.5625 0.8625 0.046875 0.04453125
1 0.03671875 0.24296875 0.05078125 0.05234375
1 0.45625 0.30546875 0.04921875 0.0484375
0 0.30234375 0.91640625 0.05 0.04765625
1 0.403125 0.2984375 0.04921875 0.0484375
0 0.0421875 0.81484375 0.05 0.0484375
0 0.8578125 0.1453125 0.0484375 0.04609375
1 0.5109375 0.81875 0.05 0.0484375
0 0.13671875 0.8734375 0.0484375 0.046875
1 0.30078125 0.303125 0.05078125 0.04921875
1 0.03671875 0.61015625 0.0515625 0.0515625
1 0.45703125 0.44765625 0.04921875 0.046875
1 0.13671875 0.1421875 0.04921875 0.05
1 0.559375 0.61484375 0.05 0.0484375
1 0.034375 0.7171875 0.0515625 0.05078125
0 0.0390625 0.76875 0.04921875 0.04921875
1 0.25546875 0.3609375 0.05 0.04765625
1 0.20546875 0.31328125 0.04921875 0.04765625
1 0.03203125 0.6625 0.0515625 0.0515625
1 0.409375 0.55078125 0.05 0.046875
1 0.4046875 0.45625 0.05078125 0.0484375
0 0.515625 0.86875 0.04765625 0.04453125
1 0.5046875 0.559375 0.04765625 0.04765625
1 0.39921875 0.71953125 0.05 0.04765625
1 0.1859375 0.1484375 0.05 0.04921875
1 0.9796875 0.6109375 0.040625 0.046875
1 0.03828125 0.1875 0.0515625 0.0515625
1 0.346875 0.3984375 0.04921875 0.04765625
1 0.196875 0.553125 0.0515625 0.0484375
0 0.08515625 0.14375 0.053125 0.0484375
1 0.1953125 0.5078125 0.05 0.04765625
1 0.2984375 0.45 0.0484375 0.046875
1 0.1484375 0.6125 0.0515625 0.04921875
1 0.396875 0.67109375 0.05 0.0484375
1 0.3984375 0.50546875 0.04921875 0.04765625
1 0.35 0.45234375 0.04921875 0.0484375
1 0.25078125 0.0859375 0.05078125 0.0484375
1 0.25390625 0.31328125 0.0484375 0.0484375
1 0.0921875 0.61484375 0.05078125 0.05
1 0.3015625 0.61015625 0.05078125 0.04921875
1 0.0328125 0.134375 0.0515625 0.0515625
1 0.3578125 0.54921875 0.04921875 0.046875
1 0.1453125 0.50859375 0.04921875 0.04765625
1 0.34765625 0.71796875 0.05078125 0.04765625
1 0.30625 0.56171875 0.05 0.04765625
0 0.0359375 0.86328125 0.04921875 0.04765625
1 0.2453125 0.61171875 0.05 0.04921875
1 0.3578125 0.81484375 0.0515625 0.0484375
1 0.3546875 0.76640625 0.0515625 0.0484375
1 0.4109375 0.8171875 0.05 0.04765625
1 0.24375 0.821875 0.0515625 0.05
1 0.2484375 0.76640625 0.0515625 0.04921875
1 0.4578125 0.81171875 0.04921875 0.046875
1 0.24765625 0.65859375 0.05078125 0.0484375
1 0.35234375 0.4984375 0.05 0.0484375
1 0.14453125 0.66484375 0.05078125 0.0484375
0 0.08671875 0.9203125 0.05 0.04765625
1 0.1921875 0.7640625 0.0515625 0.04921875
1 0.23125 0.8671875 0.053125 0.04921875
1 0.25390625 0.559375 0.04921875 0.04765625
1 0.24296875 0.9203125 0.053125 0.04921875
1 0.31015625 0.66328125 0.05078125 0.0484375
0 0.865625 0.75625 0.04921875 0.046875
1 0.25234375 0.7078125 0.0515625 0.0484375
1 0.19140625 0.671875 0.05078125 0.04921875
1 0.19609375 0.8109375 0.05 0.04765625
0 0.0375 0.91796875 0.04921875 0.0484375
1 0.19921875 0.715625 0.0515625 0.0484375
1 0.13515625 0.92109375 0.05078125 0.0484375
1 0.18359375 0.91484375 0.0515625 0.04921875
1 0.31171875 0.971875 0.0515625 0.0484375
0 0.19765625 0.9640625 0.0515625 0.05078125
1 0.24609375 0.975 0.05234375 0.04921875
0 0.1421875 0.96796875 0.05234375 0.04921875
0 0.36328125 0.97265625 0.05 0.0453125
0 0.09140625 0.9703125 0.04921875 0.0484375