1 0.53359375 0.52265625 0.0546875 0.04765625
0 0.1609375 0.48515625 0.05625 0.0484375
1 0.65390625 0.5203125 0.0578125 0.04921875
1 0.465625 0.52265625 0.05703125 0.04921875
1 0.4734375 0.56953125 0.0578125 0.05
1 0.39609375 0.521875 0.05703125 0.04921875
1 0.76484375 0.525 0.05859375 0.04921875
1 0.7140625 0.47890625 0.05703125 0.0484375
1 0.4125 0.42734375 0.05546875 0.0484375
1 0.47265625 0.6203125 0.0578125 0.05078125
1 0.58125 0.47578125 0.05625 0.05
1 0.59375 0.62421875 0.0578125 0.05078125
1 0.5265625 0.46953125 0.05703125 0.04921875
1 0.35390625 0.58125 0.05859375 0.04921875
1 0.59375 0.57421875 0.05625 0.05
1 0.4125 0.621875 0.05703125 0.05
1 0.6515625 0.6234375 0.05859375 0.05078125
1 0.53046875 0.6296875 0.05625 0.05078125
1 0.35234375 0.42890625 0.05703125 0.05
1 0.4671875 0.41875 0.05625 0.04921875
1 0.70625 0.56796875 0.05703125 0.05
1 0.69921875 0.38203125 0.05625 0.04765625
1 0.24140625 0.6234375 0.05703125 0.05078125
0 0.18046875 0.2734375 0.05546875 0.0484375
1 0.76875 0.47265625 0.05703125 0.04921875
1 0.35546875 0.378125 0.05703125 0.05
1 0.578125 0.37890625 0.05546875 0.0484375
1 0.82578125 0.47421875 0.05703125 0.04921875
1 0.8296875 0.67734375 0.06015625 0.0515625
1 0.41484375 0.37265625 0.05703125 0.05
1 0.23125 0.5703125 0.05859375 0.04921875
1 0.3046875 0.6765625 0.05859375 0.0515625
1 0.29921875 0.36875 0.05703125 0.05
1 0.77421875 0.628125 0.05859375 0.05
0 0.190625 0.33359375 0.05625 0.04921875
1 0.24375 0.6703125 0.05859375 0.05234375
0 0.86875 0.4390625 0.06015625 0.04921875
1 0.70234375 0.33046875 0.05625 0.04921875
0 0.8140625 0.334375 0.05859375 0.0484375
1 0.83046875 0.63046875 0.06015625 0.0515625
0 0.35234375 0.48984375 0.0578125 0.0484375
1 0.82734375 0.58125 0.059375 0.05078125
1 0.290625 0.48046875 0.05625 0.04921875
1 0.18359375 0.6234375 0.0578125 0.05078125
1 0.75859375 0.33359375 0.0578125 0.05078125
1 0.6375 0.33671875 0.05546875 0.04921875
1 0.52265625 0.32890625 0.05546875 0.04765625
1 0.2453125 0.3734375 0.05546875 0.04921875
1 0.459375 0.2828125 0.0546875 0.04765625
1 0.65 0.2921875 0.05546875 0.04921875
0 0.16796875 0.53125 0.05703125 0.04921875
0 0.23125 0.5234375 0.05703125 0.0484375
1 0.23671875 0.428125 0.05625 0.05
0 0.2984375 0.32109375 0.05625 0.04765625
0 0.2859375 0.5359375 0.05703125 0.04921875
1 0.521875 0.2828125 0.0546875 0.046875
0 0.23046875 0.24140625 0.05546875 0.0484375
1 0.83125 0.7296875 0.0609375 0.05390625
0 0.58984375 0.24453125 0.0546875 0.0453125
1 0.23515625 0.71953125 0.06015625 0.053125
1 0.57890625 0.28671875 0.053125 0.046875
1 0.8921875 0.5796875 0.0609375 0.05078125
0 0.29453125 0.24453125 0.0546875 0.04609375
0 0.71171875 0.615625 0.05859375 0.05078125
1 0.75703125 0.28046875 0.05625 0.0484375
0 0.76015625 0.38125 0.0578125 0.0484375
1 0.6515625 0.57578125 0.05703125 0.05
0 0.88046875 0.33359375 0.059375 0.04921875
0 0.24375 0.19375 0.0546875 0.0484375
0 0.6359375 0.38203125 0.05703125 0.04765625
0 0.3546875 0.1953125 0.0546875 0.046875
1 0.515625 0.23828125 0.0546875 0.04765625
1 0.23515625 0.475 0.05546875 0.04921875
1 0.89453125 0.628125 0.0609375 0.05078125
1 0.88203125 0.4859375 0.06015625 0.05078125
0 0.24375 0.3296875 0.05546875 0.04765625
1 0.8109375 0.28828125 0.05703125 0.04921875
1 0.4609375 0.23828125 0.0546875 0.0484375
0 0.40703125 0.18671875 0.05625 0.046875
1 0.64921875 0.2421875 0.05546875 0.046875
0 0.4625 0.4703125 0.0578125 0.04765625
0 0.4609375 0.19375 0.05546875 0.04375
0 0.65546875 0.47421875 0.0578125 0.04765625
0 0.18984375 0.37890625 0.05625 0.04921875
0 0.234375 0.2859375 0.05625 0.05
0 0.4078125 0.47734375 0.05703125 0.04921875
0 0.2953125 0.58125 0.05625 0.04921875
0 0.8140625 0.3796875 0.05859375 0.0484375
0 0.765625 0.67734375 0.06015625 0.05234375
0 0.4578125 0.33046875 0.05625 0.0484375
0 0.3421875 0.5359375 0.0578125 0.04765625
0 0.815625 0.4265625 0.0578125 0.05
1 0.17578125 0.71953125 0.059375 0.053125
0 0.70390625 0.43515625 0.059375 0.04921875
0 0.1703125 0.578125 0.05859375 0.04765625
1 0.1796875 0.428125 0.0546875 0.05
0 0.40546875 0.2796875 0.05625 0.0484375
0 0.35078125 0.28828125 0.0546875 0.0484375
0 0.521875 0.37734375 0.0578125 0.04765625
0 0.46953125 0.3734375 0.05625 0.046875
1 0.70234375 0.2359375 0.05390625 0.0453125
0 0.17265625 0.18203125 0.0546875 0.046875
0 0.48046875 0.66953125 0.05859375 0.053125
0 0.353125 0.24296875 0.05546875 0.04765625
0 0.70859375 0.66796875 0.0578125 0.0515625
0 0.63203125 0.428125 0.0578125 0.0484375
1 0.88984375 0.5328125 0.06015625 0.05
0 0.40546875 0.23203125 0.05546875 0.046875
0 0.29140625 0.725 0.06015625 0.05078125
0 0.759375 0.42734375 0.05859375 0.04765625
0 0.34921875 0.33359375 0.05625 0.04765625
0 0.57734375 0.428125 0.0578125 0.04765625
0 0.521875 0.4234375 0.05625 0.04609375
0 0.5921875 0.67265625 0.059375 0.0515625
0 0.36875 0.68046875 0.059375 0.0515625
1 0.86640625 0.28515625 0.05859375 0.04921875
0 0.40390625 0.32421875 0.05625 0.046875
0 0.425 0.6734375 0.0578125 0.0515625
0 0.35625 0.6296875 0.059375 0.0515625
1 0.57890625 0.3375 0.05625 0.04921875
0 0.30078125 0.628125 0.05859375 0.0484375
0 0.534375 0.690625 0.05703125 0.05078125
1 0.815625 0.2359375 0.05546875 0.04765625
0 0.478125 0.72578125 0.059375 0.05234375
1 0.70390625 0.2796875 0.05625 0.04765625
0 0.76875 0.72734375 0.0609375 0.053125
0 0.35703125 0.73046875 0.06015625 0.0515625
1 0.7 0.18984375 0.05546875 0.046875
0 0.64765625 0.671875 0.06015625 0.0515625
1 0.290625 0.77421875 0.059375 0.05390625
1 0.64609375 0.1875 0.05546875 0.04765625
0 0.646875 0.7203125 0.059375 0.0515625
1 0.5125 0.18203125 0.0546875 0.046875
0 0.709375 0.7171875 0.0578125 0.05
1 0.9015625 0.73515625 0.06171875 0.0546875
0 0.5890625 0.72109375 0.05859375 0.05078125
1 0.7578125 0.1828125 0.05546875 0.04609375
1 0.83671875 0.7859375 0.06015625 0.05234375
1 0.1703125 0.771875 0.06015625 0.053125
0 0.77734375 0.778125 0.0625 0.053125
0 0.35625 0.7796875 0.06015625 0.05390625
0 0.64765625 0.7703125 0.059375 0.053125
0 0.584375 0.775 0.05859375 0.053125
0 0.47421875 0.7765625 0.05859375 0.05234375
0 0.41640625 0.78125 0.05859375 0.05234375
1 0.87265625 0.184375 0.05859375 0.04921875