0 0.6046875 0.32421875 0.0453125 0.053125
1 0.096875 0.2390625 0.05078125 0.0546875
0 0.55 0.22890625 0.04921875 0.0484375
0 0.540625 0.43984375 0.0484375 0.04921875
0 0.45 0.340625 0.04921875 0.05
0 0.68828125 0.390625 0.046875 0.046875
0 0.5953125 0.5953125 0.04765625 0.046875
0 0.6890625 0.2265625 0.0484375 0.0515625
0 0.73828125 0.33671875 0.0484375 0.05234375
0 0.7390625 0.175 0.04921875 0.0484375
0 0.690625 0.28828125 0.0484375 0.05078125
0 0.19609375 0.3421875 0.04921875 0.0515625
0 0.846875 0.33203125 0.0484375 0.053125
1 0.84296875 0.2796875 0.05078125 0.05234375
0 0.2546875 0.58828125 0.04921875 0.05078125
0 0.2515625 0.1234375 0.05078125 0.05078125
0 0.64296875 0.49375 0.046875 0.05
0 0.49765625 0.1265625 0.0484375 0.04765625
0 0.36015625 0.27890625 0.05 0.05390625
0 0.4515625 0.2296875 0.05 0.05234375
0 0.203125 0.125 0.05078125 0.0515625
0 0.19765625 0.68828125 0.04765625 0.0484375
0 0.6890625 0.54609375 0.04765625 0.053125
1 0.73828125 0.2265625 0.05234375 0.053125
0 0.3078125 0.2296875 0.05 0.0515625
0 0.44140625 0.0734375 0.0484375 0.05
0 0.8421875 0.39375 0.04765625 0.05234375
0 0.55234375 0.278125 0.05 0.05234375
0 0.7890625 0.3828125 0.04765625 0.0515625
0 0.49609375 0.4984375 0.0484375 0.04921875
0 0.56171875 0.54375 0.0484375 0.04921875
0 0.89375 0.48515625 0.04921875 0.0515625
0 0.296875 0.075 0.05 0.05078125
0 0.44609375 0.66015625 0.04765625 0.05078125
0 0.1421875 0.490625 0.0484375 0.05234375
0 0.03984375 0.503125 0.046875 0.05078125
1 0.14453125 0.74765625 0.05078125 0.05
0 0.6 0.37890625 0.0484375 0.05078125
0 0.94375 0.4875 0.046875 0.04921875
1 0.8515625 0.13125 0.05234375 0.05234375
0 0.4953125 0.6546875 0.04765625 0.0515625
0 0.6859375 0.12578125 0.0484375 0.05
1 0.690625 0.4921875 0.05 0.05234375
0 0.8953125 0.390625 0.04921875 0.05390625
0 0.0953125 0.74921875 0.04765625 0.05078125
0 0.7375 0.390625 0.04921875 0.05
0 0.30078125 0.1265625 0.0515625 0.053125
0 0.8015625 0.128125 0.0484375 0.0515625
0 0.9421875 0.34296875 0.04765625 0.05078125
0 0.43828125 0.796875 0.0484375 0.05078125
0 0.20078125 0.5984375 0.04921875 0.05234375
0 0.79609375 0.44140625 0.04921875 0.0515625
0 0.48984375 0.70625 0.05 0.05234375
0 0.0546875 0.13515625 0.0484375 0.0515625
0 0.840625 0.44609375 0.0484375 0.053125
0 0.83984375 0.4953125 0.05078125 0.05390625
0 0.559375 0.07890625 0.04921875 0.04921875
0 0.3984375 0.753125 0.046875 0.0515625
0 0.6890625 0.4421875 0.04921875 0.05078125
0 0.0515625 0.18828125 0.0484375 0.05234375
0 0.4453125 0.54765625 0.04765625 0.05078125
0 0.446875 0.4953125 0.04921875 0.04765625
0 0.15703125 0.0671875 0.05078125 0.05234375
1 0.9359375 0.5359375 0.0515625 0.05546875
0 0.5078125 0.753125 0.04765625 0.0515625
1 0.790625 0.553125 0.05 0.053125
0 0.8859375 0.553125 0.04921875 0.05234375
0 0.1015625 0.54296875 0.04921875 0.05234375
0 0.2984375 0.74375 0.04921875 0.05078125
0 0.946875 0.39375 0.04765625 0.053125
0 0.5578125 0.03359375 0.04765625 0.04375
0 0.35 0.75703125 0.0484375 0.05
0 0.25 0.63984375 0.04921875 0.05234375
0 0.5421875 0.859375 0.04921875 0.05078125
0 0.10625 0.12265625 0.05 0.05390625
0 0.79453125 0.0796875 0.04921875 0.05078125
1 0.890625 0.28359375 0.04921875 0.053125
0 0.7875 0.80859375 0.04921875 0.05390625
1 0.9375 0.28046875 0.0484375 0.053125
0 0.5953125 0.6453125 0.046875 0.04921875
1 0.2984375 0.85078125 0.0515625 0.053125
0 0.05703125 0.80546875 0.04765625 0.05078125
0 0.24921875 0.74765625 0.04765625 0.04921875
0 0.10859375 0.0703125 0.04765625 0.04921875
0 0.19765625 0.740625 0.0484375 0.05234375
0 0.6890625 0.81171875 0.05 0.05390625
0 0.6390625 0.85546875 0.0484375 0.0515625
0 0.29921875 0.79609375 0.04921875 0.0515625
0 0.35234375 0.02421875 0.0484375 0.04140625
0 0.053125 0.553125 0.0484375 0.05390625
1 0.79453125 0.65 0.05 0.05390625
1 0.93828125 0.59296875 0.05 0.05390625
1 0.74609375 0.5921875 0.0515625 0.05625
1 0.84140625 0.6453125 0.05 0.05390625
0 0.44609375 0.8546875 0.04921875 0.04921875
0 0.1546875 0.7953125 0.04921875 0.0515625
0 0.7390625 0.80703125 0.0515625 0.05234375
0 0.3484375 0.84765625 0.04921875 0.05078125
1 0.8875 0.61015625 0.05078125 0.0546875
0 0.2046875 0.85078125 0.04765625 0.05
0 0.25234375 0.8546875 0.05 0.0484375
1 0.840625 0.55 0.0515625 0.05390625
0 0.74609375 0.0828125 0.05 0.0546875
1 0.7890625 0.753125 0.04921875 0.05234375
0 0.69453125 0.8640625 0.04921875 0.05078125
1 0.59140625 0.853125 0.0515625 0.0515625
1 0.840625 0.7 0.05078125 0.053125
1 0.84375 0.08125 0.0515625 0.05234375
1 0.73515625 0.70625 0.04921875 0.05234375
0 0.39609375 0.85625 0.04921875 0.05
0 0.878125 0.85 0.04921875 0.053125
1 0.884375 0.75078125 0.0484375 0.05078125
1 0.94765625 0.79375 0.04921875 0.0515625
0 0.8328125 0.865625 0.04921875 0.053125
1 0.95078125 0.84453125 0.04765625 0.046875
0 0.346875 0.90234375 0.0484375 0.05078125
0 0.58984375 0.9078125 0.0484375 0.0515625
0 0.53828125 0.9109375 0.0484375 0.05
0 0.63984375 0.91953125 0.0453125 0.04765625
1 0.89140625 0.7984375 0.05078125 0.053125
1 0.8421875 0.8140625 0.05 0.0515625
0 0.10546875 0.9015625 0.04921875 0.0515625
0 0.053125 0.9078125 0.046875 0.05
1 0.1046875 0.959375 0.0515625 0.05390625
1 0.39140625 0.5453125 0.0515625 0.0515625
1 0.15078125 0.9640625 0.05 0.05234375
0 0.89375 0.89375 0.0484375 0.05
1 0.3375 0.96015625 0.05078125 0.05390625
1 0.253125 0.9640625 0.05234375 0.05390625
1 0.5953125 0.8015625 0.05078125 0.0515625
1 0.534375 0.9625 0.0515625 0.053125
0 0.95234375 0.89375 0.046875 0.0515625
1 0.4328125 0.9625 0.0484375 0.0515625
0 0.753125 0.03046875 0.05 0.05
0 0.59140625 0.96015625 0.0484375 0.0515625
0 0.05390625 0.96015625 0.04921875 0.0515625
1 0.48671875 0.9625 0.05078125 0.05234375
1 0.85390625 0.0296875 0.0484375 0.04921875
1 0.80234375 0.0296875 0.05 0.0515625
0 0.3015625 0.0234375 0.05 0.04609375
0 0.2484375 0.17578125 0.046875 0.04921875
0 0.25703125 0.2328125 0.05 0.05
0 0.26015625 0.284375 0.046875 0.04765625
0 0.309375 0.28125 0.04921875 0.0484375
0 0.24921875 0.33359375 0.04765625 0.0484375
0 0.046875 0.3453125 0.0453125 0.04765625
0 0.0484375 0.39453125 0.046875 0.046875
0 0.09921875 0.38828125 0.05 0.04921875
0 0.1515625 0.38828125 0.046875 0.0515625
0 0.20078125 0.39296875 0.05 0.05234375
0 0.14921875 0.54296875 0.0453125 0.05
0 0.19921875 0.54453125 0.05 0.05390625
0 0.04921875 0.85703125 0.046875 0.04921875
0 0.3984375 0.39296875 0.04765625 0.05390625
0 0.4484375 0.39453125 0.05 0.0546875
0 0.4421875 0.44609375 0.04609375 0.04609375
0 0.54609375 0.496875 0.04765625 0.04765625
0 0.3953125 0.64921875 0.04921875 0.0515625
0 0.4359375 0.7125 0.0453125 0.046875
0 0.5453125 0.646875 0.04921875 0.05078125
0 0.64453125 0.59765625 0.0453125 0.05078125
0 0.6921875 0.596875 0.0484375 0.05078125
0 0.10546875 0.7984375 0.04609375 0.04609375
1 0.15390625 0.1234375 0.0453125 0.04765625
1 0.10078125 0.18125 0.046875 0.0515625
1 0.14921875 0.18203125 0.0484375 0.053125
1 0.19921875 0.178125 0.04765625 0.0515625
1 0.2015625 0.2328125 0.0484375 0.04765625
1 0.04765625 0.24609375 0.046875 0.04921875
1 0.04765625 0.29609375 0.04609375 0.0453125
1 0.153125 0.28671875 0.04609375 0.04765625
1 0.2015625 0.2828125 0.0453125 0.05078125
1 0.09375 0.334375 0.04609375 0.04765625
1 0.14765625 0.3390625 0.04453125 0.04375
1 0.04609375 0.4453125 0.04921875 0.04765625
1 0.10078125 0.43828125 0.04609375 0.0484375
1 0.09375 0.48984375 0.04609375 0.04765625
1 0.14921875 0.440625 0.04609375 0.04453125
1 0.196875 0.44453125 0.04609375 0.046875
1 0.18828125 0.49296875 0.04296875 0.04453125
1 0.24921875 0.3859375 0.04609375 0.0453125
1 0.24765625 0.4390625 0.04765625 0.04921875
1 0.24140625 0.48984375 0.04609375 0.04765625
1 0.24765625 0.5390625 0.04921875 0.04609375
1 0.29765625 0.5359375 0.04921875 0.05
1 0.29921875 0.33359375 0.04765625 0.04921875
1 0.35 0.33203125 0.05 0.0515625
1 0.3484375 0.390625 0.0484375 0.0484375
1 0.3484375 0.4421875 0.04765625 0.04921875
1 0.3953125 0.446875 0.04609375 0.04453125
1 0.34921875 0.50078125 0.0453125 0.04921875
1 0.39609375 0.49453125 0.046875 0.04921875
1 0.39921875 0.33828125 0.04765625 0.04765625
1 0.40625 0.2875 0.0453125 0.046875
1 0.45390625 0.2875 0.04765625 0.0484375
1 0.503125 0.28515625 0.0484375 0.04921875
1 0.50390625 0.33671875 0.046875 0.04609375
1 0.55546875 0.33359375 0.04921875 0.05234375
1 0.50078125 0.3859375 0.04921875 0.0484375
1 0.5515625 0.3875 0.0453125 0.04765625
1 0.49140625 0.446875 0.04765625 0.04921875
1 0.5046875 0.55234375 0.04921875 0.04609375
1 0.39375 0.596875 0.0484375 0.0453125
1 0.44453125 0.6109375 0.046875 0.04609375
1 0.49921875 0.60546875 0.04609375 0.0453125
1 0.546875 0.5953125 0.04609375 0.04765625
1 0.30546875 0.5921875 0.05 0.0484375
1 0.29921875 0.6453125 0.04609375 0.04765625
1 0.34765625 0.6546875 0.04453125 0.04609375
1 0.24609375 0.69296875 0.04609375 0.05078125
1 0.29375 0.6953125 0.04375 0.0453125
1 0.33984375 0.70703125 0.04453125 0.05
1 0.38828125 0.70234375 0.04609375 0.04921875
1 0.1015625 0.85 0.04921875 0.04765625
1 0.1546875 0.85078125 0.04765625 0.0484375
1 0.15703125 0.9046875 0.04765625 0.05
1 0.20546875 0.9015625 0.0453125 0.04765625
1 0.25234375 0.90859375 0.04765625 0.05
1 0.3 0.9125 0.0453125 0.04765625
1 0.39453125 0.9078125 0.04609375 0.04765625
1 0.44296875 0.9078125 0.0484375 0.04921875
1 0.48984375 0.91015625 0.0453125 0.05
1 0.49375 0.86015625 0.0453125 0.046875
1 0.4953125 0.80703125 0.0484375 0.05
1 0.5453125 0.80859375 0.0453125 0.04921875
1 0.64140625 0.803125 0.04375 0.05
1 0.5375 0.69921875 0.04609375 0.04921875
1 0.55546875 0.75859375 0.04765625 0.04921875
1 0.5859375 0.6984375 0.046875 0.05
1 0.63359375 0.7015625 0.0484375 0.04921875
1 0.64140625 0.75234375 0.04609375 0.0515625
1 0.6421875 0.65078125 0.04609375 0.04921875
1 0.68984375 0.64921875 0.04921875 0.046875
1 0.68828125 0.7625 0.04765625 0.04765625
1 0.73671875 0.75703125 0.04609375 0.04765625
1 0.740625 0.54140625 0.0484375 0.0453125
1 0.7921875 0.5015625 0.04609375 0.0515625
1 0.7453125 0.49140625 0.05 0.05078125
1 0.74453125 0.44140625 0.04609375 0.0515625
1 0.8953125 0.33671875 0.04453125 0.05078125
1 0.7875 0.33125 0.04921875 0.0484375
1 0.73984375 0.2859375 0.04609375 0.0484375
1 0.7875 0.28203125 0.04765625 0.04921875
1 0.7875 0.1765625 0.04765625 0.04609375
1 0.78828125 0.2296875 0.04765625 0.04921875
1 0.83671875 0.2265625 0.04609375 0.0515625
1 0.40234375 0.0234375 0.0515625 0.046875
1 0.45546875 0.02421875 0.05 0.0484375
1 0.51171875 0.0296875 0.04609375 0.0484375
1 0.496875 0.078125 0.0484375 0.04765625
1 0.34609375 0.0734375 0.04765625 0.0484375
1 0.39375 0.07109375 0.0453125 0.04375
1 0.3484375 0.125 0.04453125 0.0484375
1 0.39609375 0.121875 0.0515625 0.0515625
1 0.2984375 0.17890625 0.04765625 0.0484375
1 0.346875 0.175 0.04609375 0.04453125
1 0.39609375 0.175 0.0484375 0.046875
1 0.4453125 0.1765625 0.046875 0.04609375
1 0.3546875 0.2234375 0.04609375 0.0484375
1 0.40390625 0.23671875 0.0484375 0.05
0 0.44765625 0.1265625 0.0484375 0.0484375
0 0.50625 0.178125 0.05078125 0.04921875
0 0.5015625 0.23046875 0.04609375 0.053125