0 0.759375 0.50234375 0.06015625 0.0515625
1 0.68828125 0.59921875 0.0609375 0.0515625
0 0.6328125 0.503125 0.06171875 0.05078125
0 0.753125 0.44765625 0.06171875 0.0515625
0 0.815625 0.553125 0.06015625 0.05
0 0.6296875 0.55390625 0.0609375 0.05078125
0 0.81953125 0.50234375 0.059375 0.04921875
0 0.6921875 0.5484375 0.0609375 0.05078125
0 0.7484375 0.6046875 0.0609375 0.0515625
0 0.6375 0.44921875 0.06171875 0.0515625
0 0.74765625 0.65546875 0.0609375 0.0515625
0 0.6421875 0.4 0.06171875 0.0515625
0 0.58046875 0.3921875 0.06015625 0.05
1 0.6828125 0.6546875 0.06015625 0.0515625
0 0.621875 0.60859375 0.06171875 0.0515625
0 0.64609375 0.34765625 0.0609375 0.05078125
0 0.82890625 0.33828125 0.059375 0.05
1 0.8671875 0.71015625 0.06015625 0.053125
0 0.5578125 0.6203125 0.06015625 0.05234375
0 0.509375 0.503125 0.06328125 0.05078125
1 0.5609375 0.6734375 0.06015625 0.05234375
0 0.87578125 0.55 0.06015625 0.05234375
0 0.8078125 0.659375 0.06015625 0.05078125
1 0.74375 0.70859375 0.06015625 0.0515625
0 0.8734375 0.60390625 0.0609375 0.05234375
0 0.5203125 0.34296875 0.0625 0.05234375
0 0.52265625 0.45625 0.06171875 0.05
0 0.5875 0.290625 0.0609375 0.0515625
0 0.6234375 0.6671875 0.06171875 0.05234375
0 0.65 0.2890625 0.06015625 0.05078125
0 0.76328125 0.3984375 0.06171875 0.05078125
0 0.87734375 0.43125 0.06171875 0.05078125
0 0.49921875 0.615625 0.06328125 0.053125
1 0.67890625 0.71796875 0.0609375 0.0515625
0 0.86875 0.66015625 0.06015625 0.05234375
0 0.8890625 0.33984375 0.06015625 0.05078125
0 0.525 0.29140625 0.06328125 0.053125
0 0.5 0.67109375 0.0625 0.053125
0 0.76796875 0.284375 0.0609375 0.04921875
0 0.80703125 0.709375 0.0609375 0.0515625
1 0.434375 0.67734375 0.0625 0.053125
0 0.4484375 0.5546875 0.0625 0.05234375
0 0.378125 0.5140625 0.065625 0.05234375
0 0.58984375 0.2359375 0.06015625 0.05
1 0.61875 0.7234375 0.06015625 0.05234375
1 0.80234375 0.759375 0.0609375 0.053125
1 0.859375 0.7640625 0.06015625 0.053125
0 0.840625 0.2359375 0.05859375 0.0484375
1 0.30546875 0.68203125 0.06328125 0.053125
1 0.1125 0.62578125 0.06640625 0.0546875
1 0.31875 0.5671875 0.06484375 0.05390625
0 0.38203125 0.56796875 0.065625 0.05390625
0 0.4625 0.2875 0.065625 0.053125
0 0.43984375 0.6125 0.06484375 0.05390625
1 0.19140625 0.453125 0.0640625 0.053125
0 0.8953125 0.284375 0.059375 0.04921875
1 0.67734375 0.76640625 0.06171875 0.053125
0 0.52421875 0.23359375 0.0625 0.0515625
1 0.396875 0.2375 0.0640625 0.0546875
1 0.55078125 0.725 0.06015625 0.053125
0 0.38828125 0.4015625 0.065625 0.0546875
1 0.12421875 0.509375 0.06484375 0.053125
1 0.321875 0.45078125 0.06484375 0.053125
1 0.4890625 0.7265625 0.06015625 0.053125
1 0.4734375 0.184375 0.06015625 0.05078125
1 0.315625 0.50625 0.065625 0.05234375
1 0.33515625 0.2921875 0.06328125 0.053125
0 0.31171875 0.6203125 0.06484375 0.05390625
1 0.3984375 0.2921875 0.0625 0.05390625
1 0.2515625 0.615625 0.065625 0.05390625
0 0.4609375 0.23671875 0.0640625 0.053125
0 0.3765625 0.61796875 0.065625 0.05546875
1 0.32578125 0.3484375 0.06328125 0.053125
1 0.1875 0.5671875 0.0640625 0.053125
1 0.11171875 0.68828125 0.065625 0.053125
0 0.371875 0.67265625 0.06484375 0.0546875
1 0.2609375 0.3484375 0.06328125 0.05234375
1 0.42890625 0.72890625 0.0625 0.053125
1 0.25390625 0.5671875 0.06484375 0.0546875
0 0.3203125 0.39765625 0.06640625 0.05390625
0 0.2515625 0.5078125 0.0671875 0.053125
0 0.38984375 0.3453125 0.06640625 0.053125
1 0.40234375 0.1828125 0.06171875 0.05234375
0 0.384375 0.4625 0.06328125 0.0515625
0 0.1875 0.51171875 0.06484375 0.05546875
1 0.25390625 0.403125 0.06328125 0.053125
1 0.36640625 0.73125 0.06484375 0.053125
1 0.16875 0.740625 0.0640625 0.05234375
1 0.2359375 0.73984375 0.0640625 0.053125
1 0.29765625 0.73359375 0.06484375 0.053125
0 0.65546875 0.18125 0.0609375 0.05
0 0.5359375 0.18125 0.0640625 0.05078125
0 0.78046875 0.178125 0.06015625 0.04921875
1 0.7328125 0.8203125 0.06171875 0.053125
1 0.85859375 0.8171875 0.0609375 0.0515625
0 0.89765625 0.1796875 0.0609375 0.05