1 0.63515625 0.503125 0.06015625 0.05859375
0 0.13125 0.2828125 0.0640625 0.0625
1 0.56953125 0.50234375 0.0625 0.0609375
0 0.1359375 0.2 0.065625 0.0640625
0 0.12890625 0.43046875 0.0640625 0.0640625
1 0.4296875 0.56796875 0.0609375 0.059375
1 0.79140625 0.5734375 0.06328125 0.0609375
0 0.2 0.28515625 0.06484375 0.0640625
0 0.19140625 0.35625 0.0640625 0.0640625
1 0.49296875 0.6453125 0.06171875 0.06171875
1 0.43125 0.6421875 0.06328125 0.0625
1 0.35859375 0.5484375 0.0609375 0.059375
1 0.63359375 0.428125 0.0625 0.0578125
1 0.3515625 0.49140625 0.0625 0.06015625
1 0.48828125 0.3484375 0.0625 0.0609375
1 0.26328125 0.57890625 0.0625 0.0609375
1 0.3453125 0.646875 0.0625 0.06015625
0 0.26796875 0.43125 0.065625 0.0640625
0 0.33984375 0.26875 0.06484375 0.06328125
1 0.79921875 0.4984375 0.06484375 0.0609375
1 0.27109375 0.2953125 0.06171875 0.0609375
1 0.27265625 0.6546875 0.0625 0.0625
0 0.19296875 0.509375 0.0640625 0.0625
0 0.3421875 0.3484375 0.06484375 0.06328125
0 0.1234375 0.13125 0.06640625 0.06484375
0 0.26484375 0.35546875 0.06484375 0.06484375
1 0.1921875 0.58046875 0.06171875 0.0609375
1 0.340625 0.72578125 0.0640625 0.0640625
1 0.51171875 0.709375 0.0625 0.0609375
0 0.77265625 0.2109375 0.0640625 0.0609375
1 0.56796875 0.2984375 0.0625 0.0609375
1 0.49453125 0.2796875 0.0609375 0.06015625
1 0.87578125 0.50078125 0.06328125 0.06171875
1 0.41484375 0.28125 0.0609375 0.06171875
0 0.85703125 0.19609375 0.06484375 0.06171875
0 0.4140625 0.35234375 0.0640625 0.0625
0 0.34375 0.43203125 0.065625 0.0625
0 0.646875 0.28203125 0.0640625 0.06171875
0 0.2578125 0.5078125 0.0640625 0.0625
0 0.715625 0.27109375 0.0640625 0.0625
0 0.70625 0.19296875 0.06640625 0.0625
1 0.5671875 0.203125 0.0609375 0.059375
0 0.86484375 0.3578125 0.06328125 0.0625
0 0.85859375 0.13125 0.0640625 0.06328125
1 0.115625 0.4953125 0.06171875 0.06171875
1 0.14453125 0.5453125 0.0625 0.06328125
0 0.79140625 0.35390625 0.0640625 0.0625
1 0.63359375 0.19453125 0.06015625 0.059375
0 0.79609375 0.2890625 0.065625 0.06328125
0 0.78046875 0.13671875 0.065625 0.0609375
0 0.56328125 0.3578125 0.0640625 0.0625
0 0.64375 0.35546875 0.06171875 0.06171875
1 0.11875 0.3546875 0.06328125 0.0609375
0 0.71875 0.5 0.0640625 0.0609375
0 0.5703125 0.43203125 0.06328125 0.06171875
0 0.69765625 0.41875 0.06328125 0.059375
0 0.49765625 0.43046875 0.06484375 0.06171875
1 0.34140625 0.79765625 0.06484375 0.06328125
1 0.278125 0.21640625 0.0625 0.06015625
0 0.4171875 0.43984375 0.06328125 0.0625
1 0.19375 0.215625 0.06171875 0.06171875
1 0.34140625 0.209375 0.0625 0.0609375
0 0.9359375 0.196875 0.0640625 0.0640625
0 0.93828125 0.425 0.06484375 0.065625
1 0.71015625 0.13125 0.06015625 0.0609375
0 0.4265625 0.49921875 0.065625 0.06328125
1 0.49765625 0.2125 0.06015625 0.05625
1 0.9390625 0.4859375 0.06171875 0.06328125
1 0.87578125 0.64375 0.06484375 0.0625
0 0.78359375 0.64375 0.065625 0.06328125
0 0.48828125 0.50078125 0.0625 0.06015625
1 0.5640625 0.134375 0.06171875 0.06015625
1 0.04609375 0.50078125 0.06328125 0.0625
1 0.18671875 0.13125 0.06171875 0.06171875
1 0.275 0.8765625 0.0625 0.06171875
1 0.640625 0.13515625 0.06171875 0.059375
1 0.04921875 0.2890625 0.0625 0.06171875
1 0.3375 0.865625 0.06328125 0.06171875
1 0.0546875 0.22109375 0.06328125 0.06171875
0 0.71484375 0.58515625 0.0640625 0.0625
0 0.5515625 0.57109375 0.06328125 0.0625
0 0.559375 0.646875 0.065625 0.06328125
0 0.71640625 0.6515625 0.06640625 0.0640625
1 0.259375 0.128125 0.06171875 0.06015625
0 0.490625 0.578125 0.06328125 0.0625
1 0.0421875 0.425 0.06328125 0.0640625
0 0.6546875 0.5796875 0.06328125 0.06171875
1 0.93671875 0.6578125 0.0609375 0.06328125
0 0.4171875 0.71328125 0.06484375 0.06328125
1 0.7078125 0.0671875 0.06015625 0.05859375
0 0.803125 0.7140625 0.06484375 0.06328125
1 0.77265625 0.06484375 0.06015625 0.059375
0 0.57734375 0.71171875 0.06484375 0.06171875
1 0.04765625 0.1609375 0.0625 0.06171875
1 0.63984375 0.0640625 0.0609375 0.059375
0 0.65 0.725 0.0640625 0.0625
1 0.93046875 0.115625 0.0625 0.06171875
1 0.8546875 0.0671875 0.06015625 0.06015625
1 0.55703125 0.071875 0.06171875 0.059375
1 0.33359375 0.059375 0.0609375 0.059375
1 0.40703125 0.06171875 0.0609375 0.06015625
0 0.8671875 0.71953125 0.06640625 0.06328125
1 0.18828125 0.0703125 0.0625 0.0609375
1 0.6390625 0.94375 0.0625 0.06171875
0 0.1296875 0.0625 0.0640625 0.06015625
0 0.4203125 0.78828125 0.06484375 0.06328125
0 0.6375 0.78828125 0.06484375 0.06328125
1 0.71015625 0.9421875 0.06328125 0.06171875
0 0.503125 0.7796875 0.0640625 0.06171875
1 0.27421875 0.94765625 0.06328125 0.06015625
0 0.634375 0.87734375 0.06328125 0.0609375
0 0.40859375 0.8734375 0.06484375 0.0609375
0 0.57734375 0.8609375 0.06484375 0.06171875
0 0.56484375 0.9421875 0.0640625 0.0625
0 0.34609375 0.940625 0.06328125 0.0625
0 0.425 0.95625 0.06171875 0.06015625