0 0.38828125 0.49609375 0.05078125 0.04765625
1 0.49609375 0.6484375 0.0515625 0.046875
1 0.45 0.60078125 0.0515625 0.04765625
0 0.49609375 0.496875 0.053125 0.04921875
0 0.18125 0.49453125 0.053125 0.046875
0 0.409375 0.44453125 0.0515625 0.0484375
1 0.6015625 0.7015625 0.05234375 0.0484375
1 0.55078125 0.7 0.05078125 0.0484375
1 0.40859375 0.69453125 0.05234375 0.0484375
0 0.65546875 0.3078125 0.05234375 0.04921875
1 0.3015625 0.6453125 0.053125 0.04921875
1 0.2984375 0.69609375 0.053125 0.0484375
0 0.55234375 0.49375 0.0515625 0.04765625
1 0.44609375 0.659375 0.05234375 0.04765625
1 0.56328125 0.75625 0.0515625 0.04921875
1 0.60078125 0.5484375 0.0515625 0.046875
0 0.60703125 0.403125 0.05234375 0.0484375
1 0.2453125 0.6984375 0.053125 0.04921875
1 0.55 0.5484375 0.05078125 0.046875
1 0.396875 0.5453125 0.053125 0.04765625
0 0.5484375 0.2453125 0.053125 0.04921875
1 0.3984375 0.64453125 0.053125 0.04765625
1 0.60390625 0.50078125 0.053125 0.04921875
0 0.446875 0.55546875 0.0515625 0.046875
1 0.6578125 0.49375 0.05234375 0.04765625
0 0.184375 0.284375 0.053125 0.04921875
1 0.34296875 0.55078125 0.05234375 0.0453125
1 0.55703125 0.803125 0.0515625 0.04921875
0 0.5578125 0.396875 0.05234375 0.0484375
0 0.2484375 0.6421875 0.05390625 0.04921875
1 0.70625 0.553125 0.0515625 0.04765625
0 0.50859375 0.44296875 0.05234375 0.04921875
1 0.4515625 0.7484375 0.05234375 0.04765625
1 0.240625 0.59296875 0.053125 0.0484375
0 0.1890625 0.5921875 0.0546875 0.0484375
1 0.40078125 0.753125 0.05234375 0.04921875
0 0.65625 0.540625 0.053125 0.04765625
1 0.65859375 0.39609375 0.0515625 0.0484375
1 0.2421875 0.7484375 0.05234375 0.04921875
1 0.35 0.5984375 0.05234375 0.046875
0 0.496875 0.55078125 0.053125 0.04765625
0 0.5 0.60234375 0.0515625 0.046875
1 0.559375 0.4453125 0.05234375 0.04921875
0 0.128125 0.4890625 0.0546875 0.04921875
1 0.40234375 0.8046875 0.05390625 0.04921875
0 0.459375 0.4421875 0.05234375 0.0484375
1 0.65546875 0.8109375 0.05234375 0.0484375
1 0.5078125 0.8078125 0.05234375 0.04765625
1 0.290625 0.6 0.053125 0.0484375
0 0.7046875 0.34609375 0.05234375 0.04921875
1 0.609375 0.4484375 0.05234375 0.0484375
0 0.6625 0.13515625 0.05078125 0.0484375
1 0.2375 0.5453125 0.05390625 0.05
1 0.1859375 0.540625 0.05234375 0.04921875
0 0.60546875 0.1828125 0.05390625 0.05078125
1 0.5515625 0.85390625 0.053125 0.04921875
0 0.6046875 0.290625 0.05234375 0.04921875
1 0.29921875 0.85859375 0.05234375 0.04921875
0 0.35 0.65703125 0.053125 0.04765625
1 0.5015625 0.39375 0.05078125 0.0484375
0 0.196875 0.6515625 0.0546875 0.05
1 0.7046875 0.8140625 0.05234375 0.0484375
1 0.1421875 0.803125 0.0546875 0.04921875
0 0.4953125 0.69609375 0.053125 0.04921875
1 0.7125 0.39453125 0.0515625 0.04765625
0 0.134375 0.39375 0.0546875 0.05
1 0.76640625 0.5515625 0.05234375 0.04765625
1 0.34921875 0.85703125 0.05078125 0.046875
1 0.4515625 0.85078125 0.053125 0.04765625
1 0.3296875 0.5 0.0515625 0.0484375
0 0.13984375 0.44140625 0.05390625 0.04921875
0 0.81171875 0.14453125 0.05234375 0.05078125
0 0.60078125 0.3375 0.05078125 0.046875
0 0.509375 0.74609375 0.05390625 0.0484375
0 0.67265625 0.19296875 0.05234375 0.05078125
1 0.60625 0.84921875 0.053125 0.05
1 0.81484375 0.61015625 0.05390625 0.05
0 0.18046875 0.23046875 0.053125 0.05
0 0.7109375 0.24375 0.053125 0.0515625
1 0.39921875 0.8515625 0.0546875 0.04921875
0 0.12421875 0.2984375 0.053125 0.04921875
0 0.1359375 0.553125 0.05234375 0.046875
1 0.76875 0.29765625 0.0515625 0.04921875
1 0.65625 0.85625 0.053125 0.0484375
1 0.45234375 0.39296875 0.05 0.04921875
0 0.5453125 0.646875 0.05234375 0.04765625
0 0.7171875 0.2984375 0.053125 0.04921875
1 0.7578125 0.34375 0.053125 0.04921875
0 0.128125 0.70390625 0.053125 0.0484375
0 0.759375 0.2484375 0.0546875 0.0515625
0 0.5578125 0.1984375 0.053125 0.0515625
1 0.5515625 0.3453125 0.05234375 0.05078125
0 0.90859375 0.24375 0.053125 0.05
0 0.2984375 0.74296875 0.05234375 0.0484375
1 0.0765625 0.70390625 0.05234375 0.04921875
0 0.19296875 0.69765625 0.0546875 0.0484375
1 0.8640625 0.59921875 0.053125 0.04921875
0 0.3515625 0.70390625 0.053125 0.04609375
0 0.18828125 0.1828125 0.053125 0.05
0 0.54765625 0.14921875 0.05234375 0.04921875
1 0.70546875 0.45546875 0.0515625 0.0484375
1 0.19140625 0.44609375 0.05390625 0.04921875
0 0.86953125 0.44453125 0.05390625 0.04921875
0 0.7703125 0.19375 0.05390625 0.0515625
0 0.60625 0.6421875 0.05234375 0.046875
0 0.1921875 0.13125 0.053125 0.0515625
1 0.81328125 0.65546875 0.053125 0.04765625
1 0.546875 0.2953125 0.05234375 0.05
0 0.5609375 0.6 0.05234375 0.04765625
0 0.0703125 0.6546875 0.0546875 0.04921875
0 0.61015625 0.5953125 0.05078125 0.046875
1 0.4015625 0.39609375 0.05234375 0.04921875
0 0.13828125 0.75625 0.053125 0.0484375
0 0.8671875 0.1484375 0.053125 0.05234375
0 0.13125 0.64765625 0.05546875 0.04921875
0 0.35 0.7515625 0.05390625 0.04921875
0 0.7109375 0.60234375 0.05234375 0.046875
0 0.915625 0.18984375 0.05234375 0.0515625
1 0.8109375 0.259375 0.0515625 0.04921875
0 0.86875 0.20234375 0.05390625 0.05234375
1 0.24453125 0.3390625 0.05390625 0.05078125
1 0.1875 0.39609375 0.05390625 0.05
0 0.6625 0.5890625 0.053125 0.04609375
1 0.23671875 0.4953125 0.05234375 0.04921875
1 0.134375 0.84921875 0.0546875 0.04765625
1 0.91484375 0.59921875 0.053125 0.05
1 0.7609375 0.146875 0.0515625 0.05078125
0 0.1375 0.60078125 0.05390625 0.05
1 0.18359375 0.33515625 0.05390625 0.05078125
1 0.34765625 0.44921875 0.053125 0.04765625
0 0.08203125 0.34453125 0.053125 0.04921875
0 0.721875 0.1859375 0.053125 0.0515625
1 0.2359375 0.29140625 0.05390625 0.05078125
1 0.86484375 0.396875 0.0546875 0.0484375
1 0.76171875 0.50234375 0.053125 0.046875
1 0.596875 0.13515625 0.05234375 0.05
1 0.80625 0.3484375 0.053125 0.05
1 0.91484375 0.55234375 0.053125 0.05
1 0.81875 0.2109375 0.05234375 0.05234375
1 0.85859375 0.24921875 0.05234375 0.0515625
0 0.95625 0.2984375 0.05390625 0.0515625
1 0.5578125 0.9015625 0.05390625 0.0484375
1 0.4078125 0.89765625 0.053125 0.04765625
0 0.2984375 0.8 0.053125 0.04765625
0 0.76484375 0.603125 0.053125 0.0484375
1 0.7125 0.13828125 0.0515625 0.0515625
0 0.35078125 0.8 0.0546875 0.04921875
0 0.1890625 0.75859375 0.05390625 0.05
0 0.61171875 0.746875 0.053125 0.04765625
1 0.134375 0.3453125 0.05234375 0.04921875
0 0.6078125 0.79609375 0.053125 0.0484375
1 0.071875 0.74921875 0.05390625 0.04921875
0 0.86015625 0.08984375 0.05390625 0.053125
0 0.653125 0.71484375 0.0515625 0.0484375
1 0.8125 0.4546875 0.05390625 0.04765625
0 0.9640625 0.25078125 0.053125 0.05078125
0 0.13828125 0.13828125 0.05546875 0.05234375
0 0.80703125 0.7015625 0.05234375 0.04609375
0 0.50546875 0.8953125 0.05234375 0.046875
1 0.9046875 0.29609375 0.053125 0.0515625
0 0.71171875 0.6515625 0.053125 0.0484375
1 0.2328125 0.240625 0.0546875 0.05078125
0 0.6578125 0.76171875 0.053125 0.04765625
1 0.809375 0.09609375 0.05234375 0.05
1 0.1875 0.9015625 0.05078125 0.0484375
1 0.02578125 0.71015625 0.05 0.0484375
0 0.1359375 0.08515625 0.05390625 0.0515625
0 0.91328125 0.13125 0.053125 0.053125
0 0.24375 0.79765625 0.05390625 0.04921875
0 0.8625 0.64921875 0.05234375 0.046875
0 0.709375 0.7671875 0.05234375 0.04765625
1 0.2515625 0.3890625 0.053125 0.04765625
0 0.70234375 0.70078125 0.05546875 0.0484375
0 0.02265625 0.65859375 0.0453125 0.0484375
0 0.35625 0.903125 0.0546875 0.0484375
1 0.8546875 0.3 0.05234375 0.04921875
1 0.91796875 0.50078125 0.053125 0.04921875
0 0.9671875 0.5453125 0.05390625 0.05
0 0.7546875 0.8078125 0.053125 0.046875
1 0.759375 0.09296875 0.05234375 0.05078125
0 0.81328125 0.03828125 0.0546875 0.0515625
0 0.3015625 0.90703125 0.053125 0.04765625
0 0.76171875 0.64921875 0.05390625 0.04765625
1 0.6046875 0.090625 0.05234375 0.0484375
0 0.91015625 0.6453125 0.05390625 0.0484375
1 0.659375 0.08671875 0.053125 0.04921875
1 0.24375 0.1890625 0.05234375 0.0484375
0 0.753125 0.70390625 0.05234375 0.04609375
0 0.19296875 0.80546875 0.0546875 0.05
1 0.13828125 0.896875 0.05390625 0.0484375
1 0.24296875 0.1375 0.05390625 0.05078125
1 0.71015625 0.090625 0.0515625 0.05
0 0.86796875 0.040625 0.0546875 0.05078125
1 0.49375 0.2515625 0.053125 0.05078125
1 0.91484375 0.3609375 0.0546875 0.05
1 0.4859375 0.19140625 0.053125 0.05078125
0 0.96484375 0.5921875 0.053125 0.04765625
0 0.70625 0.86171875 0.053125 0.04921875
0 0.9109375 0.69296875 0.053125 0.0484375
0 0.96171875 0.6375 0.053125 0.046875
1 0.07734375 0.84921875 0.053125 0.0484375
1 0.96953125 0.5 0.05234375 0.04921875
0 0.60703125 0.89765625 0.053125 0.0484375
0 0.76015625 0.85546875 0.0546875 0.04765625
1 0.1890625 0.084375 0.05234375 0.04921875
1 0.55078125 0.09453125 0.05390625 0.0515625
1 0.290625 0.28359375 0.0546875 0.04921875
1 0.490625 0.14140625 0.05390625 0.04921875
0 0.24765625 0.8421875 0.05390625 0.04921875
0 0.190625 0.03671875 0.05390625 0.05
1 0.03125 0.8 0.05390625 0.0484375
1 0.240625 0.08984375 0.0546875 0.05
1 0.35546875 0.34296875 0.05390625 0.05
0 0.2390625 0.88671875 0.05546875 0.04921875
0 0.65546875 0.9046875 0.05390625 0.05
1 0.91015625 0.084375 0.053125 0.05078125
0 0.1953125 0.8515625 0.05625 0.05
0 0.9234375 0.80625 0.05390625 0.04921875
1 0.9703125 0.34375 0.053125 0.0515625
1 0.609375 0.9578125 0.0515625 0.04765625
0 0.959375 0.7 0.0546875 0.04765625
0 0.703125 0.91875 0.05234375 0.04765625
0 0.14140625 0.03359375 0.0515625 0.0515625
0 0.96171875 0.03828125 0.05390625 0.05234375
1 0.7546875 0.0453125 0.05234375 0.0484375
1 0.9609375 0.1515625 0.05546875 0.053125
1 0.459375 0.94765625 0.053125 0.04921875
1 0.9625 0.09296875 0.053125 0.05078125
1 0.55859375 0.9625 0.05234375 0.0484375
0 0.815625 0.86640625 0.053125 0.04609375
1 0.24453125 0.0421875 0.05390625 0.04921875
0 0.9703125 0.80078125 0.053125 0.04921875
0 0.9140625 0.8546875 0.0515625 0.046875
0 0.2390625 0.94609375 0.05390625 0.04921875
1 0.65625 0.0375 0.05234375 0.04921875
0 0.6609375 0.95390625 0.0515625 0.0484375
1 0.35625 0.96015625 0.053125 0.04765625
1 0.1859375 0.95078125 0.05078125 0.04921875
0 0.86796875 0.87109375 0.053125 0.046875
1 0.54609375 0.03984375 0.05234375 0.04921875