1 0.5375 0.5140625 0.0515625 0.04921875
0 0.1125 0.4640625 0.05546875 0.05234375
1 0.5453125 0.45625 0.0515625 0.05
1 0.5453125 0.565625 0.053125 0.0515625
1 0.5328125 0.615625 0.0546875 0.05234375
1 0.265625 0.5140625 0.053125 0.0515625
1 0.54609375 0.4046875 0.05234375 0.05078125
1 0.3375 0.46171875 0.05390625 0.05234375
1 0.334375 0.40859375 0.05234375 0.05078125
1 0.52734375 0.66875 0.05546875 0.053125
1 0.27890625 0.36796875 0.0515625 0.0484375
1 0.2625 0.56484375 0.0546875 0.053125
1 0.2046875 0.62421875 0.05390625 0.053125
1 0.53203125 0.7203125 0.05625 0.05546875
1 0.7640625 0.61796875 0.05390625 0.053125
1 0.28359375 0.4140625 0.05078125 0.04921875
1 0.6484375 0.615625 0.053125 0.05234375
0 0.93203125 0.4578125 0.05546875 0.05234375
1 0.44453125 0.2578125 0.05 0.04765625
1 0.60859375 0.2640625 0.04921875 0.046875
1 0.38515625 0.3640625 0.0515625 0.04921875
1 0.321875 0.50859375 0.053125 0.0515625
1 0.709375 0.55703125 0.053125 0.0515625
1 0.60546875 0.3140625 0.04921875 0.046875
1 0.771875 0.559375 0.05390625 0.05234375
1 0.5296875 0.77890625 0.05625 0.05625
1 0.19921875 0.675 0.05546875 0.053125
1 0.2625 0.62109375 0.0546875 0.0546875
1 0.70625 0.60859375 0.053125 0.053125
1 0.71015625 0.715625 0.0546875 0.0546875
1 0.7734375 0.721875 0.0546875 0.05546875
1 0.49296875 0.315625 0.0515625 0.0484375
1 0.4984375 0.36171875 0.05234375 0.05
1 0.49921875 0.27109375 0.05078125 0.04765625
1 0.18046875 0.23125 0.05078125 0.04765625
1 0.44453125 0.3078125 0.05078125 0.04765625
0 0.86796875 0.3609375 0.05390625 0.04921875
1 0.55390625 0.3546875 0.0515625 0.0484375
1 0.2859375 0.32265625 0.0515625 0.04921875
1 0.71328125 0.6578125 0.053125 0.053125
1 0.23125 0.23046875 0.0515625 0.04765625
1 0.234375 0.2765625 0.053125 0.04765625
0 0.9390625 0.56328125 0.05546875 0.05234375
1 0.7140625 0.26015625 0.05 0.04765625
1 0.3921875 0.31171875 0.0515625 0.04921875
1 0.19765625 0.72734375 0.05546875 0.0546875
1 0.28828125 0.2734375 0.0515625 0.04765625
0 0.06953125 0.784375 0.05859375 0.05859375
1 0.77421875 0.7765625 0.05546875 0.05625
0 0.915625 0.31015625 0.05234375 0.0484375
1 0.44296875 0.4234375 0.053125 0.05
1 0.65859375 0.2671875 0.05 0.046875
1 0.76328125 0.21796875 0.05 0.046875
1 0.5515625 0.31015625 0.05 0.046875
1 0.6546875 0.78046875 0.05625 0.05625
0 0.884375 0.5578125 0.05546875 0.05234375
1 0.70859375 0.2125 0.05 0.04609375
1 0.6609375 0.17734375 0.04921875 0.04453125
1 0.34140625 0.32109375 0.0515625 0.04921875
1 0.53828125 0.8328125 0.05703125 0.0578125
1 0.30546875 0.77890625 0.0546875 0.05625
0 0.14609375 0.13515625 0.0515625 0.046875
1 0.70625 0.771875 0.05390625 0.05546875
1 0.2375 0.1859375 0.053125 0.04921875
1 0.81171875 0.22734375 0.05 0.046875
0 0.18125 0.32109375 0.0546875 0.05
1 0.659375 0.22265625 0.05078125 0.046875
1 0.76484375 0.26328125 0.05078125 0.046875
0 0.45 0.1796875 0.0515625 0.046875
0 0.12734375 0.31875 0.0546875 0.05078125
0 0.97578125 0.3625 0.04765625 0.0515625
0 0.15234375 0.62421875 0.05625 0.0546875
0 0.86484375 0.225 0.053125 0.04765625
1 0.71953125 0.825 0.05546875 0.05859375
1 0.23671875 0.1390625 0.05234375 0.046875
0 0.9734375 0.315625 0.05234375 0.05
0 0.77265625 0.4125 0.053125 0.04921875
0 0.209375 0.56796875 0.05625 0.05390625
0 0.82109375 0.4046875 0.053125 0.05078125
0 0.5609375 0.134375 0.05078125 0.04609375
1 0.82734375 0.7796875 0.05390625 0.05546875
0 0.3421875 0.134375 0.053125 0.0453125
0 0.6578125 0.4046875 0.053125 0.05
1 0.2875 0.13203125 0.05 0.04609375
1 0.71171875 0.88125 0.05625 0.059375
0 0.2828125 0.46171875 0.05546875 0.0515625
0 0.14765625 0.678125 0.05703125 0.05625
0 0.72109375 0.409375 0.0546875 0.04921875
0 0.1890625 0.18125 0.05078125 0.04765625
0 0.24609375 0.8328125 0.0578125 0.05703125
0 0.134375 0.22109375 0.05390625 0.04921875
0 0.24453125 0.76875 0.059375 0.06015625
1 0.88125 0.77265625 0.05390625 0.05703125
1 0.7703125 0.87890625 0.05546875 0.0578125
0 0.22109375 0.4640625 0.05546875 0.05234375
0 0.14453125 0.7296875 0.0578125 0.05625
0 0.8296875 0.7234375 0.0578125 0.05625
0 0.98125 0.50703125 0.03671875 0.0546875
0 0.2140625 0.51484375 0.05546875 0.053125
0 0.815625 0.3203125 0.05390625 0.05078125
0 0.12734375 0.27109375 0.053125 0.04921875
0 0.02265625 0.8390625 0.0453125 0.059375
1 0.12578125 0.83671875 0.05546875 0.05625
1 0.184375 0.8375 0.05546875 0.05703125
1 0.30234375 0.84140625 0.05625 0.05703125
1 0.6484375 0.9 0.05546875 0.0578125
1 0.53125 0.89921875 0.05625 0.05703125
0 0.22890625 0.36875 0.0546875 0.0515625
0 0.81484375 0.18046875 0.0515625 0.046875
0 0.6125 0.17578125 0.05078125 0.04453125
1 0.5890625 0.8921875 0.05546875 0.05703125
0 0.65546875 0.3125 0.0515625 0.04765625
0 0.2328125 0.4171875 0.0546875 0.0515625
0 0.2453125 0.09453125 0.0515625 0.04609375
0 0.5015625 0.22578125 0.05078125 0.0453125
0 0.1375 0.78359375 0.05703125 0.05703125
0 0.82734375 0.50390625 0.0546875 0.05078125
0 0.66328125 0.13203125 0.04921875 0.046875
0 0.725 0.3546875 0.05390625 0.04765625
0 0.7640625 0.509375 0.05625 0.05078125
0 0.82734375 0.55390625 0.05546875 0.053125
1 0.06953125 0.84375 0.05703125 0.05859375
0 0.3953125 0.26484375 0.05234375 0.046875
0 0.2890625 0.17578125 0.053125 0.04765625
0 0.340625 0.2265625 0.053125 0.046875
0 0.190625 0.77890625 0.0578125 0.05703125
0 0.70625 0.5078125 0.05546875 0.0515625
0 0.6546875 0.83671875 0.05625 0.059375
0 0.6015625 0.40390625 0.053125 0.04765625
0 0.82265625 0.66328125 0.05703125 0.05546875
0 0.60234375 0.55390625 0.0546875 0.05234375
0 0.56171875 0.21875 0.0515625 0.04609375
0 0.82734375 0.61015625 0.05625 0.05390625
0 0.6578125 0.7234375 0.0578125 0.05625
0 0.81328125 0.27265625 0.05390625 0.04921875
0 0.23515625 0.3234375 0.05390625 0.0515625
0 0.7640625 0.17265625 0.05234375 0.04609375
0 0.76875 0.6703125 0.05859375 0.05625
0 0.60078125 0.83125 0.059375 0.05859375
0 0.55390625 0.26484375 0.05234375 0.04765625
0 0.5890625 0.721875 0.059375 0.05703125
0 0.5953125 0.45390625 0.053125 0.05
0 0.34453125 0.271875 0.053125 0.04765625
0 0.9828125 0.5578125 0.034375 0.05546875
0 0.659375 0.5640625 0.0546875 0.05234375
0 0.71328125 0.16953125 0.0515625 0.0453125
0 0.5953125 0.61640625 0.0546875 0.053125
0 0.653125 0.5125 0.0546875 0.0515625
0 0.2859375 0.22578125 0.05390625 0.04765625
0 0.71953125 0.3078125 0.053125 0.04765625
0 0.59765625 0.7734375 0.0578125 0.05625
0 0.65390625 0.6671875 0.05546875 0.0546875
0 0.60234375 0.503125 0.0546875 0.05078125
0 0.60078125 0.66796875 0.05703125 0.0546875
1 0.728125 0.93515625 0.0578125 0.0578125