1 0.5578125 0.64765625 0.06328125 0.04453125
0 0.55 0.5484375 0.06484375 0.04453125
0 0.553125 0.60078125 0.06640625 0.0453125
0 0.46953125 0.54765625 0.06484375 0.04453125
1 0.478125 0.65625 0.06328125 0.04453125
1 0.4015625 0.65078125 0.06328125 0.04375
1 0.6359375 0.65546875 0.06484375 0.04609375
0 0.39609375 0.53828125 0.06640625 0.04453125
0 0.6296875 0.60625 0.0640625 0.04453125
0 0.6265625 0.55 0.06484375 0.0453125
0 0.41171875 0.603125 0.0640625 0.04453125
1 0.32734375 0.71171875 0.0640625 0.04375
0 0.76484375 0.59140625 0.065625 0.0453125
1 0.7015625 0.590625 0.06328125 0.04453125
0 0.32421875 0.54453125 0.06640625 0.0453125
0 0.6375 0.49921875 0.06484375 0.04453125
0 0.2765625 0.66171875 0.065625 0.04609375
1 0.709375 0.6578125 0.06328125 0.04453125
1 0.32578125 0.7640625 0.06484375 0.04453125
1 0.2421875 0.76875 0.065625 0.04453125
1 0.4859375 0.709375 0.0640625 0.0453125
1 0.7890625 0.6515625 0.06328125 0.0453125
0 0.85703125 0.6 0.0671875 0.04609375
1 0.4875 0.60234375 0.0625 0.04296875
0 0.7 0.4453125 0.06484375 0.04609375
0 0.6125 0.44140625 0.065625 0.0453125
1 0.171875 0.7640625 0.065625 0.0453125
0 0.340625 0.65 0.0640625 0.04375
0 0.85234375 0.49609375 0.0671875 0.04609375
1 0.4671875 0.490625 0.0625 0.04453125
0 0.86484375 0.55 0.065625 0.04609375
0 0.76328125 0.44140625 0.0640625 0.0453125
0 0.14921875 0.540625 0.06328125 0.0453125
1 0.3953125 0.484375 0.06328125 0.0453125
1 0.784375 0.5421875 0.0640625 0.0453125
0 0.69375 0.3890625 0.0640625 0.04609375
1 0.70234375 0.54609375 0.0640625 0.04375
0 0.53203125 0.4359375 0.065625 0.04453125
0 0.259375 0.70234375 0.065625 0.04375
0 0.6296875 0.38359375 0.06484375 0.0453125
0 0.25 0.49375 0.06640625 0.04453125
0 0.234375 0.55 0.0671875 0.04375
0 0.175 0.590625 0.06640625 0.04453125
1 0.15546875 0.49609375 0.06484375 0.04453125
0 0.2453125 0.3765625 0.06640625 0.04453125
1 0.71328125 0.48828125 0.06328125 0.04375
1 0.32734375 0.44140625 0.0640625 0.0453125
1 0.45703125 0.4375 0.0625 0.04375
0 0.08984375 0.6046875 0.06640625 0.0453125
0 0.0890625 0.53828125 0.06328125 0.04375
0 0.18046875 0.7125 0.06640625 0.04609375
1 0.3921875 0.4359375 0.06328125 0.04453125
1 0.16328125 0.8140625 0.06640625 0.04609375
0 0.87265625 0.6421875 0.06640625 0.04609375
1 0.24296875 0.4421875 0.06484375 0.04453125
1 0.78828125 0.4859375 0.06328125 0.04453125
1 0.08203125 0.49375 0.0640625 0.04453125
0 0.02890625 0.546875 0.0578125 0.046875
1 0.54296875 0.3765625 0.0640625 0.04375
0 0.0984375 0.39296875 0.065625 0.0453125
1 0.6234375 0.32890625 0.0625 0.04453125
1 0.4625 0.3359375 0.0625 0.0453125
0 0.1671875 0.38125 0.065625 0.0453125
1 0.39765625 0.33203125 0.0625 0.0453125
1 0.3921875 0.3875 0.0640625 0.04609375
1 0.68515625 0.32578125 0.0625 0.04453125
1 0.1625 0.44375 0.06484375 0.0453125
0 0.084375 0.64765625 0.06640625 0.0453125
1 0.31796875 0.37890625 0.06484375 0.04453125
0 0.0921875 0.765625 0.065625 0.046875
1 0.09296875 0.82109375 0.06484375 0.0453125
0 0.0296875 0.59296875 0.05859375 0.04453125
1 0.86953125 0.70625 0.065625 0.0453125
1 0.6234375 0.27421875 0.06328125 0.04375
0 0.31640625 0.3328125 0.065625 0.0453125
0 0.85859375 0.37734375 0.06484375 0.0453125
0 0.02890625 0.715625 0.05703125 0.046875
0 0.40703125 0.775 0.065625 0.04609375
1 0.3875 0.28125 0.06328125 0.0453125
0 0.77734375 0.3171875 0.0640625 0.046875
1 0.025 0.4953125 0.05 0.04453125
1 0.934375 0.59921875 0.0671875 0.04609375
0 0.7828125 0.26953125 0.06484375 0.0453125
1 0.0296875 0.8171875 0.059375 0.046875
0 0.02890625 0.7734375 0.0578125 0.046875
0 0.028125 0.39453125 0.05625 0.0453125
0 0.7046875 0.2703125 0.06328125 0.04609375
1 0.39296875 0.21796875 0.0640625 0.04375
1 0.6234375 0.2171875 0.0625 0.0421875
0 0.9421875 0.43359375 0.0671875 0.04921875
1 0.696875 0.2140625 0.0625 0.0453125
1 0.4703125 0.1765625 0.0609375 0.04375
1 0.5359375 0.15859375 0.06328125 0.04453125