1 0.609375 0.7203125 0.04765625 0.04765625
0 0.2703125 0.7828125 0.04921875 0.04921875
1 0.5390625 0.66875 0.04921875 0.053125
1 0.55703125 0.83359375 0.053125 0.05234375
0 0.2875 0.8921875 0.05078125 0.053125
0 0.27421875 0.8328125 0.04921875 0.05
0 0.221875 0.7125 0.0484375 0.0484375
0 0.2125 0.82734375 0.04921875 0.05
1 0.328125 0.665625 0.04921875 0.05078125
0 0.14765625 0.65859375 0.046875 0.0484375
0 0.41484375 0.50859375 0.0453125 0.046875
1 0.2078125 0.571875 0.046875 0.04921875
0 0.3390625 0.89921875 0.05 0.0515625
0 0.534375 0.50859375 0.04921875 0.04921875
0 0.38984375 0.890625 0.04921875 0.05078125
0 0.303125 0.4546875 0.04921875 0.04921875
0 0.1578125 0.72109375 0.0484375 0.04921875
0 0.04375 0.77890625 0.0484375 0.0515625
1 0.36875 0.56328125 0.04765625 0.05078125
1 0.39453125 0.83671875 0.05078125 0.05234375
0 0.25390625 0.45234375 0.04765625 0.05078125
0 0.415625 0.4515625 0.04765625 0.05078125
1 0.44140625 0.71875 0.04921875 0.0515625
0 0.415625 0.56171875 0.04765625 0.04921875
0 0.47265625 0.45078125 0.046875 0.04921875
0 0.47421875 0.39375 0.046875 0.0484375
0 0.22421875 0.8890625 0.0515625 0.05234375
1 0.2625 0.6203125 0.05 0.05078125
0 0.41640625 0.29609375 0.04375 0.0453125
1 0.2609375 0.5109375 0.05 0.05078125
1 0.28203125 0.73671875 0.05078125 0.05234375
0 0.04453125 0.7140625 0.0453125 0.046875
0 0.0953125 0.65703125 0.04765625 0.05
0 0.58828125 0.40234375 0.0484375 0.04765625
0 0.2546875 0.4 0.04140625 0.04375
0 0.1625 0.8296875 0.04921875 0.05078125
0 0.3046875 0.303125 0.0421875 0.0421875
0 0.35 0.30390625 0.04453125 0.04453125
0 0.48515625 0.615625 0.0484375 0.05078125
0 0.25078125 0.34375 0.0453125 0.0484375
0 0.53828125 0.5625 0.0484375 0.05078125
0 0.5703125 0.346875 0.046875 0.04765625
0 0.575 0.2984375 0.0453125 0.0453125
0 0.4203125 0.34921875 0.0453125 0.04765625
1 0.3328125 0.8453125 0.05 0.05234375
0 0.51328125 0.2515625 0.046875 0.04453125
0 0.58828125 0.45625 0.04765625 0.04765625
0 0.56640625 0.2484375 0.04609375 0.0453125
0 0.30078125 0.35078125 0.04765625 0.0484375
1 0.45 0.8921875 0.053125 0.05546875
1 0.3203125 0.5078125 0.046875 0.0515625
0 0.1015625 0.88984375 0.04921875 0.05078125
0 0.05390625 0.83203125 0.05 0.0515625
1 0.38984375 0.72109375 0.05078125 0.053125
1 0.37109375 0.5078125 0.0453125 0.0453125
1 0.5296875 0.44921875 0.04921875 0.05078125
1 0.30546875 0.25625 0.0453125 0.04765625
0 0.2484375 0.2484375 0.04296875 0.04375
0 0.35703125 0.409375 0.05 0.0515625
1 0.33203125 0.7890625 0.05078125 0.053125
1 0.5234375 0.35546875 0.04921875 0.0484375
0 0.55703125 0.2015625 0.0453125 0.04375
1 0.21171875 0.6625 0.05 0.053125
0 0.61796875 0.8296875 0.05234375 0.05234375
0 0.19765625 0.30078125 0.04296875 0.04609375
1 0.50859375 0.203125 0.04765625 0.04609375
1 0.56640625 0.77890625 0.053125 0.05625
1 0.43828125 0.6703125 0.05234375 0.0515625
0 0.29140625 0.94609375 0.05078125 0.05234375
1 0.20859375 0.4609375 0.04609375 0.04765625
1 0.40859375 0.25 0.04921875 0.04765625
1 0.4515625 0.83515625 0.0546875 0.0546875
1 0.3703125 0.4609375 0.0484375 0.04921875
0 0.240625 0.15859375 0.04375 0.04453125
1 0.45234375 0.1546875 0.04765625 0.04609375
0 0.17265625 0.9515625 0.04765625 0.05234375
1 0.471875 0.3015625 0.04921875 0.04921875
1 0.15390625 0.5109375 0.05078125 0.05234375
1 0.5296875 0.4 0.04765625 0.04765625
0 0.2875 0.1125 0.04375 0.04453125
1 0.20625 0.41171875 0.04765625 0.05
1 0.38125 0.61640625 0.0515625 0.053125
1 0.2953125 0.16328125 0.0484375 0.05
1 0.39609375 0.15390625 0.0515625 0.0484375
1 0.35 0.95546875 0.05390625 0.05703125
0 0.865625 0.26640625 0.04765625 0.046875
1 0.33203125 0.725 0.05546875 0.059375
0 0.934375 0.34453125 0.0484375 0.046875
1 0.50703125 0.884375 0.05234375 0.0546875
1 0.40234375 0.95390625 0.05234375 0.05546875
0 0.80390625 0.13359375 0.0484375 0.04453125
1 0.5984375 0.56015625 0.05234375 0.05234375
1 0.3578125 0.25859375 0.05 0.0484375
1 0.3453125 0.11015625 0.04765625 0.046875
1 0.5015625 0.7140625 0.05078125 0.0515625
1 0.35546875 0.20703125 0.04609375 0.04609375
1 0.46328125 0.2578125 0.04609375 0.0453125
1 0.52109375 0.3015625 0.04765625 0.04765625
1 0.50859375 0.15859375 0.04765625 0.0453125