1 0.51171875 0.334375 0.065625 0.06875
0 0.334375 0.25625 0.06953125 0.06953125
1 0.41875 0.334375 0.0703125 0.06953125
1 0.35078125 0.33515625 0.06953125 0.06953125
0 0.5765625 0.25859375 0.06875 0.06875
0 0.42265625 0.25390625 0.06953125 0.0703125
0 0.490625 0.2546875 0.06875 0.06953125
1 0.6453125 0.3609375 0.0671875 0.06875
0 0.66015625 0.2625 0.06640625 0.06796875
1 0.57109375 0.434375 0.0703125 0.06875
1 0.43125 0.421875 0.06953125 0.06875
0 0.2609375 0.3296875 0.06875 0.0671875
1 0.7234375 0.43984375 0.07109375 0.06875
1 0.3609375 0.4046875 0.0703125 0.06953125
1 0.6484375 0.43203125 0.06953125 0.06875
1 0.50859375 0.49609375 0.06953125 0.06796875
1 0.3578125 0.49375 0.0703125 0.06796875
0 0.5828125 0.3375 0.06796875 0.06875
1 0.8109375 0.49765625 0.0703125 0.0671875
1 0.2078125 0.4890625 0.0703125 0.0671875
1 0.26875 0.56171875 0.07109375 0.06796875
1 0.10703125 0.4265625 0.0703125 0.06953125
0 0.728125 0.359375 0.06796875 0.06796875
1 0.6484375 0.57265625 0.06875 0.0671875
1 0.50234375 0.56953125 0.06953125 0.0671875
1 0.82734375 0.575 0.07109375 0.0671875
0 0.2796875 0.4109375 0.06875 0.0671875
1 0.42734375 0.5796875 0.0703125 0.06796875
1 0.66328125 0.5015625 0.0703125 0.06953125
0 0.0359375 0.25078125 0.06796875 0.0703125
0 0.8125 0.4296875 0.06796875 0.0671875
1 0.5765625 0.5078125 0.06796875 0.0671875
1 0.0484375 0.3359375 0.0703125 0.0703125
1 0.590625 0.646875 0.06796875 0.06640625
1 0.66875 0.64765625 0.06875 0.0671875
1 0.725 0.73671875 0.071875 0.06875
1 0.503125 0.7296875 0.0703125 0.06875
1 0.428125 0.73125 0.0703125 0.06796875
1 0.3734375 0.6328125 0.06953125 0.06640625
1 0.10390625 0.565625 0.07109375 0.06875
1 0.034375 0.50625 0.06796875 0.06875
0 0.89921875 0.490625 0.0703125 0.06796875
1 0.203125 0.6546875 0.0703125 0.0671875
0 0.27734375 0.49140625 0.06953125 0.065625
1 0.89921875 0.6515625 0.06953125 0.06953125
1 0.83125 0.653125 0.07109375 0.06953125
1 0.58125 0.75078125 0.06875 0.06875
1 0.97109375 0.55546875 0.0578125 0.0671875
1 0.2640625 0.81171875 0.07109375 0.06875
1 0.115625 0.73359375 0.07109375 0.06875
0 0.82109375 0.1015625 0.06875 0.0703125
1 0.42265625 0.81875 0.0703125 0.0671875
1 0.18984375 0.740625 0.0703125 0.0671875
1 0.65546875 0.79921875 0.07109375 0.06796875
0 0.8953125 0.559375 0.06953125 0.06640625
1 0.73203125 0.815625 0.071875 0.0671875
1 0.96484375 0.734375 0.0703125 0.071875
1 0.88046875 0.8046875 0.071875 0.0703125
1 0.5875 0.82265625 0.0703125 0.0671875
1 0.0453125 0.7234375 0.0703125 0.06875
1 0.028125 0.66015625 0.05625 0.0671875
1 0.50703125 0.8765625 0.07109375 0.06796875
1 0.73984375 0.88359375 0.0734375 0.06796875
1 0.35546875 0.8765625 0.07109375 0.06796875
1 0.5828125 0.88828125 0.071875 0.065625
1 0.95546875 0.80546875 0.0703125 0.06796875
1 0.04375 0.79765625 0.06953125 0.06875
1 0.42734375 0.8859375 0.0703125 0.0671875
1 0.1234375 0.878125 0.071875 0.06875
1 0.8125 0.8765625 0.0703125 0.0671875
1 0.88515625 0.88203125 0.0703125 0.06796875
1 0.95234375 0.875 0.0703125 0.0671875
1 0.73359375 0.95625 0.071875 0.06953125
1 0.27890625 0.9515625 0.0734375 0.06875
1 0.4390625 0.95546875 0.07109375 0.06796875
1 0.590625 0.9578125 0.0734375 0.06796875
1 0.3546875 0.946875 0.07109375 0.06953125
1 0.6578125 0.9578125 0.07109375 0.0671875
1 0.20078125 0.95546875 0.071875 0.06875
1 0.88359375 0.9546875 0.07421875 0.0703125
1 0.0421875 0.95 0.071875 0.0703125