1 0.534375 0.53671875 0.04453125 0.04453125
0 0.2796875 0.525 0.04765625 0.04765625
1 0.53515625 0.63515625 0.04609375 0.046875
1 0.615625 0.5796875 0.04609375 0.046875
1 0.46640625 0.5828125 0.046875 0.0484375
0 0.31953125 0.63671875 0.04609375 0.046875
1 0.4359375 0.36875 0.04375 0.0453125
1 0.471875 0.3171875 0.04453125 0.046875
1 0.58125 0.47734375 0.04609375 0.0453125
1 0.5328125 0.4046875 0.04453125 0.04453125
1 0.58671875 0.37109375 0.04453125 0.0453125
0 0.22734375 0.5203125 0.046875 0.0484375
0 0.325 0.57578125 0.046875 0.046875
0 0.2640625 0.57265625 0.04765625 0.04921875
1 0.63125 0.428125 0.04453125 0.04375
0 0.36171875 0.7390625 0.04609375 0.04765625
1 0.66953125 0.63984375 0.04765625 0.0484375
1 0.38359375 0.30703125 0.0453125 0.046875
0 0.2609375 0.62734375 0.0453125 0.04765625
1 0.47421875 0.42734375 0.0453125 0.046875
1 0.7140625 0.47734375 0.04296875 0.0421875
1 0.37734375 0.471875 0.046875 0.0484375
1 0.47578125 0.475 0.046875 0.04765625
1 0.32578125 0.26015625 0.0453125 0.046875
0 0.228125 0.46640625 0.04921875 0.04765625
1 0.7765625 0.5265625 0.04609375 0.04609375
1 0.33203125 0.4140625 0.046875 0.04765625
1 0.67421875 0.51953125 0.0453125 0.04609375
0 0.21875 0.571875 0.04765625 0.04921875
0 0.26875 0.73125 0.04765625 0.04921875
0 0.2328125 0.4078125 0.046875 0.046875
1 0.41796875 0.5296875 0.0453125 0.046875
0 0.3625 0.67265625 0.04609375 0.0484375
1 0.27734375 0.41015625 0.04609375 0.046875
1 0.27890625 0.46328125 0.0453125 0.04609375
1 0.4078125 0.69140625 0.0453125 0.04765625
0 0.27421875 0.67421875 0.046875 0.046875
1 0.4109375 0.634375 0.04609375 0.04765625
1 0.6125 0.7390625 0.04609375 0.04765625
1 0.5765625 0.27265625 0.04453125 0.0453125
0 0.1734375 0.51953125 0.04609375 0.04609375
1 0.3734375 0.534375 0.0453125 0.046875
1 0.52734375 0.26015625 0.04453125 0.046875
0 0.31640625 0.68125 0.0484375 0.04921875
1 0.41640625 0.5828125 0.04609375 0.0484375
1 0.278125 0.36171875 0.04609375 0.04765625
1 0.7234375 0.38125 0.04453125 0.04453125
0 0.17421875 0.575 0.046875 0.0484375
0 0.56796875 0.78984375 0.0453125 0.0484375
1 0.515625 0.7328125 0.04609375 0.0484375
1 0.77265625 0.690625 0.046875 0.0484375
1 0.3296875 0.46484375 0.046875 0.0484375
0 0.215625 0.6703125 0.046875 0.04765625
1 0.55859375 0.740625 0.0453125 0.04921875
0 0.6234375 0.7953125 0.0453125 0.04921875
1 0.66875 0.334375 0.04375 0.04375
1 0.3734375 0.58125 0.0453125 0.0484375
1 0.47734375 0.2203125 0.04296875 0.0453125
1 0.24609375 0.2578125 0.04609375 0.046875
1 0.3625 0.6265625 0.0453125 0.04765625
1 0.46484375 0.73515625 0.04609375 0.0484375
1 0.3375 0.20078125 0.0453125 0.04609375
1 0.43515625 0.2203125 0.04453125 0.04609375
0 0.13828125 0.30859375 0.0453125 0.0453125
1 0.29375 0.203125 0.0453125 0.046875
1 0.38125 0.209375 0.0453125 0.04609375
1 0.22265625 0.35234375 0.04609375 0.04609375
1 0.7640625 0.428125 0.04375 0.04453125
0 0.4703125 0.8453125 0.046875 0.0484375
1 0.40546875 0.7390625 0.0453125 0.04765625
1 0.22578125 0.30390625 0.04609375 0.04765625
1 0.71875 0.73671875 0.0453125 0.046875
1 0.17265625 0.34921875 0.04453125 0.046875
1 0.77265625 0.6453125 0.046875 0.0453125
1 0.28984375 0.15 0.0453125 0.046875
0 0.121875 0.359375 0.04609375 0.04609375
0 0.771875 0.79765625 0.0453125 0.046875
1 0.67421875 0.74140625 0.0453125 0.04765625
0 0.17578125 0.4 0.0453125 0.0453125
1 0.58359375 0.215625 0.04375 0.04375
0 0.77265625 0.740625 0.0453125 0.0484375
1 0.18828125 0.25625 0.0453125 0.046875
1 0.134375 0.24765625 0.0453125 0.04921875
1 0.6765625 0.28125 0.04453125 0.04453125
0 0.390625 0.16328125 0.0453125 0.0453125
1 0.1828125 0.30234375 0.0453125 0.046875
1 0.409375 0.79609375 0.046875 0.0484375
1 0.871875 0.5421875 0.04609375 0.0453125
1 0.809375 0.440625 0.04453125 0.04609375
0 0.2109375 0.73984375 0.046875 0.0484375
0 0.259375 0.78515625 0.046875 0.04765625
1 0.821875 0.64140625 0.04609375 0.046875
1 0.521875 0.83671875 0.046875 0.0484375
0 0.86796875 0.590625 0.04609375 0.05
1 0.8234375 0.5953125 0.04453125 0.0453125
0 0.41484375 0.90390625 0.046875 0.04921875
1 0.23046875 0.14609375 0.0453125 0.04375
1 0.821875 0.384375 0.04296875 0.0453125
0 0.4609375 0.9046875 0.046875 0.04921875
0 0.165625 0.73359375 0.046875 0.0484375
1 0.7765625 0.32265625 0.04453125 0.04375
0 0.43359375 0.15625 0.04453125 0.0453125
0 0.53828125 0.16796875 0.04375 0.046875
0 0.9125 0.48515625 0.046875 0.046875
1 0.1375 0.15 0.04140625 0.04375
1 0.40078125 0.84765625 0.04765625 0.05
1 0.81796875 0.803125 0.04609375 0.0484375
0 0.34140625 0.14921875 0.04609375 0.046875
1 0.66875 0.85390625 0.04609375 0.0484375
0 0.9109375 0.59921875 0.04375 0.04453125
1 0.1296875 0.2 0.04375 0.046875
1 0.1875 0.14765625 0.04609375 0.04375
0 0.16171875 0.66484375 0.04609375 0.04921875
0 0.35703125 0.83828125 0.046875 0.0484375
0 0.4921875 0.1171875 0.04453125 0.0453125
1 0.5640625 0.85390625 0.04609375 0.04921875
0 0.49453125 0.0625 0.04375 0.04453125
0 0.57890625 0.1625 0.0421875 0.04375
0 0.9171875 0.32265625 0.04375 0.0453125
0 0.34765625 0.0515625 0.0453125 0.0453125
1 0.290625 0.1046875 0.04453125 0.04453125
0 0.778125 0.08125 0.04375 0.04375
0 0.9203125 0.540625 0.0453125 0.04609375
1 0.82734375 0.27265625 0.04375 0.0453125
1 0.62265625 0.8546875 0.046875 0.04921875
0 0.87578125 0.225 0.04453125 0.0453125
1 0.7234375 0.21171875 0.0453125 0.04609375
0 0.63828125 0.1125 0.04375 0.046875
1 0.871875 0.64140625 0.046875 0.04765625
0 0.5421875 0.06328125 0.04453125 0.0453125
0 0.08671875 0.25 0.0453125 0.046875
0 0.87109375 0.3796875 0.04375 0.04609375
0 0.9109375 0.43515625 0.04375 0.04609375
0 0.87734375 0.1796875 0.04453125 0.04609375
0 0.47578125 0.1640625 0.04375 0.0453125
1 0.92109375 0.75 0.0453125 0.046875
1 0.82109375 0.4859375 0.04453125 0.0453125
1 0.50703125 0.9125 0.04609375 0.05
1 0.86484375 0.7453125 0.046875 0.046875
0 0.08984375 0.29921875 0.04453125 0.0453125
1 0.81953125 0.7421875 0.0453125 0.04765625
1 0.55625 0.9078125 0.046875 0.04921875
0 0.721875 0.86640625 0.04609375 0.0484375
0 0.45 0.059375 0.04375 0.04453125
0 0.5875 0.053125 0.04375 0.04375
0 0.3953125 0.05078125 0.04453125 0.04453125
1 0.153125 0.10703125 0.04375 0.04296875
0 0.92890625 0.378125 0.04296875 0.04609375
0 0.09453125 0.1515625 0.0453125 0.04609375
0 0.30546875 0.04609375 0.04375 0.04453125
1 0.66640625 0.903125 0.04765625 0.05
1 0.61796875 0.90703125 0.046875 0.05
0 0.11953125 0.4046875 0.046875 0.04609375
0 0.35703125 0.8953125 0.04609375 0.04921875
0 0.153125 0.78828125 0.04609375 0.0484375
0 0.96640625 0.4921875 0.0453125 0.046875
1 0.88046875 0.6921875 0.0453125 0.04765625
0 0.53984375 0.11640625 0.04375 0.0453125
0 0.0859375 0.19921875 0.0453125 0.04765625
0 0.07734375 0.34609375 0.04453125 0.04609375
1 0.86640625 0.4859375 0.04609375 0.0453125
1 0.86796875 0.8703125 0.04609375 0.04765625
0 0.76875 0.85625 0.046875 0.04765625
0 0.14453125 0.0453125 0.0453125 0.046875
0 0.6265625 0.16484375 0.04296875 0.04375
1 0.8203125 0.9171875 0.046875 0.04921875
0 0.2 0.0375 0.04453125 0.04453125
1 0.91484375 0.8140625 0.04609375 0.04921875
1 0.96875 0.70234375 0.040625 0.0453125
1 0.72890625 0.11484375 0.04375 0.0453125
0 0.86875 0.43828125 0.04375 0.0453125
0 0.34296875 0.103125 0.0453125 0.04609375
1 0.684375 0.07421875 0.04453125 0.04609375
1 0.20078125 0.1046875 0.0453125 0.04296875
0 0.96015625 0.33125 0.04375 0.0421875
0 0.09296875 0.09375 0.04453125 0.04609375
1 0.2453125 0.1 0.0453125 0.0453125
1 0.92734375 0.6953125 0.04453125 0.04921875
0 0.97109375 0.37421875 0.04375 0.04453125
1 0.82109375 0.22734375 0.04296875 0.04375
1 0.71015625 0.9125 0.04765625 0.04921875
1 0.75859375 0.9171875 0.046875 0.04921875
0 0.78125 0.1296875 0.04375 0.04453125
1 0.8171875 0.18046875 0.04296875 0.04375
0 0.2421875 0.04453125 0.04609375 0.04765625
1 0.72734375 0.07109375 0.04296875 0.04453125
0 0.81953125 0.853125 0.04609375 0.0484375
1 0.91171875 0.9125 0.04609375 0.0484375
0 0.884375 0.04296875 0.04375 0.04453125
0 0.77109375 0.17265625 0.04453125 0.04296875
0 0.7390625 0.02578125 0.04296875 0.0421875
0 0.95390625 0.2875 0.04375 0.04296875
0 0.9578125 0.590625 0.0453125 0.04609375
1 0.978125 0.8 0.04375 0.0484375
0 0.9671875 0.53828125 0.04296875 0.0453125
0 0.78203125 0.0265625 0.0421875 0.04375
0 0.64375 0.02265625 0.04375 0.040625
1 0.6109375 0.95859375 0.04609375 0.05234375
0 0.9203125 0.06640625 0.0421875 0.04296875
0 0.92265625 0.13046875 0.0421875 0.04453125
0 0.96875 0.171875 0.04296875 0.046875
0 0.8796875 0.26796875 0.04375 0.04375
0 0.971875 0.42421875 0.04296875 0.046875
0 0.075 0.38984375 0.04453125 0.046875
0 0.9671875 0.63984375 0.04453125 0.04765625
1 0.4984375 0.96328125 0.04609375 0.05
0 0.9625 0.22890625 0.04296875 0.04453125
1 0.97421875 0.85625 0.0453125 0.04765625
0 0.96328125 0.121875 0.0421875 0.0453125
0 0.25078125 0.83984375 0.046875 0.0484375
0 0.921875 0.64453125 0.0453125 0.04453125
0 0.96171875 0.07734375 0.0421875 0.04375
0 0.2046875 0.85 0.046875 0.04765625
0 0.5453125 0.0171875 0.04375 0.0328125
0 0.1515625 0.83671875 0.046875 0.04921875
0 0.40078125 0.94921875 0.046875 0.04921875
0 0.9265625 0.0234375 0.04296875 0.04296875
0 0.97265625 0.025 0.04375 0.04453125
0 0.45390625 0.95390625 0.046875 0.04921875
0 0.4359375 0.015625 0.0421875 0.0296875
0 0.3546875 0.95390625 0.0453125 0.0484375
1 0.975 0.97734375 0.04453125 0.0453125
0 0.6859375 0.01953125 0.040625 0.0390625
0 0.8328125 0.04140625 0.04140625 0.04296875
0 0.8390625 0.08515625 0.04140625 0.04375
0 0.8359375 0.12890625 0.0421875 0.04296875
0 0.8828125 0.08671875 0.03984375 0.04140625
0 0.8796875 0.1359375 0.04296875 0.04296875
0 0.8671875 0.334375 0.04140625 0.04296875
0 0.1015625 0.04609375 0.040625 0.04375
0 0.1453125 0.00859375 0.04375 0.0171875
0 0.2421875 0.009375 0.04375 0.01875
0 0.34765625 0.01328125 0.0421875 0.02578125
0 0.46796875 0.78359375 0.0421875 0.0484375
0 0.5125 0.78984375 0.0453125 0.046875
0 0.6828125 0.796875 0.04140625 0.0484375
0 0.7265625 0.796875 0.04453125 0.04765625
0 0.35546875 0.7890625 0.04453125 0.04609375
1 0.53828125 0.215625 0.03984375 0.04375
1 0.8265625 0.33203125 0.04296875 0.04375
1 0.725 0.27265625 0.04375 0.0453125
1 0.63515625 0.2234375 0.04453125 0.04296875
1 0.7734375 0.27734375 0.04453125 0.04765625
1 0.778125 0.225 0.0453125 0.0453125
1 0.68046875 0.13203125 0.04375 0.0421875
1 0.67734375 0.17734375 0.04296875 0.04140625
1 0.7265625 0.16796875 0.04296875 0.040625