1 0.58984375 0.34375 0.0484375 0.053125
0 0.11328125 0.35 0.04765625 0.0484375
1 0.5328125 0.29453125 0.05 0.05390625
1 0.6390625 0.38203125 0.05 0.05234375
0 0.11875 0.3015625 0.04765625 0.04765625
1 0.42109375 0.240625 0.0484375 0.05390625
1 0.4765625 0.23828125 0.04921875 0.05390625
1 0.5890625 0.60625 0.05 0.053125
0 0.1265625 0.40078125 0.046875 0.04765625
1 0.64609375 0.44375 0.05 0.05078125
1 0.4859375 0.73828125 0.05 0.05234375
1 0.5359375 0.65859375 0.04921875 0.0515625
1 0.3671875 0.2484375 0.0484375 0.05234375
1 0.65 0.49453125 0.05 0.05234375
1 0.646875 0.553125 0.05 0.05234375
1 0.078125 0.44765625 0.046875 0.05390625
1 0.17578125 0.39140625 0.0484375 0.05078125
1 0.125 0.44921875 0.046875 0.0515625
1 0.02265625 0.45 0.0453125 0.053125
0 0.115625 0.25 0.046875 0.046875
1 0.4828125 0.79296875 0.05 0.05078125
1 0.1734375 0.33671875 0.04765625 0.04765625
1 0.31875 0.24765625 0.04921875 0.05234375
1 0.18515625 0.29140625 0.0484375 0.05
0 0.2109375 0.19296875 0.0484375 0.05
0 0.2609375 0.190625 0.046875 0.0484375
1 0.4328125 0.89921875 0.04921875 0.05234375
1 0.2640625 0.23984375 0.04765625 0.05234375
1 0.21796875 0.2421875 0.046875 0.0515625
0 0.315625 0.196875 0.04765625 0.04921875
1 0.48125 0.84375 0.05 0.05234375
1 0.171875 0.2421875 0.04609375 0.04921875
0 0.16328125 0.19375 0.046875 0.04921875
1 0.21953125 0.953125 0.05 0.05390625
1 0.4328125 0.95390625 0.04921875 0.0515625
1 0.38203125 0.959375 0.0515625 0.053125
1 0.2796875 0.9609375 0.05 0.053125
1 0.11796875 0.9578125 0.04921875 0.05234375
1 0.021875 0.94765625 0.04375 0.0515625
1 0.16640625 0.96171875 0.05 0.0515625
1 0.06640625 0.9546875 0.0484375 0.053125
1 0.32578125 0.96640625 0.05 0.0515625