0 0.51171875 0.57578125 0.0640625 0.06796875
1 0.43046875 0.5125 0.0671875 0.0671875
0 0.5703125 0.50859375 0.06796875 0.06953125
0 0.6359375 0.57109375 0.0671875 0.06796875
1 0.4421875 0.63984375 0.0671875 0.06640625
1 0.36640625 0.371875 0.0671875 0.06875
1 0.83671875 0.51015625 0.06875 0.06875
0 0.6390625 0.434375 0.06875 0.06796875
1 0.778125 0.57734375 0.06796875 0.0671875
1 0.709375 0.64609375 0.06640625 0.065625
1 0.565625 0.4390625 0.065625 0.06953125
1 0.49765625 0.43515625 0.06796875 0.06953125
1 0.509375 0.64375 0.06640625 0.065625
1 0.42734375 0.434375 0.0671875 0.06875
0 0.575 0.64765625 0.06640625 0.06640625
0 0.371875 0.6328125 0.06796875 0.06875
0 0.296875 0.5765625 0.06796875 0.065625
1 0.5015625 0.3625 0.0671875 0.06796875
0 0.63984375 0.646875 0.06640625 0.065625
1 0.36640625 0.5671875 0.065625 0.065625
1 0.56875 0.7125 0.065625 0.065625
1 0.36484375 0.70390625 0.065625 0.065625
0 0.2375 0.3640625 0.06875 0.0703125
0 0.57265625 0.36796875 0.06796875 0.06953125
1 0.9046875 0.4421875 0.06640625 0.06875
1 0.84296875 0.3796875 0.065625 0.0671875
0 0.2890625 0.31796875 0.06640625 0.0703125
1 0.440625 0.296875 0.06640625 0.06953125
0 0.70703125 0.57734375 0.0703125 0.06796875
1 0.37421875 0.3015625 0.06796875 0.06875
1 0.7765625 0.3140625 0.06640625 0.06796875
1 0.63984375 0.70859375 0.065625 0.065625
0 0.83828125 0.44375 0.06875 0.06640625
0 0.1671875 0.43671875 0.06796875 0.06875
1 0.840625 0.31015625 0.065625 0.06953125
1 0.90390625 0.30234375 0.0671875 0.06953125
1 0.71953125 0.16484375 0.0671875 0.06875
1 0.29375 0.246875 0.06484375 0.0671875
0 0.703125 0.5109375 0.06796875 0.06875
0 0.7765625 0.3796875 0.06796875 0.06796875
0 0.7671875 0.51015625 0.06953125 0.06875
1 0.57421875 0.23203125 0.0671875 0.06796875
0 0.5046875 0.2984375 0.06796875 0.06640625
1 0.50703125 0.23125 0.06640625 0.06875
1 0.96875 0.440625 0.0625 0.0671875
0 0.640625 0.30546875 0.06796875 0.06796875
0 0.7125 0.378125 0.06875 0.0671875
0 0.709375 0.44296875 0.06796875 0.0671875
0 0.775 0.44296875 0.06875 0.0671875
1 0.853125 0.159375 0.065625 0.06796875
0 0.1046875 0.30234375 0.0671875 0.06953125
1 0.43203125 0.1671875 0.06796875 0.06875
0 0.36875 0.23671875 0.06875 0.065625
0 0.29921875 0.64140625 0.06796875 0.06640625
0 0.56953125 0.29921875 0.06796875 0.0671875
0 0.225 0.25 0.06796875 0.06953125
1 0.9125 0.23671875 0.06640625 0.06640625
0 0.43984375 0.23046875 0.06640625 0.065625
0 0.71015625 0.30859375 0.06953125 0.0703125
0 0.8453125 0.24296875 0.06875 0.06875
1 0.496875 0.16875 0.065625 0.065625
0 0.0390625 0.44375 0.06796875 0.0703125
0 0.03828125 0.36796875 0.06796875 0.0703125
1 0.4265625 0.77265625 0.065625 0.06484375
0 0.09609375 0.49765625 0.06796875 0.0703125
0 0.57734375 0.165625 0.06875 0.0671875
1 0.64765625 0.10078125 0.065625 0.06640625
0 0.78203125 0.2375 0.06875 0.0703125
1 0.97109375 0.23828125 0.0578125 0.06953125
1 0.790625 0.09296875 0.065625 0.06640625
0 0.3671875 0.171875 0.06875 0.0671875
0 0.1609375 0.2390625 0.06796875 0.071875
0 0.6421875 0.23125 0.06875 0.07109375
1 0.58203125 0.1 0.0671875 0.06640625
0 0.2328125 0.16484375 0.06796875 0.07265625
0 0.715625 0.24453125 0.06796875 0.06640625
0 0.65 0.16640625 0.06796875 0.0671875
1 0.5015625 0.775 0.065625 0.065625
0 0.3640625 0.103125 0.0703125 0.07109375
1 0.97265625 0.37890625 0.0546875 0.065625
0 0.78828125 0.1671875 0.06953125 0.06953125
0 0.165625 0.17109375 0.0671875 0.06796875
1 0.43828125 0.10234375 0.06640625 0.065625
1 0.90390625 0.0984375 0.06640625 0.0671875
0 0.29609375 0.10625 0.06796875 0.0703125
1 0.9734375 0.1703125 0.05234375 0.06640625
0 0.23046875 0.09765625 0.06796875 0.06875
1 0.43359375 0.03515625 0.0671875 0.0671875
1 0.509375 0.03515625 0.0671875 0.06640625
1 0.36171875 0.0328125 0.0640625 0.06484375
1 0.57734375 0.034375 0.06484375 0.0640625
1 0.71953125 0.03671875 0.06484375 0.06640625