1 0.54375 0.540625 0.05 0.04453125
0 0.43515625 0.5890625 0.0515625 0.04765625
1 0.53984375 0.5953125 0.05 0.04921875
1 0.4875 0.590625 0.05078125 0.0484375
1 0.53671875 0.490625 0.0515625 0.0484375
1 0.55 0.64921875 0.0515625 0.0484375
0 0.228125 0.5921875 0.05390625 0.04921875
0 0.28046875 0.59609375 0.05234375 0.0484375
1 0.58671875 0.49765625 0.0515625 0.04921875
0 0.43671875 0.29609375 0.0515625 0.05
0 0.74296875 0.4953125 0.05234375 0.04765625
0 0.6375 0.3984375 0.05078125 0.04921875
0 0.5359375 0.4390625 0.05234375 0.05
0 0.2765625 0.30078125 0.05234375 0.05078125
0 0.590625 0.2875 0.053125 0.04921875
1 0.49765625 0.69921875 0.05078125 0.0484375
1 0.54609375 0.70625 0.05 0.0484375
1 0.73984375 0.39921875 0.0515625 0.04765625
0 0.23203125 0.6390625 0.05390625 0.04921875
0 0.58515625 0.45 0.0515625 0.05078125
0 0.69375 0.44453125 0.0515625 0.04921875
1 0.75234375 0.70234375 0.05234375 0.04921875
1 0.6515625 0.696875 0.0515625 0.05078125
1 0.5859375 0.7390625 0.05234375 0.0484375
1 0.690625 0.29296875 0.0515625 0.04921875
1 0.64921875 0.63515625 0.0515625 0.0515625
0 0.68828125 0.3953125 0.0515625 0.04765625
1 0.74296875 0.44609375 0.05234375 0.0484375
0 0.64140625 0.2859375 0.0515625 0.04921875
0 0.6359375 0.45 0.0515625 0.05078125
0 0.178125 0.5953125 0.0515625 0.04921875
0 0.84609375 0.5390625 0.053125 0.05
0 0.4859375 0.35 0.0515625 0.05078125
1 0.37890625 0.59140625 0.05078125 0.04765625
0 0.6359375 0.496875 0.05234375 0.05
1 0.4390625 0.54375 0.05078125 0.046875
1 0.28203125 0.5484375 0.0515625 0.0484375
1 0.490625 0.7484375 0.053125 0.04921875
1 0.7890625 0.6 0.05234375 0.04921875
0 0.58046875 0.39375 0.05 0.05078125
1 0.43125 0.43984375 0.05078125 0.04921875
1 0.42265625 0.39375 0.05078125 0.04921875
1 0.74375 0.6546875 0.053125 0.05
0 0.63828125 0.58671875 0.05 0.05078125
0 0.52578125 0.38828125 0.05 0.04921875
0 0.68828125 0.5015625 0.05234375 0.05
1 0.44765625 0.709375 0.0515625 0.04921875
1 0.32890625 0.60859375 0.0515625 0.0484375
1 0.79375 0.49921875 0.0515625 0.04765625
0 0.68828125 0.5484375 0.05234375 0.05
0 0.5875 0.1890625 0.05234375 0.05
1 0.5359375 0.29140625 0.05078125 0.05
1 0.80625 0.44765625 0.05234375 0.05078125
0 0.7921875 0.54765625 0.05234375 0.0484375
0 0.5875 0.3375 0.0515625 0.0515625
1 0.6890625 0.340625 0.05234375 0.05
0 0.903125 0.49921875 0.05390625 0.0515625
0 0.17890625 0.740625 0.0515625 0.0484375
1 0.1796875 0.54765625 0.053125 0.05
0 0.2375 0.68671875 0.05390625 0.05078125
0 0.3890625 0.6421875 0.0515625 0.04921875
0 0.33671875 0.24609375 0.0515625 0.05078125
0 0.2859375 0.25078125 0.05234375 0.0484375
1 0.184375 0.5015625 0.053125 0.05
0 0.6921875 0.65703125 0.053125 0.0515625
1 0.334375 0.53984375 0.05234375 0.0484375
1 0.54609375 0.79765625 0.053125 0.05
1 0.3765625 0.74296875 0.05078125 0.046875
0 0.4390625 0.23828125 0.05078125 0.05
1 0.7921875 0.75234375 0.05390625 0.05078125
1 0.5390625 0.2421875 0.05078125 0.04921875
0 0.6390625 0.190625 0.05234375 0.04921875
0 0.48984375 0.24609375 0.05078125 0.05
0 0.4359375 0.34609375 0.0515625 0.05078125
1 0.48125 0.44765625 0.05234375 0.0515625
1 0.42734375 0.753125 0.05234375 0.04921875
1 0.5359375 0.33984375 0.0515625 0.04921875
1 0.6375 0.34609375 0.0515625 0.05078125
0 0.48671875 0.14296875 0.05078125 0.04921875
0 0.47421875 0.39453125 0.05078125 0.04921875
0 0.4375 0.6375 0.05 0.0484375
0 0.1703125 0.29296875 0.053125 0.05078125
1 0.1296875 0.60859375 0.0515625 0.05
0 0.275 0.80546875 0.05234375 0.04921875
1 0.18046875 0.64375 0.05234375 0.04921875
1 0.63828125 0.7453125 0.05390625 0.05
0 0.08046875 0.55546875 0.05234375 0.05078125
0 0.1296875 0.3453125 0.053125 0.05
0 0.39921875 0.69375 0.05078125 0.0484375
0 0.3890625 0.24609375 0.0515625 0.05
1 0.13125 0.54609375 0.05078125 0.04921875
0 0.5375 0.18671875 0.0515625 0.05
1 0.4875 0.30078125 0.0515625 0.0484375
0 0.32734375 0.74140625 0.05234375 0.0484375
0 0.07421875 0.44453125 0.0515625 0.04921875
0 0.48671875 0.646875 0.05 0.04765625
1 0.6421875 0.23828125 0.0515625 0.05
1 0.1734375 0.4515625 0.053125 0.05078125
1 0.18671875 0.3890625 0.05234375 0.05078125
0 0.28984375 0.64765625 0.0515625 0.04921875
1 0.08046875 0.6046875 0.0515625 0.04921875
1 0.69375 0.75078125 0.053125 0.0484375
0 0.134375 0.4953125 0.0515625 0.05
1 0.184375 0.6953125 0.053125 0.05
1 0.13359375 0.70390625 0.0515625 0.0484375
1 0.12265625 0.446875 0.05 0.05078125
0 0.5921875 0.546875 0.05234375 0.0515625
1 0.2296875 0.54375 0.0515625 0.04921875
1 0.69921875 0.196875 0.0515625 0.0484375
1 0.76015625 0.2453125 0.05234375 0.05078125
1 0.85859375 0.44375 0.053125 0.0515625
0 0.5890625 0.596875 0.0515625 0.05078125
1 0.8515625 0.490625 0.05234375 0.04921875
1 0.3765625 0.30234375 0.05234375 0.04921875
0 0.23046875 0.740625 0.05390625 0.04921875
1 0.7984375 0.65703125 0.05390625 0.05
0 0.4859375 0.19296875 0.0515625 0.05
0 0.74140625 0.54609375 0.053125 0.0484375
1 0.80234375 0.8 0.05390625 0.05
0 0.27890625 0.3484375 0.05078125 0.04765625
0 0.7359375 0.6 0.05234375 0.04921875
1 0.3234375 0.79453125 0.0515625 0.0484375
1 0.33046875 0.3390625 0.05234375 0.05
0 0.33984375 0.65390625 0.0515625 0.0484375
1 0.70234375 0.24453125 0.05078125 0.0484375
1 0.91015625 0.446875 0.0515625 0.0515625
1 0.590625 0.23671875 0.0515625 0.04921875
0 0.2296875 0.19609375 0.05234375 0.0484375
0 0.89765625 0.54765625 0.0546875 0.0515625
1 0.64375 0.79296875 0.05390625 0.05078125
1 0.228125 0.34296875 0.0515625 0.04921875
0 0.60078125 0.64765625 0.05234375 0.0515625
1 0.178125 0.33984375 0.0515625 0.05
1 0.7453125 0.853125 0.0546875 0.05
1 0.63984375 0.14140625 0.0515625 0.0484375
0 0.4390625 0.13125 0.05078125 0.0515625
0 0.13359375 0.39296875 0.053125 0.0515625
1 0.53828125 0.1359375 0.05078125 0.05
1 0.5890625 0.13671875 0.0515625 0.05
0 0.84296875 0.5890625 0.053125 0.0515625
1 0.43828125 0.80625 0.05390625 0.05
0 0.5328125 0.084375 0.05 0.05
0 0.90703125 0.5953125 0.05390625 0.0515625
0 0.9546875 0.49453125 0.05234375 0.05078125
1 0.69453125 0.7984375 0.053125 0.05
1 0.32578125 0.290625 0.05234375 0.05
0 0.2203125 0.24296875 0.0515625 0.046875
0 0.90703125 0.80625 0.053125 0.05078125
0 0.08515625 0.48984375 0.05390625 0.053125
1 0.803125 0.85625 0.05390625 0.05
0 0.31875 0.19375 0.05078125 0.04921875
1 0.03515625 0.6484375 0.0515625 0.05078125
0 0.3734375 0.18515625 0.04921875 0.04765625
1 0.7484375 0.13984375 0.05078125 0.0484375
0 0.853125 0.80625 0.0546875 0.0515625
1 0.85078125 0.65078125 0.05234375 0.05
1 0.5453125 0.8609375 0.05234375 0.05
1 0.74921875 0.1875 0.0515625 0.05
0 0.95390625 0.54375 0.05390625 0.0515625
0 0.18515625 0.796875 0.053125 0.0484375
1 0.446875 0.85859375 0.05390625 0.05
1 0.89375 0.74609375 0.05234375 0.0515625
1 0.81015625 0.2125 0.05234375 0.05078125
1 0.03046875 0.60234375 0.05 0.04765625
1 0.33203125 0.853125 0.0515625 0.0484375
0 0.48203125 0.0875 0.05078125 0.0515625
1 0.1296875 0.74921875 0.05234375 0.0484375
0 0.3890625 0.13203125 0.04921875 0.05
1 0.02734375 0.696875 0.05078125 0.0515625
1 0.0296875 0.5546875 0.05 0.04921875
1 0.28359375 0.39609375 0.05234375 0.04921875
1 0.84453125 0.759375 0.053125 0.05
0 0.7015625 0.70390625 0.05234375 0.04921875
0 0.07734375 0.38515625 0.05234375 0.0515625
1 0.9109375 0.65 0.053125 0.05078125
0 0.08515625 0.32421875 0.0515625 0.05078125
1 0.34296875 0.3984375 0.053125 0.05
1 0.7015625 0.89375 0.053125 0.05078125
1 0.584375 0.08203125 0.05234375 0.0515625
1 0.8046875 0.9015625 0.0546875 0.05
1 0.49296875 0.89296875 0.05390625 0.05078125
0 0.27890625 0.85078125 0.05234375 0.0484375
1 0.86328125 0.1875 0.053125 0.05078125
1 0.22421875 0.29609375 0.05234375 0.05
0 0.60078125 0.69453125 0.0515625 0.04921875
1 0.07734375 0.753125 0.053125 0.04921875
1 0.84609375 0.29765625 0.05390625 0.05234375
1 0.8640625 0.23515625 0.05234375 0.0515625
1 0.96171875 0.76484375 0.0546875 0.053125
1 0.9625 0.71171875 0.0546875 0.05234375
0 0.96875 0.58671875 0.0515625 0.0515625
1 0.79453125 0.353125 0.053125 0.05078125
0 0.12734375 0.79609375 0.05390625 0.04921875
0 0.1609375 0.1953125 0.05234375 0.0515625
0 0.03515625 0.48828125 0.05078125 0.05
0 0.28359375 0.9046875 0.053125 0.05
0 0.96640625 0.64921875 0.05390625 0.0515625
0 0.8546875 0.8546875 0.0546875 0.0515625
0 0.90703125 0.85546875 0.05390625 0.05078125
1 0.334375 0.9015625 0.053125 0.05
1 0.96171875 0.81171875 0.05390625 0.04921875
1 0.7390625 0.090625 0.0515625 0.05
1 0.9640625 0.44609375 0.05390625 0.0515625
1 0.79453125 0.09375 0.05078125 0.05
1 0.38515625 0.90703125 0.053125 0.04921875
1 0.02109375 0.74296875 0.0421875 0.0484375
0 0.959375 0.86015625 0.05390625 0.0515625
1 0.8484375 0.08828125 0.05234375 0.0515625
0 0.02734375 0.790625 0.053125 0.05078125
0 0.078125 0.809375 0.05234375 0.0484375
0 0.5390625 0.03125 0.0515625 0.05078125
0 0.59140625 0.03046875 0.0515625 0.05
1 0.64453125 0.9546875 0.053125 0.05078125
0 0.27578125 0.13515625 0.05078125 0.04921875
1 0.50234375 0.95 0.053125 0.0515625
1 0.68828125 0.08515625 0.05234375 0.0515625
0 0.85546875 0.9015625 0.0515625 0.0484375
1 0.69609375 0.95625 0.053125 0.05078125
0 0.17421875 0.853125 0.05234375 0.04765625
1 0.74921875 0.95625 0.0515625 0.05078125
1 0.8 0.9515625 0.053125 0.0515625
1 0.85078125 0.96015625 0.0546875 0.05
1 0.6421875 0.028125 0.0515625 0.0484375
1 0.90859375 0.12890625 0.05234375 0.05
0 0.12890625 0.13359375 0.05 0.0484375
0 0.95625 0.90703125 0.05390625 0.0515625
0 0.39140625 0.9578125 0.05234375 0.0484375
1 0.45546875 0.96640625 0.05234375 0.04921875
0 0.27578125 0.9515625 0.0515625 0.04921875
0 0.3328125 0.9578125 0.0515625 0.0484375
0 0.90703125 0.9515625 0.05390625 0.05
0 0.68671875 0.60234375 0.046875 0.046875