0 0.50390625 0.55859375 0.04609375 0.05234375
1 0.446875 0.2046875 0.0515625 0.0578125
0 0.9671875 0.51484375 0.04765625 0.0546875
0 0.2953125 0.86875 0.04921875 0.0515625
1 0.03359375 0.696875 0.046875 0.0546875
1 0.1328125 0.70234375 0.0515625 0.05703125
1 0.040625 0.54921875 0.0515625 0.05390625
1 0.190625 0.1953125 0.05234375 0.05625
1 0.5515625 0.9640625 0.05078125 0.05390625
1 0.7140625 0.971875 0.0515625 0.0515625
1 0.56015625 0.03359375 0.0515625 0.0578125
0 0.91796875 0.30234375 0.04765625 0.05234375
0 0.9640625 0.3140625 0.04921875 0.05390625
0 0.346875 0.86640625 0.05 0.0515625
1 0.08203125 0.69609375 0.0515625 0.0578125
0 0.2 0.86328125 0.0515625 0.053125
1 0.19765625 0.659375 0.0515625 0.053125
1 0.1859375 0.70859375 0.053125 0.05234375
1 0.24609375 0.6984375 0.05234375 0.0546875
1 0.34140625 0.76015625 0.053125 0.0546875
0 0.1421875 0.86328125 0.0515625 0.05390625
1 0.08828125 0.6 0.053125 0.05078125
1 0.2953125 0.709375 0.0515625 0.0546875
1 0.25234375 0.76015625 0.05234375 0.05546875
1 0.3453125 0.71171875 0.05234375 0.05390625
1 0.0921875 0.55 0.053125 0.04921875
1 0.296875 0.6546875 0.05234375 0.0546875
0 0.3984375 0.80546875 0.05 0.05234375
0 0.80546875 0.81328125 0.04921875 0.0515625
1 0.35234375 0.80859375 0.05234375 0.05390625
1 0.3953125 0.7484375 0.05234375 0.0546875
1 0.28984375 0.60390625 0.05234375 0.05
1 0.09140625 0.50078125 0.0515625 0.05078125
1 0.296875 0.81171875 0.053125 0.05625
1 0.22890625 0.596875 0.05234375 0.05625
1 0.653125 0.76875 0.05078125 0.05
1 0.12578125 0.38828125 0.0515625 0.05546875
1 0.7125 0.915625 0.05390625 0.05546875
1 0.1796875 0.3890625 0.05078125 0.05546875
1 0.55 0.8109375 0.05078125 0.05078125
1 0.55 0.8609375 0.05078125 0.05234375
0 0.90390625 0.715625 0.0484375 0.0515625
1 0.3515625 0.34609375 0.05 0.0546875
1 0.2328125 0.3921875 0.05234375 0.05625
1 0.66328125 0.51171875 0.05234375 0.05390625
1 0.5546875 0.65703125 0.05 0.05078125
1 0.709375 0.24921875 0.0515625 0.05390625
1 0.6609375 0.66953125 0.05078125 0.05390625
0 0.7546875 0.86875 0.04921875 0.053125
1 0.65703125 0.81953125 0.0515625 0.0515625
0 0.7515625 0.81171875 0.04921875 0.05234375
1 0.5515625 0.7578125 0.05078125 0.05078125
0 0.75859375 0.92421875 0.04765625 0.05234375
0 0.453125 0.85703125 0.05 0.05234375
1 0.66015625 0.87578125 0.0515625 0.05390625
1 0.5484375 0.909375 0.05078125 0.0515625
1 0.66015625 0.71796875 0.053125 0.05390625
1 0.28515625 0.39296875 0.05078125 0.05546875
1 0.7078125 0.67265625 0.04921875 0.0546875
1 0.3453125 0.40078125 0.05390625 0.05546875
1 0.70703125 0.8578125 0.0515625 0.05546875
0 0.95859375 0.71796875 0.04765625 0.05078125
1 0.9546875 0.61484375 0.05078125 0.05625
1 0.60078125 0.659375 0.0484375 0.05234375
1 0.60625 0.4625 0.05234375 0.053125
1 0.65 0.5609375 0.05234375 0.05234375
1 0.76875 0.6671875 0.05078125 0.05625
1 0.64921875 0.6140625 0.05078125 0.053125
1 0.91015625 0.66875 0.0484375 0.053125
1 0.87578125 0.2546875 0.05 0.0578125
1 0.9015625 0.61484375 0.0515625 0.05546875
0 0.853125 0.7234375 0.04765625 0.05078125
1 0.7171875 0.3609375 0.05078125 0.05390625
1 0.975 0.2515625 0.04921875 0.05703125
1 0.4125 0.34765625 0.0484375 0.05390625
1 0.9234375 0.25078125 0.04765625 0.0578125
1 0.7703125 0.24765625 0.05234375 0.05625
1 0.465625 0.3484375 0.04921875 0.05546875
0 0.90234375 0.5171875 0.05 0.05390625
1 0.665625 0.35234375 0.0484375 0.0546875
1 0.82109375 0.6625 0.0484375 0.0546875
1 0.8671875 0.67109375 0.04765625 0.0546875
0 0.703125 0.75625 0.05 0.05
0 0.503125 0.9625 0.04921875 0.05
0 0.03359375 0.7484375 0.04765625 0.053125
1 0.8203125 0.253125 0.05078125 0.0578125
0 0.45625 0.7625 0.053125 0.05234375
1 0.55390625 0.70703125 0.0515625 0.05078125
1 0.55859375 0.40390625 0.0515625 0.05390625
1 0.56328125 0.296875 0.053125 0.053125
1 0.71328125 0.30390625 0.0515625 0.05234375
1 0.51484375 0.35 0.0484375 0.05390625
1 0.56171875 0.240625 0.05234375 0.053125
0 0.759375 0.9703125 0.0453125 0.05
1 0.60625 0.40390625 0.05078125 0.05390625
1 0.55625 0.18828125 0.05234375 0.04921875
1 0.55625 0.0875 0.05234375 0.0515625
1 0.5578125 0.1390625 0.05234375 0.05078125
1 0.565625 0.3515625 0.05 0.053125
1 0.61953125 0.353125 0.04609375 0.0546875
1 0.078125 0.396875 0.04765625 0.0546875
1 0.08515625 0.44921875 0.05078125 0.0484375
0 0.96015625 0.6671875 0.046875 0.04921875
0 0.79765625 0.709375 0.0453125 0.0515625
0 0.79609375 0.76015625 0.0484375 0.0515625
0 0.7640625 0.30234375 0.0453125 0.05234375
0 0.809375 0.309375 0.04375 0.05625
0 0.85625 0.315625 0.0484375 0.05625
0 0.76484375 0.35234375 0.046875 0.046875
0 0.7609375 0.40390625 0.0484375 0.05234375
0 0.7015625 0.41015625 0.04765625 0.05
0 0.65546875 0.45859375 0.0453125 0.05390625
0 0.70234375 0.459375 0.046875 0.05390625
0 0.7515625 0.4546875 0.05 0.05234375
0 0.815625 0.4625 0.046875 0.05234375
0 0.809375 0.5140625 0.046875 0.05
0 0.85703125 0.5078125 0.0484375 0.05390625
0 0.609375 0.51640625 0.04765625 0.05234375
0 0.596875 0.565625 0.04921875 0.05
0 0.59765625 0.6125 0.046875 0.0453125
0 0.090625 0.75 0.0453125 0.04921875
0 0.1390625 0.75703125 0.0484375 0.05078125
0 0.18984375 0.76015625 0.0515625 0.05234375
0 0.13203125 0.8125 0.0515625 0.0484375
0 0.234375 0.8078125 0.046875 0.05078125
0 0.246875 0.85859375 0.04765625 0.0515625
0 0.0390625 0.6015625 0.046875 0.0515625
0 0.04140625 0.65 0.04453125 0.0453125
0 0.08828125 0.64921875 0.0484375 0.04921875
0 0.1484375 0.65546875 0.04609375 0.046875
0 0.1375 0.60546875 0.04765625 0.0515625
0 0.18203125 0.60625 0.04375 0.05390625
0 0.14296875 0.55703125 0.0484375 0.046875
0 0.18984375 0.55546875 0.046875 0.046875
0 0.2375 0.54921875 0.0453125 0.04921875
0 0.1328125 0.44921875 0.046875 0.05390625
0 0.13984375 0.5078125 0.04609375 0.0515625
0 0.18125 0.459375 0.046875 0.05234375
0 0.234375 0.446875 0.04609375 0.053125
0 0.29140625 0.4484375 0.04453125 0.05078125
0 0.33984375 0.45234375 0.05078125 0.05
0 0.29140625 0.5 0.04765625 0.05234375
0 0.29140625 0.55234375 0.046875 0.05078125
0 0.340625 0.50234375 0.04453125 0.05390625
0 0.3875 0.5 0.0484375 0.053125
0 0.3890625 0.55390625 0.04453125 0.0484375
0 0.3421875 0.6125 0.05078125 0.05078125
0 0.34296875 0.6640625 0.04609375 0.0484375
0 0.39921875 0.6015625 0.0453125 0.0484375
0 0.39375 0.65078125 0.04453125 0.0484375
0 0.39296875 0.70078125 0.04765625 0.046875
0 0.39296875 0.3984375 0.04453125 0.05078125
0 0.43984375 0.403125 0.04453125 0.053125
0 0.496875 0.40703125 0.0484375 0.053125
0 0.5046875 0.4578125 0.0453125 0.05078125
0 0.55859375 0.45703125 0.046875 0.053125
0 0.50546875 0.5078125 0.0453125 0.05234375
0 0.553125 0.5078125 0.0484375 0.0484375
0 0.50234375 0.6125 0.04609375 0.0515625
0 0.503125 0.66484375 0.0484375 0.05078125
0 0.49921875 0.71875 0.0453125 0.0515625
0 0.50234375 0.76953125 0.04296875 0.05
0 0.50234375 0.81875 0.04375 0.0484375
0 0.50234375 0.86640625 0.0484375 0.0484375
0 0.5 0.9140625 0.04765625 0.04453125