0 0.73046875 0.49453125 0.06015625 0.0515625
1 0.171875 0.5453125 0.0625 0.053125
0 0.79453125 0.4921875 0.059375 0.05
1 0.3015625 0.53984375 0.06015625 0.0515625
1 0.18046875 0.64921875 0.0609375 0.053125
1 0.1171875 0.4921875 0.0609375 0.0546875
1 0.171875 0.43671875 0.0609375 0.05390625
1 0.23515625 0.48828125 0.06015625 0.05234375
1 0.23984375 0.59609375 0.06171875 0.053125
1 0.23046875 0.3828125 0.06015625 0.05234375
1 0.3015625 0.440625 0.06015625 0.053125
1 0.359375 0.4875 0.059375 0.05234375
1 0.17421875 0.3265625 0.059375 0.05234375
1 0.11640625 0.596875 0.0625 0.05390625
1 0.2953125 0.64453125 0.06015625 0.05234375
1 0.17734375 0.49296875 0.06015625 0.053125
1 0.23125 0.32109375 0.059375 0.0546875
1 0.23828125 0.70234375 0.06171875 0.05390625
1 0.12421875 0.69609375 0.06171875 0.05390625
1 0.35546875 0.69765625 0.06015625 0.05234375
1 0.3609375 0.59453125 0.059375 0.0515625
1 0.29296875 0.38046875 0.06015625 0.05390625
1 0.41875 0.590625 0.06015625 0.05234375
1 0.42578125 0.4921875 0.05859375 0.0515625
0 0.54765625 0.44375 0.05859375 0.05078125
1 0.4265625 0.69765625 0.0609375 0.0546875
1 0.3078125 0.75 0.06171875 0.05390625
1 0.4265625 0.38515625 0.059375 0.05234375
0 0.7390625 0.5453125 0.06015625 0.04921875
0 0.80078125 0.546875 0.06015625 0.0515625
1 0.11328125 0.3890625 0.0609375 0.05234375
0 0.728125 0.28203125 0.06015625 0.05078125
0 0.79296875 0.28671875 0.059375 0.05078125
1 0.428125 0.54140625 0.05859375 0.05078125
1 0.3609375 0.43515625 0.059375 0.05390625
1 0.37265625 0.33359375 0.059375 0.05234375
0 0.54765625 0.54296875 0.059375 0.05
1 0.47734375 0.43671875 0.05859375 0.05234375
0 0.73984375 0.65703125 0.06015625 0.05
1 0.11640625 0.2765625 0.0609375 0.053125
1 0.43046875 0.75234375 0.0609375 0.0546875
0 0.6046875 0.43828125 0.05859375 0.04921875
1 0.54296875 0.33984375 0.0578125 0.0515625
0 0.65625 0.3265625 0.0578125 0.0484375
1 0.29765625 0.2765625 0.06015625 0.05234375
0 0.80390625 0.60234375 0.0609375 0.05234375
0 0.4828125 0.490625 0.06015625 0.05078125
1 0.35625 0.28359375 0.059375 0.0515625
0 0.553125 0.49296875 0.05859375 0.04921875
1 0.41953125 0.4375 0.0578125 0.053125
1 0.1515625 0.7609375 0.0609375 0.05546875
0 0.6171875 0.64765625 0.05859375 0.05078125
0 0.79296875 0.3375 0.05859375 0.0515625
1 0.48984375 0.74765625 0.06015625 0.053125
0 0.78046875 0.2296875 0.059375 0.05
1 0.18046875 0.2765625 0.06015625 0.05234375
1 0.48671875 0.33125 0.059375 0.053125
0 0.86640625 0.5453125 0.0609375 0.05
0 0.48515625 0.54375 0.06015625 0.05
1 0.55234375 0.75234375 0.0609375 0.05390625
0 0.5484375 0.5953125 0.05859375 0.05
0 0.80390625 0.65703125 0.0609375 0.0515625
0 0.734375 0.33125 0.0625 0.05234375
1 0.48125 0.28125 0.06015625 0.053125
1 0.23828125 0.2671875 0.06015625 0.053125
1 0.5390625 0.234375 0.0578125 0.0515625
0 0.85703125 0.43359375 0.06015625 0.05078125
1 0.41171875 0.22890625 0.059375 0.05234375
0 0.8515625 0.3359375 0.05859375 0.0515625
0 0.48515625 0.38359375 0.059375 0.05
0 0.603125 0.38671875 0.059375 0.05234375
1 0.1671875 0.22734375 0.059375 0.05234375
1 0.29140625 0.228125 0.05859375 0.0515625
0 0.55390625 0.653125 0.05859375 0.05078125
0 0.4796875 0.5921875 0.059375 0.04921875
0 0.6 0.3359375 0.059375 0.0515625
0 0.6109375 0.49140625 0.06015625 0.0515625
1 0.4296875 0.33671875 0.059375 0.05234375
0 0.6046875 0.28671875 0.0578125 0.046875
1 0.48203125 0.23125 0.05859375 0.0515625
0 0.61796875 0.75625 0.0609375 0.05234375
0 0.54765625 0.29140625 0.0578125 0.04765625
0 0.84453125 0.2296875 0.06015625 0.0515625
0 0.54296875 0.390625 0.059375 0.05234375
0 0.85390625 0.28125 0.059375 0.05234375
0 0.5953125 0.2375 0.0578125 0.04921875
0 0.65859375 0.1796875 0.05703125 0.0484375
0 0.60234375 0.69609375 0.06015625 0.0515625
0 0.65859375 0.22890625 0.05859375 0.05078125
0 0.49296875 0.64375 0.0609375 0.05390625
1 0.3890625 0.8046875 0.06171875 0.0546875
0 0.7171875 0.17109375 0.05859375 0.04921875
1 0.50625 0.80859375 0.0609375 0.0546875
0 0.80859375 0.71171875 0.0609375 0.05234375
0 0.88125 0.653125 0.0625 0.05234375
0 0.834375 0.18046875 0.05859375 0.04921875
0 0.48671875 0.69375 0.06015625 0.0515625
0 0.3671875 0.64453125 0.06015625 0.0515625
1 0.34921875 0.17109375 0.059375 0.05234375
0 0.54453125 0.703125 0.06015625 0.0515625
1 0.23125 0.17578125 0.0609375 0.05234375
1 0.409375 0.1734375 0.059375 0.0515625
0 0.77578125 0.171875 0.059375 0.0515625
0 0.428125 0.63984375 0.06015625 0.053125
1 0.534375 0.1734375 0.059375 0.0515625
1 0.24375 0.8140625 0.0625 0.0546875
1 0.11171875 0.80859375 0.0625 0.05546875
0 0.5953125 0.17890625 0.059375 0.05078125
1 0.11328125 0.171875 0.059375 0.05234375
0 0.625 0.8078125 0.0625 0.0546875
0 0.565625 0.803125 0.0609375 0.0546875
0 0.80703125 0.81328125 0.0609375 0.053125
0 0.74609375 0.8171875 0.0609375 0.053125
0 0.6875 0.82265625 0.0609375 0.053125
0 0.878125 0.815625 0.0640625 0.0546875