0 0.5046875 0.49296875 0.046875 0.0453125
1 0.3578125 0.5484375 0.05 0.04609375
1 0.4546875 0.5484375 0.04921875 0.04609375
1 0.40625 0.55390625 0.05 0.04609375
1 0.25859375 0.553125 0.0515625 0.04765625
1 0.36015625 0.5953125 0.05 0.04765625
1 0.21015625 0.54453125 0.0515625 0.0484375
1 0.45859375 0.5953125 0.05078125 0.04765625
1 0.55078125 0.503125 0.0484375 0.0453125
0 0.45625 0.496875 0.05078125 0.0453125
0 0.31328125 0.5078125 0.0515625 0.04765625
1 0.5046875 0.58515625 0.04921875 0.04609375
1 0.21328125 0.59140625 0.0515625 0.04765625
0 0.6984375 0.49765625 0.05078125 0.04609375
0 0.44765625 0.68671875 0.05 0.046875
0 0.40859375 0.50625 0.05078125 0.04609375
0 0.36015625 0.49765625 0.05 0.046875
1 0.49765625 0.6828125 0.05 0.04765625
1 0.2140625 0.4984375 0.0515625 0.0484375
1 0.60078125 0.5046875 0.0484375 0.04609375
1 0.3109375 0.64921875 0.05234375 0.0484375
1 0.31640625 0.69609375 0.0515625 0.04765625
0 0.74765625 0.503125 0.05 0.04609375
1 0.5453125 0.69140625 0.04921875 0.046875
1 0.6953125 0.553125 0.0515625 0.046875
1 0.45703125 0.640625 0.05 0.046875
1 0.50390625 0.6296875 0.05 0.046875
1 0.55 0.5484375 0.0484375 0.0453125
0 0.309375 0.55546875 0.05234375 0.0484375
1 0.409375 0.5984375 0.05078125 0.046875
1 0.26875 0.6921875 0.05234375 0.04765625
0 0.21796875 0.4515625 0.05390625 0.04765625
0 0.37109375 0.69140625 0.05234375 0.04765625
0 0.2703125 0.4609375 0.0515625 0.046875
0 0.31015625 0.6 0.0515625 0.046875
1 0.21171875 0.6390625 0.05234375 0.0484375
1 0.1625 0.5984375 0.0515625 0.04921875
1 0.16015625 0.54921875 0.05078125 0.04765625
1 0.69765625 0.6 0.0515625 0.046875
0 0.7953125 0.55390625 0.05 0.046875
0 0.65234375 0.46015625 0.05 0.046875
0 0.553125 0.45703125 0.04921875 0.04609375
1 0.16640625 0.68984375 0.0515625 0.04921875
0 0.2609375 0.6 0.05234375 0.04765625
1 0.31328125 0.73984375 0.05234375 0.0484375
1 0.8453125 0.55 0.04921875 0.04609375
1 0.846875 0.59609375 0.05 0.04765625
1 0.5921875 0.64375 0.05 0.04609375
1 0.65 0.509375 0.04921875 0.046875
0 0.784375 0.365625 0.05 0.04765625
1 0.5484375 0.60234375 0.04921875 0.04609375
0 0.59453125 0.690625 0.0515625 0.046875
1 0.3109375 0.27421875 0.05078125 0.0484375
0 0.50234375 0.5390625 0.04921875 0.0453125
1 0.7484375 0.6546875 0.0515625 0.0484375
0 0.3625 0.73671875 0.053125 0.046875
1 0.60234375 0.45859375 0.0484375 0.0453125
1 0.6 0.55234375 0.04921875 0.046875
0 0.7453125 0.5609375 0.0515625 0.0484375
0 0.215625 0.40625 0.053125 0.0484375
0 0.16171875 0.45625 0.05234375 0.04921875
0 0.35859375 0.6421875 0.0515625 0.046875
1 0.6 0.31796875 0.0484375 0.046875
0 0.2640625 0.50625 0.053125 0.046875
1 0.60390625 0.73671875 0.05 0.046875
1 0.64609375 0.27421875 0.05 0.04765625
0 0.4578125 0.27578125 0.04921875 0.04609375
1 0.65 0.3203125 0.04921875 0.04765625
0 0.453125 0.73359375 0.0515625 0.04765625
1 0.49765625 0.7796875 0.05 0.04765625
0 0.55078125 0.7375 0.04921875 0.04765625
0 0.69375 0.2796875 0.0515625 0.04765625
0 0.50234375 0.728125 0.05 0.0453125
1 0.22109375 0.73359375 0.05234375 0.0484375
0 0.209375 0.31328125 0.0515625 0.046875
0 0.4078125 0.6453125 0.0484375 0.0453125
1 0.65390625 0.74453125 0.05078125 0.04765625
0 0.26015625 0.27578125 0.05234375 0.0484375
1 0.2125 0.359375 0.0515625 0.04921875
0 0.35859375 0.27578125 0.05 0.0484375
1 0.596875 0.7828125 0.05 0.04765625
1 0.74453125 0.7 0.053125 0.04921875
0 0.79765625 0.60625 0.04921875 0.046875
1 0.16015625 0.31484375 0.0515625 0.04921875
0 0.8484375 0.503125 0.04921875 0.046875
1 0.5515625 0.31328125 0.04765625 0.046875
1 0.79609375 0.74453125 0.053125 0.0484375
0 0.60234375 0.4125 0.05078125 0.046875
1 0.1171875 0.6921875 0.0515625 0.0484375
0 0.603125 0.36484375 0.0515625 0.04765625
1 0.40859375 0.27890625 0.05078125 0.04921875
0 0.25546875 0.32109375 0.05078125 0.04921875
1 0.171875 0.7375 0.0515625 0.04921875
0 0.1171875 0.41875 0.0515625 0.05
0 0.503125 0.32109375 0.04765625 0.0453125
0 0.59453125 0.2703125 0.05 0.04765625
1 0.31875 0.78828125 0.0515625 0.0484375
0 0.16484375 0.5015625 0.05234375 0.0484375
1 0.69921875 0.646875 0.0515625 0.04921875
0 0.78203125 0.4140625 0.05 0.046875
0 0.80234375 0.26796875 0.05 0.04765625
1 0.70390625 0.74296875 0.04921875 0.046875
1 0.21171875 0.265625 0.05078125 0.0484375
1 0.6359375 0.2265625 0.04921875 0.04609375
0 0.84765625 0.64140625 0.04765625 0.04609375
1 0.16328125 0.36171875 0.05078125 0.05078125
0 0.78515625 0.45859375 0.05078125 0.04765625
0 0.7859375 0.225 0.05 0.04765625
1 0.27109375 0.778125 0.05078125 0.0484375
0 0.11015625 0.31328125 0.0515625 0.0484375
0 0.74375 0.2703125 0.05078125 0.04765625
0 0.79921875 0.6515625 0.05078125 0.04765625
1 0.540625 0.8296875 0.05 0.0484375
1 0.63984375 0.8265625 0.05078125 0.04765625
0 0.44921875 0.7796875 0.05 0.046875
1 0.30625 0.32109375 0.05078125 0.05
1 0.35859375 0.23046875 0.04921875 0.04765625
1 0.4921875 0.82890625 0.05078125 0.0484375
0 0.73671875 0.225 0.05234375 0.04765625
1 0.6421875 0.6359375 0.0484375 0.04609375
1 0.165625 0.40703125 0.0515625 0.05
1 0.16171875 0.26796875 0.0515625 0.05
1 0.7421875 0.78203125 0.0515625 0.04765625
0 0.7484375 0.6078125 0.05234375 0.04765625
0 0.1140625 0.4625 0.05390625 0.04921875
1 0.79375 0.78984375 0.053125 0.0484375
0 0.5546875 0.36015625 0.05 0.04609375
1 0.83515625 0.3640625 0.04921875 0.04609375
1 0.1125 0.51015625 0.0515625 0.04921875
1 0.31015625 0.2265625 0.05 0.046875
1 0.8453125 0.6890625 0.04921875 0.046875
1 0.590625 0.8296875 0.05 0.04765625
1 0.1125 0.2671875 0.05078125 0.0484375
1 0.68671875 0.22421875 0.04765625 0.046875
1 0.50859375 0.26953125 0.04921875 0.0484375
0 0.36953125 0.7828125 0.053125 0.0484375
0 0.6546875 0.365625 0.05 0.04609375
0 0.26015625 0.6453125 0.0515625 0.04453125
1 0.746875 0.828125 0.0515625 0.0484375
1 0.11328125 0.36015625 0.05078125 0.04921875
1 0.2609375 0.22734375 0.0515625 0.04765625
0 0.7828125 0.31015625 0.05 0.04765625
0 0.40546875 0.3265625 0.05078125 0.04609375
0 0.84765625 0.825 0.053125 0.04921875
0 0.35703125 0.3234375 0.05078125 0.0484375
0 0.3609375 0.83125 0.05234375 0.04921875
1 0.88671875 0.73125 0.0515625 0.04921875
1 0.696875 0.83515625 0.05234375 0.04765625
0 0.2625 0.36875 0.053125 0.0484375
0 0.4546875 0.321875 0.05 0.0484375
1 0.221875 0.78046875 0.05234375 0.04921875
0 0.7 0.3265625 0.0515625 0.046875
1 0.896875 0.59453125 0.05 0.0484375
1 0.8421875 0.778125 0.05 0.04765625
1 0.83515625 0.31875 0.05078125 0.0484375
0 0.12109375 0.7375 0.05078125 0.04765625
0 0.8921875 0.78046875 0.0515625 0.0484375
0 0.546875 0.78359375 0.05 0.0453125
0 0.79609375 0.696875 0.05078125 0.046875
1 0.83359375 0.4125 0.04921875 0.046875
0 0.596875 0.8796875 0.05078125 0.04765625
1 0.171875 0.7828125 0.05078125 0.0484375
0 0.4421875 0.825 0.05 0.04609375
1 0.26171875 0.8328125 0.05234375 0.0515625
0 0.0703125 0.40625 0.053125 0.05078125
0 0.0609375 0.315625 0.053125 0.05
0 0.0734375 0.740625 0.05234375 0.04921875
0 0.2125 0.828125 0.053125 0.05
0 0.896875 0.8328125 0.0515625 0.04765625
1 0.41015625 0.2296875 0.0515625 0.046875
0 0.31171875 0.83359375 0.05234375 0.0484375
1 0.45 0.871875 0.05078125 0.04765625
1 0.58671875 0.225 0.05078125 0.04765625
1 0.06328125 0.50703125 0.0515625 0.05
0 0.64609375 0.87265625 0.05078125 0.046875
1 0.121875 0.78515625 0.05078125 0.0484375
0 0.840625 0.225 0.05 0.04921875
0 0.06328125 0.36171875 0.0515625 0.0515625
1 0.065625 0.69453125 0.05 0.0484375
1 0.0625 0.45625 0.053125 0.05078125
0 0.4 0.87578125 0.05078125 0.046875
1 0.15859375 0.22109375 0.05234375 0.0484375
1 0.8546875 0.27265625 0.05 0.04765625
0 0.35078125 0.875 0.0515625 0.04765625
1 0.83671875 0.45703125 0.05 0.04609375
1 0.89765625 0.646875 0.05 0.04921875
0 0.840625 0.8703125 0.0515625 0.046875
0 0.74375 0.875 0.05 0.04609375
1 0.0609375 0.5578125 0.0515625 0.04921875
0 0.1640625 0.8296875 0.053125 0.04921875
1 0.5484375 0.87578125 0.05078125 0.04921875
1 0.49765625 0.8765625 0.04921875 0.04765625
0 0.0703125 0.7875 0.05234375 0.0484375
0 0.31640625 0.36953125 0.05078125 0.046875
0 0.6953125 0.88203125 0.05 0.046875
0 0.11484375 0.834375 0.053125 0.04765625
1 0.7984375 0.83671875 0.05078125 0.046875
1 0.5015625 0.221875 0.0515625 0.04765625
0 0.20390625 0.87109375 0.0484375 0.0453125
1 0.0625 0.2671875 0.04921875 0.04921875
0 0.9453125 0.83671875 0.05078125 0.04765625
1 0.3 0.878125 0.05 0.0484375
1 0.253125 0.8796875 0.0515625 0.04921875
1 0.74140625 0.17890625 0.05 0.0484375
1 0.790625 0.178125 0.04921875 0.0484375
1 0.79296875 0.8828125 0.05234375 0.04765625
1 0.93828125 0.73203125 0.05078125 0.05
0 0.690625 0.1765625 0.05 0.0484375
1 0.1515625 0.16796875 0.0515625 0.04921875
1 0.94609375 0.78046875 0.05078125 0.04921875
0 0.15546875 0.8796875 0.05234375 0.04765625
1 0.89296875 0.21875 0.04921875 0.04921875
0 0.065625 0.83203125 0.0515625 0.04765625
1 0.059375 0.60625 0.05078125 0.04921875
1 0.8984375 0.503125 0.04921875 0.04765625
1 0.84140625 0.178125 0.05 0.0484375
1 0.90390625 0.26875 0.05 0.05
1 0.10625 0.88046875 0.05078125 0.0484375
1 0.25859375 0.17421875 0.05078125 0.04765625
0 0.36015625 0.92265625 0.05078125 0.04609375
0 0.83671875 0.91875 0.0515625 0.04765625
0 0.40859375 0.92109375 0.05078125 0.046875
0 0.9359375 0.88515625 0.05234375 0.04765625
1 0.4578125 0.91875 0.0515625 0.04921875
0 0.5921875 0.925 0.0515625 0.04609375
0 0.21171875 0.9203125 0.0515625 0.046875
0 0.3109375 0.92421875 0.0515625 0.046875
0 0.1609375 0.1203125 0.0515625 0.05
0 0.2609375 0.9265625 0.0515625 0.04765625
1 0.5375 0.92421875 0.0515625 0.0484375
0 0.884375 0.92109375 0.05234375 0.0484375
0 0.7875 0.928125 0.0515625 0.04609375
0 0.10703125 0.190625 0.04921875 0.04765625
1 0.21015625 0.121875 0.05 0.0484375
0 0.11171875 0.9265625 0.05234375 0.046875
1 0.16171875 0.64296875 0.04921875 0.04375
1 0.21796875 0.6859375 0.0484375 0.04609375