1 0.78984375 0.5875 0.05 0.04921875
1 0.7390625 0.52421875 0.05234375 0.05078125
1 0.6328125 0.490625 0.05234375 0.05
1 0.74375 0.37734375 0.05390625 0.05078125
1 0.6765625 0.534375 0.05234375 0.05234375
1 0.6359375 0.43125 0.05390625 0.05234375
1 0.5734375 0.571875 0.05 0.05078125
1 0.78984375 0.63828125 0.053125 0.05390625
1 0.4703125 0.475 0.05078125 0.04921875
1 0.4671875 0.52421875 0.0515625 0.05078125
1 0.52421875 0.58515625 0.0515625 0.05078125
1 0.6296875 0.59296875 0.05078125 0.0515625
1 0.5171875 0.37421875 0.05234375 0.0515625
1 0.36640625 0.4359375 0.05234375 0.05078125
1 0.06953125 0.5015625 0.05 0.0515625
1 0.62578125 0.5421875 0.05234375 0.0515625
1 0.19765625 0.4078125 0.05078125 0.05234375
1 0.68671875 0.4359375 0.05234375 0.05234375
1 0.365625 0.3890625 0.05234375 0.04921875
1 0.41015625 0.52890625 0.0515625 0.0515625
1 0.159375 0.4734375 0.0515625 0.05234375
1 0.68125 0.32265625 0.053125 0.053125
1 0.4671875 0.58125 0.0515625 0.05078125
1 0.303125 0.321875 0.0515625 0.05234375
1 0.84765625 0.653125 0.05234375 0.05234375
1 0.68984375 0.3828125 0.053125 0.0515625
1 0.521875 0.4265625 0.053125 0.0515625
1 0.37265625 0.4890625 0.05234375 0.05078125
1 0.73359375 0.33125 0.05 0.04765625
1 0.78515625 0.33203125 0.053125 0.05390625
1 0.3640625 0.57109375 0.05078125 0.0515625
1 0.4625 0.3296875 0.0515625 0.053125
1 0.36015625 0.27578125 0.05234375 0.05390625
1 0.259375 0.38203125 0.05234375 0.05234375
1 0.21796875 0.47265625 0.05234375 0.0546875
1 0.11953125 0.51484375 0.0515625 0.053125
1 0.31015625 0.37890625 0.05234375 0.05390625
1 0.56875 0.32109375 0.05234375 0.053125
1 0.2609375 0.27265625 0.0515625 0.0515625
1 0.41171875 0.32578125 0.05078125 0.05234375
1 0.68125 0.64375 0.0515625 0.05078125
1 0.57734375 0.63359375 0.05078125 0.05
1 0.4140625 0.6265625 0.05 0.05078125
1 0.6265625 0.64375 0.0515625 0.05078125
1 0.9078125 0.646875 0.05234375 0.05234375
1 0.74140625 0.28046875 0.0515625 0.05
1 0.46875 0.628125 0.0515625 0.05078125
1 0.95390625 0.5953125 0.05390625 0.05234375
1 0.37578125 0.2203125 0.05234375 0.053125
1 0.7375 0.68359375 0.05234375 0.0515625
1 0.0609375 0.5765625 0.05078125 0.05078125
1 0.5234375 0.68359375 0.0515625 0.0515625
1 0.3234375 0.20703125 0.05078125 0.053125
1 0.01484375 0.57109375 0.0296875 0.0484375