0 0.5734375 0.56953125 0.04921875 0.046875
1 0.2640625 0.4875 0.0484375 0.04765625
0 0.49921875 0.58046875 0.0484375 0.0453125
0 0.65 0.57109375 0.0484375 0.0453125
1 0.3484375 0.5015625 0.046875 0.0453125
0 0.42265625 0.503125 0.04921875 0.04453125
0 0.41796875 0.57109375 0.04921875 0.0453125
0 0.65390625 0.49609375 0.04921875 0.04453125
0 0.57578125 0.6515625 0.04921875 0.0453125
0 0.49921875 0.49296875 0.04765625 0.04453125
1 0.26953125 0.42109375 0.046875 0.046875
1 0.2671875 0.565625 0.04765625 0.04609375
1 0.33984375 0.4234375 0.046875 0.0453125
0 0.4296875 0.65 0.05 0.04609375
0 0.65390625 0.64375 0.0484375 0.0453125
0 0.503125 0.646875 0.04921875 0.0453125
0 0.34921875 0.5703125 0.04921875 0.04453125
1 0.33671875 0.3578125 0.046875 0.046875
1 0.19375 0.4984375 0.04765625 0.046875
1 0.1875 0.575 0.0484375 0.04609375
0 0.7296875 0.5 0.0484375 0.0453125
1 0.490625 0.42734375 0.046875 0.0453125
1 0.2640625 0.346875 0.046875 0.04609375
1 0.571875 0.4828125 0.046875 0.046875
0 0.73984375 0.57890625 0.04921875 0.04453125
0 0.42265625 0.4203125 0.04921875 0.0453125
1 0.28046875 0.28125 0.046875 0.04609375
1 0.56484375 0.4140625 0.04609375 0.04609375
1 0.7875 0.41953125 0.046875 0.0453125
0 0.64609375 0.4125 0.0484375 0.0453125
0 0.27734375 0.64609375 0.05078125 0.04609375
1 0.79296875 0.5640625 0.0484375 0.0453125
1 0.190625 0.4265625 0.0484375 0.046875
1 0.79921875 0.49375 0.046875 0.04453125
0 0.50078125 0.35390625 0.0484375 0.0453125
1 0.1921875 0.6359375 0.04765625 0.046875
1 0.48515625 0.28828125 0.04609375 0.04609375
1 0.725 0.415625 0.046875 0.04453125
0 0.6578125 0.27421875 0.04921875 0.04453125
1 0.121875 0.4296875 0.04921875 0.04765625
1 0.8078125 0.64375 0.04765625 0.0484375
1 0.5765625 0.334375 0.04765625 0.04609375
0 0.66171875 0.35546875 0.04921875 0.04453125
1 0.26640625 0.2015625 0.046875 0.046875
0 0.428125 0.33828125 0.04921875 0.04609375
1 0.5078125 0.7265625 0.04765625 0.046875
0 0.1140625 0.5765625 0.05078125 0.046875
0 0.42890625 0.2734375 0.05 0.04609375
1 0.5640625 0.2125 0.04609375 0.04453125
1 0.72578125 0.64921875 0.04765625 0.046875
0 0.721875 0.27890625 0.0484375 0.0453125
1 0.578125 0.7296875 0.046875 0.046875
0 0.42578125 0.71015625 0.0484375 0.04453125
0 0.3515625 0.28515625 0.04921875 0.0453125
0 0.7140625 0.20859375 0.04765625 0.04453125
1 0.56484375 0.13828125 0.04765625 0.046875
1 0.634375 0.1265625 0.046875 0.046875
0 0.72734375 0.71953125 0.05 0.04609375
0 0.4984375 0.20234375 0.0484375 0.04375
0 0.0484375 0.56796875 0.05234375 0.04765625
1 0.571875 0.28046875 0.046875 0.0453125
1 0.1203125 0.63828125 0.04921875 0.046875
0 0.6453125 0.20234375 0.0484375 0.0453125
0 0.12421875 0.48984375 0.05078125 0.04609375
1 0.87421875 0.63515625 0.0484375 0.04765625
0 0.6609375 0.72265625 0.0484375 0.04453125
0 0.04921875 0.63359375 0.05078125 0.046875
1 0.18671875 0.21015625 0.046875 0.046875
0 0.2015625 0.7140625 0.05 0.046875
0 0.42734375 0.2015625 0.04921875 0.0453125
0 0.79375 0.209375 0.04921875 0.04609375
0 0.05703125 0.490625 0.05078125 0.046875
0 0.35234375 0.20859375 0.05 0.0453125
0 0.35 0.7265625 0.04921875 0.0453125
1 0.796875 0.35625 0.0484375 0.0453125
1 0.33828125 0.12890625 0.046875 0.04609375
0 0.8921875 0.7203125 0.04921875 0.046875
0 0.27890625 0.72734375 0.04921875 0.0453125
0 0.81328125 0.728125 0.04921875 0.04765625
1 0.26484375 0.12890625 0.046875 0.046875
1 0.05625 0.36875 0.0484375 0.0484375
1 0.86171875 0.1203125 0.04765625 0.04609375
1 0.94921875 0.64609375 0.04765625 0.046875
0 0.4171875 0.14140625 0.04921875 0.0453125
0 0.87578125 0.1953125 0.0484375 0.04609375
0 0.134375 0.7234375 0.05078125 0.04609375
1 0.634375 0.06484375 0.04609375 0.046875
1 0.56640625 0.06640625 0.046875 0.046875
0 0.7234375 0.13125 0.04921875 0.04609375
1 0.578125 0.79296875 0.04765625 0.046875
1 0.70234375 0.05625 0.04609375 0.04921875
0 0.48515625 0.1265625 0.0484375 0.0453125
0 0.04609375 0.43125 0.05078125 0.046875
0 0.95 0.72421875 0.04921875 0.046875
0 0.7921875 0.11953125 0.04921875 0.0453125
1 0.4078125 0.06484375 0.04765625 0.04765625
1 0.5015625 0.80390625 0.04765625 0.04609375
1 0.10703125 0.14375 0.04765625 0.0484375
1 0.4796875 0.0578125 0.046875 0.04765625
1 0.79140625 0.0546875 0.04765625 0.04765625
0 0.05078125 0.7171875 0.0515625 0.046875
0 0.9453125 0.19453125 0.0484375 0.04609375
1 0.871875 0.046875 0.04765625 0.046875
1 0.1828125 0.06015625 0.04609375 0.0484375
1 0.925 0.0515625 0.046875 0.046875