0 0.2328125 0.28828125 0.046875 0.05234375
1 0.5265625 0.49375 0.04765625 0.0515625
0 0.18359375 0.18046875 0.04921875 0.05390625
1 0.89765625 0.12421875 0.05 0.05546875
1 0.5765625 0.6 0.0484375 0.05234375
1 0.784375 0.59921875 0.05078125 0.0546875
1 0.83984375 0.6546875 0.05078125 0.0546875
1 0.528125 0.703125 0.04765625 0.05078125
1 0.575 0.5484375 0.04921875 0.053125
1 0.63359375 0.54765625 0.05078125 0.0546875
1 0.57890625 0.76484375 0.04765625 0.05234375
1 0.67734375 0.60625 0.05 0.05390625
0 0.68671875 0.11796875 0.04921875 0.05625
1 0.53203125 0.65390625 0.05 0.05390625
0 0.790625 0.1125 0.0515625 0.05546875
0 0.528125 0.55 0.05078125 0.0546875
1 0.63359375 0.76484375 0.04921875 0.05234375
1 0.6296875 0.8171875 0.05078125 0.05390625
0 0.84296875 0.1140625 0.05234375 0.05625
0 0.634375 0.071875 0.05078125 0.0546875
1 0.6859375 0.17109375 0.05 0.0546875
0 0.740625 0.06953125 0.05 0.05546875
1 0.528125 0.7609375 0.05 0.05234375
1 0.5796875 0.8734375 0.04921875 0.0515625
1 0.73359375 0.17421875 0.05 0.0546875
1 0.7328125 0.5953125 0.05234375 0.05703125
1 0.8375 0.6 0.05078125 0.05703125
1 0.78203125 0.8265625 0.05234375 0.05625
0 0.846875 0.0609375 0.05078125 0.05546875
1 0.6296875 0.1234375 0.05 0.05390625
1 0.7328125 0.6546875 0.05234375 0.05625
0 0.84296875 0.71171875 0.05234375 0.05625
0 0.5265625 0.6015625 0.04921875 0.053125
1 0.846875 0.1734375 0.0515625 0.05546875
0 0.68984375 0.928125 0.05078125 0.0546875
0 0.62578125 0.61015625 0.05 0.053125
0 0.58125 0.65390625 0.04921875 0.05390625
0 0.578125 0.715625 0.0484375 0.0546875
1 0.5796875 0.06875 0.04921875 0.053125
0 0.678125 0.6578125 0.05078125 0.05546875
1 0.1734375 0.81171875 0.05078125 0.05546875
0 0.78828125 0.015625 0.0515625 0.03125
1 0.79375 0.1734375 0.05234375 0.05546875
0 0.6765625 0.7125 0.05078125 0.05546875
0 0.68671875 0.8734375 0.05 0.0546875
1 0.6296875 0.92734375 0.0515625 0.0546875
0 0.68671875 0.81640625 0.05 0.05390625
0 0.7328125 0.709375 0.04921875 0.053125
0 0.690625 0.0171875 0.04921875 0.034375
0 0.628125 0.715625 0.04921875 0.05390625
0 0.7875 0.65703125 0.05 0.053125
0 0.6265625 0.86875 0.04921875 0.05234375
1 0.73515625 0.121875 0.04609375 0.05
0 0.6859375 0.06484375 0.0484375 0.053125
0 0.7921875 0.71328125 0.04921875 0.05625
0 0.68671875 0.7640625 0.04765625 0.05234375
0 0.7859375 0.76953125 0.04921875 0.05234375
0 0.63203125 0.659375 0.046875 0.0515625