1 0.96875 0.80546875 0.04921875 0.05625
0 0.20078125 0.665625 0.05234375 0.05546875
0 0.20703125 0.825 0.0515625 0.05625
0 0.3140625 0.66015625 0.05078125 0.053125
1 0.8734375 0.86875 0.0515625 0.05390625
0 0.15390625 0.86875 0.05078125 0.05390625
1 0.87265625 0.75078125 0.0515625 0.05546875
0 0.509375 0.7046875 0.05078125 0.0515625
1 0.93125 0.44140625 0.053125 0.05625
0 0.0984375 0.1796875 0.05078125 0.0546875
0 0.1953125 0.50859375 0.0515625 0.05703125
0 0.1625 0.12109375 0.0515625 0.05859375
1 0.8203125 0.48984375 0.053125 0.05546875
1 0.82578125 0.80234375 0.05234375 0.0546875
0 0.5203125 0.50234375 0.05 0.053125
0 0.3609375 0.76953125 0.05078125 0.05234375
0 0.340625 0.9203125 0.0515625 0.053125
0 0.40078125 0.81484375 0.05078125 0.05234375
0 0.35 0.61015625 0.05078125 0.05546875
0 0.5125 0.59453125 0.04921875 0.053125
0 0.56328125 0.63984375 0.05 0.053125
0 0.3578125 0.71796875 0.05078125 0.05390625
0 0.4515625 0.59765625 0.05078125 0.05390625
0 0.309375 0.55234375 0.0515625 0.05390625
0 0.2125 0.0640625 0.05 0.059375
0 0.14453125 0.2921875 0.05234375 0.05625
0 0.26328125 0.1234375 0.0515625 0.0546875
1 0.76953125 0.80703125 0.05234375 0.05546875
0 0.52109375 0.821875 0.0515625 0.05234375
0 0.4625 0.54296875 0.04921875 0.05234375
1 0.7171875 0.55390625 0.0515625 0.05546875
0 0.14921875 0.23828125 0.05078125 0.0546875
0 0.26328125 0.45234375 0.05234375 0.05546875
0 0.36171875 0.55546875 0.05 0.0546875
0 0.4640625 0.865625 0.05078125 0.053125
0 0.41484375 0.50078125 0.05 0.05546875
0 0.26015625 0.50625 0.0515625 0.0546875
0 0.39296875 0.91328125 0.0515625 0.053125
0 0.40234375 0.59609375 0.04921875 0.053125
1 0.771875 0.75390625 0.05078125 0.0546875
0 0.56640625 0.5609375 0.05 0.0546875
0 0.675 0.65234375 0.0515625 0.053125
0 0.45390625 0.91796875 0.0515625 0.053125
0 0.2015625 0.44921875 0.05234375 0.05703125
0 0.4140625 0.865625 0.0515625 0.0546875
0 0.56171875 0.7078125 0.05 0.05234375
1 0.66484375 0.9703125 0.0515625 0.0546875
0 0.3015625 0.346875 0.0515625 0.05546875
0 0.6703125 0.75625 0.0484375 0.0515625
0 0.21015625 0.18046875 0.05 0.05390625
1 0.725 0.6546875 0.05078125 0.05546875
0 0.2046875 0.346875 0.05234375 0.05625
0 0.47421875 0.4484375 0.05 0.0546875
1 0.6671875 0.91484375 0.05234375 0.05546875
0 0.34375 0.97421875 0.05234375 0.0515625
0 0.56484375 0.43984375 0.05078125 0.0546875
1 0.88203125 0.13203125 0.05390625 0.05546875
1 0.72265625 0.76875 0.05078125 0.05546875
0 0.52734375 0.4015625 0.0515625 0.05546875
1 0.84453125 0.18125 0.05234375 0.05625
1 0.40390625 0.9671875 0.0515625 0.05546875
0 0.6234375 0.65625 0.05078125 0.0546875
1 0.71953125 0.396875 0.05 0.0546875
1 0.715625 0.7171875 0.0515625 0.0546875
1 0.88828125 0.02890625 0.05078125 0.053125
0 0.56875 0.8109375 0.05078125 0.05546875
0 0.209375 0.23671875 0.05 0.05625
0 0.60703125 0.865625 0.04921875 0.0546875
1 0.7890625 0.07578125 0.05234375 0.05625
0 0.36328125 0.12578125 0.04921875 0.0546875
0 0.2625 0.29296875 0.05234375 0.0546875
0 0.66953125 0.39609375 0.05078125 0.0515625
1 0.559375 0.97265625 0.0515625 0.0546875
1 0.775 0.23125 0.05234375 0.05703125
1 0.67109375 0.8609375 0.05234375 0.05390625
0 0.5625 0.75703125 0.05078125 0.0546875
1 0.45390625 0.9703125 0.0515625 0.05546875
0 0.571875 0.35078125 0.05078125 0.0546875
0 0.215625 0.396875 0.05078125 0.05625
0 0.6125 0.759375 0.05078125 0.05390625
0 0.615625 0.5515625 0.05078125 0.0546875
0 0.61796875 0.8109375 0.05078125 0.05546875
0 0.521875 0.0234375 0.04921875 0.046875
0 0.465625 0.0640625 0.05078125 0.05234375
1 0.61015625 0.9171875 0.05234375 0.05546875
1 0.66953125 0.80859375 0.05234375 0.05546875
0 0.31796875 0.18671875 0.05078125 0.053125
0 0.525 0.240625 0.05078125 0.05390625
0 0.58203125 0.0234375 0.0515625 0.04609375
0 0.6109375 0.6078125 0.05 0.0546875
0 0.62421875 0.2890625 0.0515625 0.053125
1 0.5046875 0.92265625 0.0515625 0.05546875
0 0.63125 0.0203125 0.04921875 0.040625
1 0.509375 0.975 0.05234375 0.05
1 0.8875 0.08046875 0.0515625 0.05
0 0.6140625 0.44609375 0.0515625 0.05625
1 0.73125 0.0640625 0.0515625 0.0578125
0 0.61875 0.70859375 0.05 0.05390625
1 0.78046875 0.025 0.05234375 0.05
0 0.61875 0.4984375 0.05 0.0546875
0 0.25390625 0.34375 0.05234375 0.05625
1 0.66875 0.7046875 0.05078125 0.05390625
1 0.5578125 0.9140625 0.0515625 0.05546875
1 0.6328125 0.065625 0.0515625 0.0578125
1 0.66328125 0.60234375 0.05078125 0.053125
1 0.5109375 0.871875 0.04921875 0.05234375
0 0.41171875 0.134375 0.0515625 0.0546875
0 0.47421875 0.2265625 0.05078125 0.05703125
1 0.7265625 0.19140625 0.05078125 0.05546875
1 0.68671875 0.1390625 0.05 0.05625
1 0.72890625 0.28359375 0.04921875 0.05390625
0 0.56953125 0.07265625 0.05078125 0.053125
1 0.36484375 0.5 0.05234375 0.05546875
1 0.31015625 0.4984375 0.05234375 0.05546875
0 0.37265625 0.23359375 0.05234375 0.053125
1 0.79453125 0.1796875 0.05 0.0546875
0 0.628125 0.34140625 0.0515625 0.053125
1 0.559375 0.86171875 0.05 0.05234375
1 0.66484375 0.54921875 0.05 0.053125
0 0.3703125 0.1796875 0.05234375 0.05625
0 0.5171875 0.12734375 0.05078125 0.05546875
1 0.68046875 0.06015625 0.04921875 0.05703125
0 0.46171875 0.1171875 0.05078125 0.0546875
1 0.265625 0.3984375 0.0515625 0.05625
0 0.61875 0.39140625 0.05078125 0.05390625
1 0.75625 0.14765625 0.05078125 0.05703125
0 0.46953125 0.17109375 0.05078125 0.05625
1 0.63203125 0.1796875 0.0515625 0.05546875
0 0.521875 0.0734375 0.05 0.053125
1 0.66796875 0.496875 0.05 0.053125
1 0.26875 0.1765625 0.0515625 0.05703125
1 0.6625 0.44765625 0.05 0.05234375
1 0.42578125 0.44609375 0.0515625 0.05390625
1 0.56640625 0.1265625 0.04921875 0.05390625
1 0.37578125 0.44375 0.0515625 0.05546875
1 0.3234375 0.4484375 0.05234375 0.05546875
1 0.68203125 0.29140625 0.05 0.05390625
1 0.6359375 0.2375 0.05078125 0.053125
1 0.525 0.18046875 0.0515625 0.05625
1 0.42421875 0.39296875 0.05 0.0515625
1 0.475 0.3390625 0.05078125 0.053125
1 0.2703125 0.234375 0.05234375 0.05703125
1 0.571875 0.290625 0.05078125 0.05546875
1 0.478125 0.39375 0.0515625 0.05390625
1 0.678125 0.34296875 0.05 0.05390625
1 0.421875 0.2890625 0.05078125 0.0546875
1 0.3734375 0.38984375 0.05234375 0.05390625
1 0.3171875 0.29375 0.05234375 0.05546875
1 0.52265625 0.3453125 0.0515625 0.05546875
1 0.321875 0.39375 0.05234375 0.0546875
1 0.575 0.18125 0.0515625 0.05625
1 0.37109375 0.28671875 0.0515625 0.053125
1 0.42109375 0.184375 0.05078125 0.05234375
1 0.36953125 0.3390625 0.0515625 0.053125
1 0.5765625 0.23671875 0.05078125 0.053125
1 0.425 0.234375 0.05 0.05234375
1 0.5203125 0.29453125 0.05078125 0.053125
1 0.4734375 0.2859375 0.05078125 0.05390625
1 0.32109375 0.23671875 0.05078125 0.0515625