0 0.3921875 0.40625 0.053125 0.0546875
1 0.178125 0.196875 0.0546875 0.05078125
0 0.4484375 0.40390625 0.053125 0.0484375
0 0.54765625 0.36015625 0.05234375 0.04921875
0 0.2828125 0.53046875 0.05234375 0.04921875
1 0.2796875 0.2015625 0.05390625 0.05
0 0.33671875 0.52421875 0.05546875 0.05
1 0.49140625 0.20703125 0.05390625 0.05
0 0.38984375 0.56640625 0.0546875 0.0484375
0 0.1875 0.51640625 0.05546875 0.05
0 0.34375 0.36015625 0.05390625 0.04921875
0 0.2796875 0.415625 0.05390625 0.04921875
0 0.49375 0.521875 0.0546875 0.04921875
0 0.496875 0.4703125 0.0546875 0.05
0 0.55 0.46875 0.0546875 0.04921875
0 0.646875 0.30546875 0.0546875 0.05
0 0.6625 0.3671875 0.05390625 0.05
0 0.4421875 0.5015625 0.05390625 0.05
0 0.225 0.47734375 0.0546875 0.04921875
0 0.59296875 0.3078125 0.053125 0.05078125
0 0.5515625 0.61640625 0.053125 0.05
0 0.71328125 0.359375 0.053125 0.05
0 0.45625 0.29609375 0.05234375 0.04921875
0 0.43984375 0.54921875 0.05234375 0.0484375
1 0.2734375 0.359375 0.053125 0.05
0 0.76640625 0.3578125 0.05234375 0.04921875
0 0.634375 0.56953125 0.053125 0.0484375
0 0.48515625 0.6109375 0.05546875 0.05
0 0.809375 0.3046875 0.0546875 0.05
0 0.58515625 0.55703125 0.05234375 0.0484375
0 0.4390625 0.6625 0.05390625 0.05
1 0.13359375 0.51953125 0.05390625 0.05
0 0.49296875 0.665625 0.0546875 0.05078125
0 0.59140625 0.50859375 0.053125 0.0484375
0 0.65390625 0.24140625 0.05390625 0.05
0 0.60234375 0.715625 0.05390625 0.05
0 0.87421875 0.3578125 0.053125 0.05
1 0.60078125 0.25 0.053125 0.05078125
0 0.384375 0.775 0.0546875 0.0515625
0 0.87109375 0.2984375 0.0546875 0.053125
0 0.87421875 0.41171875 0.053125 0.05078125
0 0.6046875 0.7640625 0.05390625 0.0484375
1 0.54140625 0.2984375 0.053125 0.04921875
0 0.553125 0.7671875 0.05390625 0.05
0 0.865625 0.71953125 0.0546875 0.05
0 0.9234375 0.3015625 0.05390625 0.0515625
0 0.91796875 0.615625 0.0546875 0.0515625
0 0.915625 0.66484375 0.05390625 0.05078125
1 0.2171875 0.6625 0.05234375 0.04921875
0 0.39296875 0.83125 0.0546875 0.04921875
1 0.1875 0.82421875 0.05546875 0.05078125
0 0.496875 0.825 0.053125 0.05
0 0.44375 0.8234375 0.05234375 0.04921875
0 0.9765625 0.35625 0.046875 0.05234375
0 0.81796875 0.2125 0.05390625 0.05078125
1 0.59921875 0.365625 0.05234375 0.05
0 0.97578125 0.3078125 0.0484375 0.053125
1 0.9609375 0.51328125 0.053125 0.04921875
1 0.9765625 0.41640625 0.04609375 0.0484375
1 0.75234375 0.571875 0.05234375 0.05
0 0.86640625 0.821875 0.0546875 0.05
1 0.91875 0.56796875 0.05234375 0.0484375
1 0.80546875 0.7125 0.053125 0.05
0 0.8078125 0.825 0.05390625 0.04921875
1 0.92578125 0.35390625 0.05234375 0.04921875
1 0.5953125 0.41796875 0.05234375 0.04921875
1 0.696875 0.578125 0.0515625 0.0484375
1 0.74453125 0.46484375 0.053125 0.0484375
1 0.80546875 0.61953125 0.05234375 0.04921875
1 0.33828125 0.5734375 0.053125 0.05078125
1 0.7609375 0.40546875 0.05234375 0.0484375
1 0.2625 0.7265625 0.05546875 0.05
1 0.81953125 0.353125 0.05234375 0.05
1 0.28046875 0.61328125 0.05234375 0.05
0 0.11640625 0.865625 0.05546875 0.05
1 0.86953125 0.51484375 0.05390625 0.0484375
1 0.928125 0.4125 0.05390625 0.05
1 0.85859375 0.61796875 0.0515625 0.04921875
1 0.7 0.4203125 0.053125 0.05
1 0.81796875 0.40078125 0.053125 0.0484375
1 0.640625 0.52265625 0.0515625 0.04921875
1 0.4328125 0.6109375 0.05234375 0.04921875
1 0.86484375 0.46015625 0.05234375 0.05
1 0.92890625 0.46328125 0.053125 0.05
1 0.6921875 0.46875 0.053125 0.04921875
1 0.5453125 0.71328125 0.05234375 0.04921875
1 0.63984375 0.4765625 0.05234375 0.05
1 0.646875 0.4203125 0.05078125 0.04921875
0 0.115625 0.1390625 0.05546875 0.05078125
1 0.33359375 0.61953125 0.05234375 0.05
1 0.3296875 0.71796875 0.0546875 0.05078125
1 0.33515625 0.66875 0.05390625 0.05
1 0.50078125 0.76015625 0.05234375 0.04921875
1 0.43984375 0.7671875 0.0546875 0.05078125
1 0.38984375 0.6734375 0.05390625 0.05
1 0.4359375 0.71484375 0.05234375 0.05
1 0.384375 0.628125 0.05234375 0.04921875
1 0.4921875 0.71328125 0.0515625 0.0484375
1 0.38359375 0.721875 0.05390625 0.05