1 0.4359375 0.50625 0.05 0.046875
0 0.128125 0.45703125 0.05234375 0.04921875
1 0.5484375 0.61484375 0.05234375 0.04921875
1 0.43984375 0.45546875 0.0515625 0.04921875
0 0.1265625 0.309375 0.05234375 0.04921875
0 0.27734375 0.4125 0.05234375 0.0484375
1 0.75859375 0.7171875 0.05234375 0.04765625
1 0.4984375 0.45390625 0.05234375 0.04921875
1 0.54609375 0.56484375 0.05234375 0.0484375
1 0.64921875 0.61796875 0.05 0.0484375
0 0.071875 0.20234375 0.05234375 0.05
1 0.7546875 0.659375 0.053125 0.04921875
0 0.87421875 0.7125 0.053125 0.04765625
1 0.140625 0.7703125 0.05234375 0.05
0 0.3390625 0.4109375 0.05078125 0.0484375
1 0.92109375 0.45546875 0.053125 0.05
1 0.55 0.51484375 0.05078125 0.04921875
0 0.0875 0.7734375 0.053125 0.04921875
1 0.12890625 0.721875 0.0515625 0.04921875
1 0.5453125 0.9171875 0.0515625 0.04765625
1 0.81171875 0.4546875 0.05234375 0.04921875
1 0.8578125 0.55625 0.05234375 0.04921875
1 0.6546875 0.559375 0.0515625 0.04921875
1 0.65703125 0.29609375 0.0515625 0.0515625
1 0.76640625 0.2453125 0.05234375 0.04921875
1 0.86875 0.39921875 0.05234375 0.0484375
1 0.6515625 0.459375 0.0515625 0.05
1 0.18984375 0.8671875 0.05078125 0.04765625
0 0.078125 0.71796875 0.053125 0.04921875
1 0.54921875 0.8703125 0.05078125 0.04765625
0 0.23046875 0.36015625 0.05234375 0.04921875
0 0.48984375 0.5109375 0.05234375 0.04765625
1 0.65234375 0.3515625 0.05234375 0.05
1 0.5484375 0.246875 0.0515625 0.0515625
1 0.753125 0.60625 0.05234375 0.04921875
1 0.653125 0.5125 0.05234375 0.05
1 0.5984375 0.40390625 0.05234375 0.05078125
0 0.8796875 0.1421875 0.05390625 0.0515625
1 0.80703125 0.55625 0.05234375 0.05078125
1 0.71015625 0.246875 0.0515625 0.05
1 0.190625 0.81484375 0.0515625 0.04765625
1 0.809375 0.40546875 0.053125 0.05
0 0.659375 0.8015625 0.053125 0.0484375
0 0.60546875 0.665625 0.05234375 0.046875
1 0.165625 0.19609375 0.0515625 0.05
1 0.70546875 0.5609375 0.053125 0.05
1 0.97421875 0.5046875 0.0515625 0.05
1 0.6546875 0.86015625 0.0515625 0.0484375
1 0.70078125 0.40859375 0.0515625 0.05
1 0.2203125 0.21015625 0.05234375 0.05078125
1 0.64765625 0.40546875 0.0515625 0.05
1 0.65703125 0.1921875 0.05078125 0.05078125
0 0.70625 0.7125 0.053125 0.046875
1 0.65390625 0.91484375 0.05078125 0.0484375
1 0.753125 0.3984375 0.0515625 0.04921875
0 0.16953125 0.25 0.05078125 0.0484375
1 0.4953125 0.19453125 0.0515625 0.05078125
1 0.6 0.865625 0.05078125 0.04765625
1 0.70390625 0.915625 0.05234375 0.0484375
1 0.29375 0.8625 0.0515625 0.0484375
1 0.75859375 0.9125 0.0515625 0.04765625
1 0.709375 0.865625 0.0515625 0.0484375
1 0.50078125 0.81328125 0.05078125 0.04765625
1 0.97578125 0.4046875 0.0484375 0.05
0 0.96015625 0.55 0.05390625 0.04921875
0 0.12578125 0.92109375 0.053125 0.0484375
1 0.81640625 0.35546875 0.05390625 0.05
1 0.9171875 0.34453125 0.05390625 0.0515625
1 0.490625 0.1421875 0.05234375 0.05234375
1 0.759375 0.9640625 0.053125 0.0484375
1 0.2390625 0.921875 0.05 0.046875
1 0.13046875 0.66484375 0.0515625 0.04765625
1 0.815625 0.909375 0.053125 0.0484375
1 0.54609375 0.19453125 0.0515625 0.05078125
0 0.33671875 0.24921875 0.05234375 0.04921875
0 0.23125 0.3109375 0.05234375 0.04921875
0 0.1328125 0.8171875 0.05390625 0.04921875
0 0.18203125 0.91875 0.05234375 0.0484375
1 0.81640625 0.9640625 0.05234375 0.0484375
0 0.390625 0.30390625 0.05078125 0.0484375
1 0.6015625 0.140625 0.0515625 0.05
0 0.39453125 0.40234375 0.0515625 0.04921875
0 0.2296875 0.25703125 0.053125 0.05078125
1 0.23046875 0.1484375 0.05234375 0.05
0 0.1359375 0.8625 0.05390625 0.04921875
0 0.909375 0.55859375 0.05390625 0.04921875
1 0.86875 0.96796875 0.05234375 0.0484375
0 0.8078125 0.81015625 0.05390625 0.05078125
1 0.12578125 0.14453125 0.05234375 0.0515625
0 0.28046875 0.20234375 0.05234375 0.04921875
0 0.80546875 0.65546875 0.053125 0.04765625
0 0.71171875 0.35390625 0.053125 0.05
0 0.33046875 0.05 0.05234375 0.05078125
0 0.54765625 0.9703125 0.0515625 0.04765625
0 0.6 0.3515625 0.05234375 0.05
0 0.38828125 0.09296875 0.0515625 0.05
0 0.76015625 0.8609375 0.05390625 0.0484375
0 0.440625 0.2984375 0.05 0.05078125
0 0.86875 0.8671875 0.05390625 0.04921875
0 0.91953125 0.97265625 0.053125 0.0484375
0 0.3375 0.2 0.05234375 0.04921875
0 0.28203125 0.096875 0.05234375 0.05
0 0.703125 0.66328125 0.05234375 0.046875
0 0.65234375 0.96640625 0.0515625 0.0484375
0 0.4453125 0.396875 0.0515625 0.05
0 0.55 0.30078125 0.04921875 0.0484375
0 0.8703125 0.91953125 0.053125 0.04765625
0 0.28671875 0.14609375 0.05234375 0.05
0 0.6 0.9171875 0.0515625 0.0484375
1 0.4953125 0.08984375 0.053125 0.05078125
0 0.815625 0.85859375 0.05234375 0.0484375
0 0.6 0.61015625 0.0515625 0.04765625
0 0.7078125 0.3 0.05234375 0.05
0 0.50078125 0.30078125 0.05078125 0.0484375
0 0.5984375 0.55859375 0.0515625 0.04765625
0 0.80390625 0.60234375 0.053125 0.0484375
0 0.5453125 0.4046875 0.0515625 0.04921875
0 0.60078125 0.96640625 0.0515625 0.04921875
0 0.44375 0.09296875 0.0515625 0.05078125
0 0.60078125 0.18984375 0.05234375 0.04921875
0 0.44375 0.19765625 0.05234375 0.05
0 0.86875 0.45546875 0.0546875 0.05
0 0.4953125 0.39921875 0.0515625 0.04921875
0 0.54765625 0.453125 0.0515625 0.04921875
0 0.59921875 0.50390625 0.0515625 0.04921875
0 0.9171875 0.50703125 0.05234375 0.04921875
0 0.7 0.615625 0.053125 0.04921875
0 0.43984375 0.1484375 0.05234375 0.05
0 0.496875 0.25 0.0515625 0.0484375
0 0.60625 0.29375 0.0515625 0.04921875
0 0.75625 0.5515625 0.053125 0.04765625
0 0.59765625 0.45078125 0.05078125 0.04921875
0 0.7078125 0.45703125 0.05390625 0.04921875
0 0.7578125 0.4484375 0.053125 0.05
0 0.81484375 0.503125 0.05390625 0.05078125
0 0.65390625 0.24296875 0.0515625 0.04921875
0 0.76171875 0.503125 0.05390625 0.04921875
0 0.8671875 0.503125 0.05390625 0.04921875
0 0.60234375 0.24453125 0.05234375 0.0484375
0 0.7046875 0.50546875 0.05234375 0.04921875