1 0.425 0.4390625 0.04609375 0.04921875
0 0.16484375 0.3578125 0.05 0.05
1 0.32578125 0.43828125 0.05234375 0.05078125
1 0.52421875 0.5953125 0.05078125 0.05
1 0.4125 0.7015625 0.05234375 0.05078125
1 0.63125 0.54375 0.05234375 0.05078125
1 0.259375 0.434375 0.0515625 0.0515625
1 0.57734375 0.5265625 0.05078125 0.04921875
1 0.521875 0.4765625 0.05234375 0.04921875
1 0.31640625 0.37890625 0.0515625 0.05078125
1 0.5265625 0.54140625 0.0515625 0.04921875
1 0.68046875 0.596875 0.05234375 0.0515625
0 0.16328125 0.4171875 0.0515625 0.05078125
1 0.6265625 0.49453125 0.0515625 0.04921875
1 0.38125 0.3734375 0.05234375 0.05
1 0.4328125 0.38671875 0.0515625 0.0484375
1 0.31015625 0.69609375 0.05078125 0.0515625
1 0.63046875 0.3921875 0.05234375 0.05078125
1 0.7359375 0.5953125 0.05234375 0.0515625
1 0.525 0.4265625 0.05078125 0.0484375
1 0.32578125 0.275 0.05 0.05
1 0.21640625 0.378125 0.05078125 0.05
1 0.2640625 0.37265625 0.05078125 0.05
1 0.57890625 0.38203125 0.04921875 0.05
1 0.3578125 0.75078125 0.053125 0.05234375
1 0.521875 0.75 0.0515625 0.04921875
1 0.6796875 0.7046875 0.05234375 0.0515625
0 0.22578125 0.1703125 0.04921875 0.046875
1 0.57890625 0.75 0.0515625 0.0515625
1 0.27578125 0.275 0.04921875 0.05
1 0.521875 0.6984375 0.0515625 0.05
0 0.2125 0.62890625 0.05234375 0.0515625
1 0.53046875 0.37734375 0.05 0.04921875
1 0.5953125 0.32890625 0.04921875 0.05
1 0.68828125 0.653125 0.0515625 0.0515625
1 0.2578125 0.696875 0.05234375 0.05234375
1 0.62890625 0.74921875 0.05234375 0.05234375
0 0.2109375 0.42890625 0.05234375 0.05
1 0.6796875 0.75703125 0.05234375 0.05234375
1 0.43046875 0.33515625 0.0515625 0.04921875
1 0.2546875 0.74921875 0.05234375 0.0515625
0 0.28671875 0.16953125 0.0484375 0.046875
1 0.7859375 0.59140625 0.0515625 0.05234375
0 0.78828125 0.3890625 0.0515625 0.05078125
1 0.6390625 0.34296875 0.05 0.04921875
1 0.634375 0.44296875 0.0515625 0.04765625
0 0.22265625 0.21953125 0.0515625 0.04765625
1 0.384375 0.221875 0.05 0.04921875
1 0.79375 0.334375 0.05078125 0.0515625
1 0.628125 0.28671875 0.05078125 0.04921875
0 0.784375 0.540625 0.05078125 0.0515625
0 0.79609375 0.4390625 0.05078125 0.05
0 0.22265625 0.31796875 0.05234375 0.05
0 0.271875 0.325 0.0515625 0.0484375
1 0.334375 0.22265625 0.05 0.04921875
0 0.2609375 0.6421875 0.05234375 0.05234375
0 0.784375 0.22734375 0.05 0.05
0 0.225 0.26953125 0.0515625 0.04609375
0 0.3796875 0.42265625 0.05078125 0.05
0 0.73671875 0.33671875 0.05078125 0.05
0 0.21015625 0.4796875 0.0515625 0.04921875
1 0.634375 0.22890625 0.04921875 0.04765625
0 0.20625 0.684375 0.053125 0.05234375
1 0.4171875 0.8 0.05234375 0.053125
0 0.2640625 0.484375 0.05234375 0.05
0 0.47734375 0.1703125 0.05 0.04609375
0 0.32265625 0.3265625 0.05 0.0484375
1 0.2734375 0.22578125 0.05 0.0484375
0 0.31953125 0.48828125 0.05078125 0.05
1 0.5234375 0.80390625 0.053125 0.053125
0 0.7484375 0.43828125 0.0515625 0.05
0 0.58515625 0.165625 0.05 0.04765625
1 0.79140625 0.27578125 0.0515625 0.05078125
0 0.68203125 0.43125 0.0515625 0.04921875
0 0.73671875 0.54375 0.05234375 0.0515625
0 0.78671875 0.6421875 0.0515625 0.053125
0 0.47109375 0.53828125 0.05078125 0.04921875
0 0.38203125 0.47890625 0.04921875 0.04765625
1 0.25625 0.80234375 0.053125 0.053125
0 0.7375 0.2296875 0.05 0.04921875
0 0.37421875 0.27265625 0.05078125 0.046875
0 0.203125 0.74453125 0.053125 0.05234375
0 0.3234375 0.64375 0.05078125 0.05078125
0 0.46640625 0.48359375 0.05 0.04765625
0 0.47109375 0.42734375 0.04921875 0.04921875
1 0.428125 0.171875 0.0484375 0.04765625
0 0.43359375 0.23828125 0.05078125 0.04765625
1 0.53203125 0.17734375 0.05078125 0.04765625
0 0.5875 0.22421875 0.04921875 0.0484375
1 0.71953125 0.8078125 0.05234375 0.053125
1 0.31171875 0.80625 0.05390625 0.053125
0 0.79140625 0.7453125 0.0515625 0.0515625
0 0.6765625 0.4890625 0.05078125 0.04921875
0 0.6859375 0.32734375 0.05234375 0.04921875
1 0.66484375 0.8140625 0.05390625 0.05390625
0 0.67890625 0.54296875 0.05078125 0.05
0 0.3734375 0.321875 0.04921875 0.0484375
1 0.6328125 0.17109375 0.04921875 0.0484375
0 0.68046875 0.37578125 0.0515625 0.0515625
0 0.6890625 0.22265625 0.05 0.04921875
0 0.48203125 0.21953125 0.05 0.04765625
0 0.47890625 0.37578125 0.05 0.05
1 0.690625 0.171875 0.04921875 0.0484375
0 0.68828125 0.271875 0.05078125 0.05
0 0.37265625 0.64140625 0.0515625 0.05078125
0 0.4296875 0.2859375 0.05078125 0.0484375
0 0.58125 0.27421875 0.0484375 0.0484375
0 0.7390625 0.646875 0.0546875 0.0546875
0 0.53359375 0.284375 0.05078125 0.04765625
1 0.3796875 0.171875 0.04921875 0.04765625
0 0.5765625 0.584375 0.0515625 0.05
0 0.48515625 0.271875 0.05078125 0.0484375
0 0.51875 0.646875 0.0515625 0.05
0 0.54609375 0.33203125 0.05 0.04765625
0 0.4859375 0.321875 0.05 0.0484375
0 0.63203125 0.59453125 0.0515625 0.05
0 0.578125 0.6984375 0.05234375 0.0515625
0 0.4203125 0.6515625 0.053125 0.04921875
0 0.36328125 0.69765625 0.05234375 0.0515625
0 0.2 0.8046875 0.05234375 0.0515625
0 0.47578125 0.58828125 0.05078125 0.0484375
1 0.73984375 0.165625 0.04921875 0.0484375
0 0.4625 0.74140625 0.05234375 0.0515625
0 0.7765625 0.8015625 0.0515625 0.05234375
0 0.46953125 0.6390625 0.05234375 0.05078125
0 0.62734375 0.696875 0.0515625 0.05078125
0 0.7375 0.69765625 0.0546875 0.05234375
1 0.79609375 0.16953125 0.05 0.0484375
0 0.4671875 0.6890625 0.05234375 0.05078125
0 0.6359375 0.64609375 0.0515625 0.05078125
0 0.74140625 0.74921875 0.05390625 0.05234375
0 0.4671875 0.79453125 0.05078125 0.0515625