0 0.7765625 0.7515625 0.05859375 0.05859375
1 0.42734375 0.41484375 0.059375 0.05703125
0 0.8640625 0.6078125 0.05859375 0.05703125
1 0.2984375 0.475 0.05859375 0.05625
1 0.24140625 0.4828125 0.0578125 0.0546875
0 0.9125 0.48671875 0.05703125 0.05546875
1 0.5015625 0.4890625 0.0578125 0.0546875
1 0.37734375 0.30625 0.0578125 0.0546875
1 0.2453125 0.61796875 0.059375 0.05703125
1 0.390625 0.5359375 0.05859375 0.05390625
1 0.16953125 0.54296875 0.06015625 0.05625
0 0.77265625 0.5578125 0.0578125 0.0546875
1 0.3125 0.36328125 0.0578125 0.05546875
1 0.44453125 0.61484375 0.05859375 0.05546875
1 0.50546875 0.61015625 0.05625 0.0546875
0 0.70859375 0.634375 0.05625 0.05546875
1 0.571875 0.48828125 0.0578125 0.05625
1 0.6359375 0.48359375 0.0578125 0.05625
1 0.50859375 0.353125 0.05703125 0.0546875
1 0.38046875 0.675 0.05859375 0.05625
1 0.6515625 0.41484375 0.05859375 0.05625
1 0.3796875 0.22890625 0.05703125 0.053125
0 0.65 0.68828125 0.05625 0.05546875
1 0.68671875 0.2375 0.05625 0.05390625
1 0.31484375 0.66953125 0.06015625 0.05625
1 0.5640625 0.5515625 0.05703125 0.0546875
1 0.3046875 0.221875 0.05625 0.05390625
1 0.509375 0.24609375 0.0578125 0.053125
1 0.5671875 0.3546875 0.05625 0.0546875
1 0.234375 0.67890625 0.06015625 0.05625
1 0.62578125 0.23671875 0.05703125 0.053125
0 0.65546875 0.81953125 0.06015625 0.059375
1 0.10234375 0.6265625 0.059375 0.05703125
0 0.840625 0.41796875 0.0578125 0.05546875
1 0.44140625 0.16796875 0.05625 0.0515625
1 0.246875 0.23046875 0.0578125 0.05390625
1 0.16796875 0.3609375 0.05859375 0.05546875
1 0.10859375 0.2921875 0.05703125 0.05546875
1 0.50703125 0.16953125 0.05625 0.053125
1 0.440625 0.7390625 0.059375 0.05625
1 0.5734375 0.3015625 0.05625 0.05234375
1 0.309375 0.7390625 0.059375 0.05703125
1 0.5765625 0.6703125 0.05859375 0.05546875
0 0.628125 0.53984375 0.05703125 0.0546875
0 0.459375 0.8125 0.05703125 0.05703125
1 0.7453125 0.1703125 0.0578125 0.05390625
0 0.8265625 0.2890625 0.05546875 0.053125
0 0.775 0.4796875 0.0578125 0.05625
0 0.5890625 0.6125 0.05703125 0.05625
1 0.240625 0.17109375 0.0578125 0.05234375
0 0.7125 0.30703125 0.05625 0.05390625
1 0.11171875 0.68125 0.06015625 0.05625
0 0.709375 0.4921875 0.0578125 0.05546875
0 0.82890625 0.3625 0.05703125 0.0546875
1 0.81875 0.16875 0.05625 0.05390625
0 0.09609375 0.7359375 0.05859375 0.05703125
0 0.6296875 0.3609375 0.05625 0.053125
0 0.7046875 0.42890625 0.0578125 0.05546875
0 0.3234375 0.88203125 0.05859375 0.06015625
0 0.3078125 0.296875 0.05546875 0.05390625
0 0.38046875 0.80546875 0.0578125 0.05703125
0 0.17421875 0.1796875 0.05546875 0.05234375
0 0.76171875 0.234375 0.05625 0.053125
0 0.375 0.103125 0.0546875 0.0515625
0 0.1140625 0.23203125 0.05703125 0.05390625
1 0.24375 0.803125 0.06015625 0.0578125
0 0.63046875 0.2890625 0.05703125 0.05390625
0 0.171875 0.80625 0.0578125 0.05703125
0 0.23125 0.30078125 0.05625 0.053125
0 0.17734375 0.2421875 0.0546875 0.05390625
0 0.3828125 0.1671875 0.0546875 0.0515625
1 0.31484375 0.81484375 0.0609375 0.05859375
0 0.23203125 0.1203125 0.05625 0.05234375
0 0.38125 0.740625 0.05625 0.05546875
0 0.165625 0.6234375 0.05703125 0.05546875
0 0.30625 0.16953125 0.05625 0.05234375
0 0.1703125 0.3078125 0.05703125 0.053125
0 0.23984375 0.88515625 0.0578125 0.05703125
0 0.17578125 0.6890625 0.05703125 0.05390625
0 0.24296875 0.73828125 0.0578125 0.05546875
0 0.2890625 0.06171875 0.0546875 0.05390625
0 0.175 0.7484375 0.0578125 0.0546875