0 0.56328125 0.5046875 0.04609375 0.0484375
1 0.09296875 0.50078125 0.05 0.04921875
0 0.66484375 0.5453125 0.046875 0.0453125
0 0.59765625 0.553125 0.0484375 0.046875
1 0.09375 0.6609375 0.04921875 0.04921875
1 0.14140625 0.44609375 0.0484375 0.04921875
1 0.14609375 0.653125 0.04921875 0.0484375
0 0.621875 0.45859375 0.04765625 0.04609375
1 0.16953125 0.55 0.04921875 0.04921875
0 0.6578125 0.41328125 0.04609375 0.0453125
0 0.5578125 0.3421875 0.04609375 0.04609375
0 0.45546875 0.35234375 0.046875 0.04609375
1 0.04453125 0.49765625 0.04765625 0.04921875
1 0.09921875 0.39609375 0.0484375 0.04921875
0 0.70390625 0.60234375 0.0484375 0.0484375
1 0.19609375 0.453125 0.04765625 0.0484375
1 0.03828125 0.6625 0.04921875 0.04921875
0 0.7609375 0.44609375 0.04765625 0.046875
0 0.5015625 0.509375 0.04765625 0.0484375
1 0.09140625 0.2921875 0.0484375 0.04921875
1 0.1984375 0.61015625 0.0484375 0.0484375
0 0.45 0.44375 0.0484375 0.046875
0 0.553125 0.39921875 0.04609375 0.04609375
0 0.49921875 0.4421875 0.04765625 0.046875
1 0.246875 0.46328125 0.0484375 0.04765625
0 0.44296875 0.5578125 0.04609375 0.046875
0 0.65546875 0.653125 0.046875 0.04609375
1 0.19453125 0.340625 0.0484375 0.04921875
1 0.2953125 0.45546875 0.04765625 0.04765625
1 0.1375 0.2953125 0.05 0.04921875
0 0.40078125 0.29921875 0.046875 0.046875
1 0.2953125 0.5515625 0.04765625 0.046875
0 0.71484375 0.6546875 0.046875 0.04453125
1 0.24375 0.3390625 0.04921875 0.04765625
1 0.2484375 0.603125 0.0484375 0.0484375
1 0.08515625 0.81484375 0.04921875 0.0484375
0 0.81484375 0.40703125 0.04765625 0.04765625
1 0.1515625 0.7640625 0.04921875 0.04921875
0 0.61171875 0.303125 0.046875 0.04765625
1 0.04921875 0.76484375 0.05 0.05
0 0.69375 0.33515625 0.046875 0.0484375
0 0.75703125 0.50390625 0.046875 0.04609375
0 0.496875 0.190625 0.046875 0.04765625
0 0.60546875 0.24921875 0.046875 0.04765625
0 0.8625 0.4625 0.04765625 0.04765625
0 0.71640625 0.75859375 0.04765625 0.04609375
1 0.34921875 0.39921875 0.046875 0.04609375
0 0.821875 0.6609375 0.046875 0.04765625
1 0.34453125 0.30703125 0.04765625 0.04765625
0 0.76328125 0.60078125 0.04765625 0.046875
0 0.50078125 0.284375 0.04765625 0.046875
1 0.1375 0.24453125 0.04921875 0.0484375
1 0.0359375 0.19296875 0.0484375 0.04921875
1 0.19921875 0.759375 0.05 0.04921875
0 0.86875 0.31015625 0.046875 0.05
0 0.39453125 0.1921875 0.04765625 0.04921875
0 0.4484375 0.24921875 0.046875 0.046875
0 0.86640625 0.76875 0.04609375 0.04609375
0 0.8640625 0.5578125 0.046875 0.04765625
0 0.87421875 0.66875 0.046875 0.04765625
1 0.2953125 0.76484375 0.05078125 0.04921875
1 0.3953125 0.4390625 0.04765625 0.0453125
0 0.9203125 0.46015625 0.04609375 0.046875
1 0.38984375 0.55 0.0484375 0.04765625
0 0.81484375 0.81875 0.04765625 0.046875
0 0.55390625 0.14296875 0.04609375 0.046875
0 0.81796875 0.71171875 0.046875 0.04765625
1 0.32890625 0.61015625 0.0484375 0.0484375
0 0.8171875 0.559375 0.046875 0.04609375
1 0.09140625 0.19140625 0.0484375 0.04765625
1 0.19375 0.29296875 0.0484375 0.046875
1 0.4453125 0.3984375 0.04765625 0.046875
1 0.2515625 0.85859375 0.05078125 0.04765625
0 0.9125 0.24609375 0.046875 0.04765625
0 0.9171875 0.36171875 0.04609375 0.04765625
1 0.33515625 0.8140625 0.05 0.04921875
1 0.18359375 0.81328125 0.05 0.04921875
1 0.44609375 0.50390625 0.046875 0.046875
0 0.759375 0.3453125 0.046875 0.046875
0 0.70625 0.14296875 0.04765625 0.04921875
1 0.2875 0.23984375 0.0484375 0.0484375
0 0.77578125 0.878125 0.046875 0.046875
0 0.9328125 0.71796875 0.04609375 0.046875
1 0.3984375 0.5015625 0.0484375 0.04765625
1 0.04765625 0.8484375 0.0484375 0.046875
1 0.46875 0.60625 0.046875 0.04765625
1 0.296875 0.6578125 0.04765625 0.04921875
1 0.24375 0.29140625 0.04921875 0.04765625
1 0.25625 0.70625 0.04765625 0.04765625
1 0.3953125 0.67578125 0.04765625 0.04765625
1 0.34296875 0.6671875 0.04765625 0.04765625
0 0.353125 0.1359375 0.04609375 0.04765625
1 0.14140625 0.196875 0.05 0.04921875
1 0.24140625 0.2296875 0.04765625 0.04765625
0 0.8140625 0.1859375 0.04765625 0.04921875
0 0.8765625 0.190625 0.046875 0.046875
1 0.19140625 0.18828125 0.04921875 0.04921875
0 0.71328125 0.91015625 0.046875 0.0453125
1 0.5140625 0.71171875 0.0484375 0.0484375
1 0.14140625 0.85859375 0.04765625 0.04765625
1 0.35625 0.87109375 0.05 0.0484375
1 0.41015625 0.73515625 0.046875 0.04765625
1 0.62109375 0.815625 0.046875 0.04765625
1 0.56484375 0.759375 0.04765625 0.0484375
1 0.40234375 0.34609375 0.0484375 0.046875
0 0.9609375 0.55546875 0.04765625 0.046875
1 0.30234375 0.915625 0.05 0.04765625
0 0.76796875 0.76328125 0.046875 0.0453125
1 0.0921875 0.9234375 0.0484375 0.0484375
0 0.9203125 0.60625 0.04609375 0.0453125
1 0.04375 0.13828125 0.04765625 0.04921875
0 0.7171875 0.08984375 0.046875 0.04921875
0 0.96171875 0.49375 0.04765625 0.04765625
1 0.446875 0.765625 0.0484375 0.04921875
1 0.50859375 0.6625 0.0484375 0.0484375
0 0.91796875 0.4078125 0.046875 0.0484375
0 0.39921875 0.14453125 0.046875 0.04765625
1 0.34375 0.2515625 0.04765625 0.04765625
1 0.0921875 0.1421875 0.04921875 0.05
0 0.61640625 0.08984375 0.04765625 0.046875
0 0.30390625 0.13046875 0.046875 0.04921875
0 0.878125 0.87109375 0.04609375 0.04609375
1 0.14296875 0.14453125 0.04921875 0.05
1 0.41875 0.5984375 0.046875 0.04765625
1 0.3015625 0.71796875 0.05 0.04921875
1 0.60859375 0.87265625 0.04765625 0.046875
0 0.44453125 0.13671875 0.04765625 0.0484375
1 0.4015625 0.81640625 0.0484375 0.0484375
1 0.60703125 0.71015625 0.046875 0.04765625
1 0.390625 0.246875 0.04765625 0.0484375
1 0.565625 0.8203125 0.04765625 0.04765625
0 0.9640625 0.3046875 0.04765625 0.046875
1 0.3765625 0.61171875 0.04765625 0.0484375
1 0.340625 0.19296875 0.04921875 0.04765625
1 0.290625 0.1796875 0.04921875 0.04921875
1 0.39609375 0.3921875 0.046875 0.04609375
0 0.9125 0.14140625 0.04765625 0.05
0 0.50078125 0.0859375 0.046875 0.04765625
1 0.45546875 0.7171875 0.046875 0.04921875
1 0.56015625 0.70390625 0.04609375 0.046875
0 0.71171875 0.19453125 0.04765625 0.0484375
0 0.44609375 0.08828125 0.04765625 0.04765625
1 0.2390625 0.178125 0.04765625 0.04765625
1 0.18984375 0.86171875 0.04921875 0.04765625
1 0.40703125 0.9203125 0.04921875 0.0484375
0 0.9734375 0.403125 0.046875 0.0484375
0 0.9640625 0.6578125 0.046875 0.04765625
1 0.45625 0.81796875 0.04765625 0.04765625
1 0.50625 0.8171875 0.0484375 0.04765625
1 0.503125 0.86328125 0.05 0.0484375
1 0.2578125 0.1328125 0.04765625 0.0484375
0 0.821875 0.9171875 0.046875 0.046875
1 0.19140625 0.9078125 0.04921875 0.04765625
1 0.4515625 0.875 0.04921875 0.0484375
0 0.19765625 0.1390625 0.04765625 0.04765625
0 0.9703125 0.19921875 0.046875 0.04921875
0 0.15703125 0.08984375 0.0484375 0.04765625
1 0.24921875 0.9671875 0.04921875 0.05078125
0 0.56015625 0.8640625 0.0484375 0.046875
0 0.6046875 0.91796875 0.04765625 0.04609375
0 0.30078125 0.08125 0.046875 0.046875
0 0.91875 0.090625 0.04765625 0.0484375
0 0.39609375 0.0421875 0.046875 0.046875
0 0.20703125 0.0890625 0.046875 0.04921875
0 0.5578125 0.02421875 0.04921875 0.046875
1 0.4515625 0.92265625 0.0484375 0.04765625
0 0.253125 0.08359375 0.04609375 0.04609375
1 0.096875 0.090625 0.04921875 0.05
0 0.65703125 0.0234375 0.04765625 0.04453125
0 0.7609375 0.03046875 0.04765625 0.04921875
0 0.3375 0.02890625 0.04609375 0.046875
1 0.3953125 0.97578125 0.04921875 0.04765625
0 0.54375 0.9109375 0.05 0.04765625
0 0.05078125 0.0859375 0.0453125 0.04765625
0 0.50078125 0.921875 0.04765625 0.046875
0 0.971875 0.09921875 0.04921875 0.05
0 0.915625 0.9140625 0.04609375 0.0453125
0 0.20078125 0.0390625 0.04765625 0.0484375
1 0.140625 0.97890625 0.04921875 0.04140625
0 0.0984375 0.04375 0.04609375 0.046875
0 0.96171875 0.9125 0.046875 0.04609375
0 0.67265625 0.97265625 0.0453125 0.0453125
0 0.81953125 0.9703125 0.0453125 0.046875
0 0.7671875 0.971875 0.046875 0.04609375
0 0.96953125 0.0328125 0.04921875 0.05234375
1 0.92109375 0.02890625 0.046875 0.04921875
1 0.865625 0.0328125 0.0484375 0.0484375
0 0.46015625 0.9796875 0.0453125 0.03984375
0 0.33515625 0.97734375 0.046875 0.0453125
0 0.85390625 0.13828125 0.046875 0.0484375
0 0.71328125 0.03203125 0.046875 0.0453125
0 0.6078125 0.034375 0.04453125 0.04921875
0 0.66484375 0.184375 0.04609375 0.05
0 0.60234375 0.1890625 0.04375 0.04921875
0 0.55546875 0.19140625 0.04765625 0.04921875
0 0.5515625 0.240625 0.046875 0.0515625
0 0.7125 0.24296875 0.04765625 0.04765625
0 0.76875 0.24296875 0.04609375 0.05
0 0.815625 0.24375 0.04453125 0.05
0 0.6609375 0.290625 0.046875 0.04765625
0 0.7125 0.290625 0.04609375 0.046875
0 0.76328125 0.29609375 0.0484375 0.046875
0 0.82421875 0.35078125 0.046875 0.05
0 0.8703125 0.36328125 0.046875 0.046875
0 0.45078125 0.296875 0.05 0.05
0 0.61796875 0.3609375 0.0484375 0.0484375
0 0.5078125 0.39609375 0.04609375 0.04609375
0 0.7109375 0.50703125 0.046875 0.05
0 0.4953125 0.5609375 0.0484375 0.046875
0 0.5140625 0.603125 0.046875 0.04765625
0 0.559375 0.60703125 0.0453125 0.0484375
0 0.60625 0.6125 0.04609375 0.05078125
0 0.55859375 0.65546875 0.046875 0.05
0 0.60703125 0.659375 0.05 0.04765625
0 0.77109375 0.55546875 0.0453125 0.046875
0 0.875 0.61015625 0.046875 0.04765625
0 0.77109375 0.71484375 0.04921875 0.0484375
0 0.653125 0.7109375 0.0453125 0.0484375
0 0.6109375 0.7546875 0.0453125 0.04921875
0 0.6578125 0.7578125 0.046875 0.04609375
0 0.66796875 0.81484375 0.0453125 0.04921875
0 0.71328125 0.8140625 0.04609375 0.046875
0 0.671875 0.86484375 0.0484375 0.05