0 0.36015625 0.646875 0.06328125 0.059375
1 0.43984375 0.64140625 0.0640625 0.0578125
1 0.51875 0.7171875 0.06328125 0.059375
1 0.515625 0.6390625 0.0640625 0.05859375
0 0.27421875 0.63984375 0.0640625 0.05859375
1 0.284375 0.57109375 0.06484375 0.059375
1 0.43671875 0.5671875 0.06328125 0.05625
1 0.35546875 0.5765625 0.06484375 0.05625
0 0.578125 0.6515625 0.06171875 0.0578125
1 0.5171875 0.78828125 0.06484375 0.0578125
1 0.44765625 0.4953125 0.06171875 0.0578125
0 0.365625 0.715625 0.06328125 0.0578125
0 0.20703125 0.63984375 0.0640625 0.05859375
0 0.4265625 0.71171875 0.06328125 0.05625
1 0.58515625 0.7953125 0.0640625 0.05703125
0 0.6625 0.6453125 0.06171875 0.0578125
1 0.36015625 0.78203125 0.065625 0.059375
0 0.5703125 0.57890625 0.0609375 0.0578125
0 0.57890625 0.50234375 0.0625 0.05625
1 0.21171875 0.56796875 0.0640625 0.0578125
0 0.1375 0.64375 0.06640625 0.06015625
1 0.8078125 0.58359375 0.06328125 0.059375
0 0.665625 0.49375 0.06171875 0.05625
0 0.4984375 0.36484375 0.0625 0.0578125
0 0.50859375 0.50078125 0.06328125 0.05703125
1 0.28203125 0.4984375 0.06328125 0.05859375
0 0.6515625 0.56796875 0.0625 0.05703125
0 0.284375 0.71171875 0.0640625 0.05859375
0 0.72734375 0.575 0.0625 0.05625
1 0.29453125 0.78203125 0.06484375 0.06015625
0 0.50859375 0.5796875 0.0625 0.0578125
1 0.11640625 0.575 0.06484375 0.06015625
1 0.73359375 0.50703125 0.06484375 0.05859375
0 0.50625 0.428125 0.0625 0.05703125
0 0.5796875 0.71484375 0.06171875 0.05703125
1 0.65703125 0.35234375 0.06171875 0.059375
1 0.8671875 0.65234375 0.0640625 0.05859375
1 0.43515625 0.35078125 0.0625 0.06015625
1 0.4328125 0.43515625 0.0640625 0.05859375
0 0.73828125 0.7109375 0.0625 0.05625
1 0.34921875 0.3453125 0.0640625 0.05859375
1 0.2046875 0.7828125 0.0640625 0.06015625
0 0.5734375 0.36484375 0.0609375 0.05625
0 0.65703125 0.428125 0.0640625 0.05859375
0 0.12421875 0.715625 0.065625 0.059375
0 0.64609375 0.7296875 0.0625 0.05703125
1 0.73046875 0.42265625 0.06484375 0.0578125
1 0.8765625 0.5640625 0.0640625 0.0609375
1 0.2859375 0.3515625 0.0625 0.059375
1 0.13671875 0.48984375 0.065625 0.06015625
0 0.51484375 0.28671875 0.06171875 0.05703125
1 0.8078125 0.5203125 0.0640625 0.059375
1 0.2796875 0.42578125 0.06328125 0.0578125
1 0.20859375 0.403125 0.06328125 0.05703125
1 0.72578125 0.36640625 0.06484375 0.05859375
0 0.8015625 0.6578125 0.06328125 0.0578125
0 0.68125 0.7828125 0.06328125 0.0578125
0 0.36484375 0.2890625 0.06328125 0.05859375
0 0.80234375 0.8 0.06328125 0.059375
0 0.225 0.3484375 0.0640625 0.0578125
1 0.58359375 0.2796875 0.0625 0.059375
1 0.04921875 0.5703125 0.06484375 0.06015625
1 0.7921875 0.3578125 0.06328125 0.06015625
0 0.8140625 0.7125 0.06328125 0.05859375
1 0.74609375 0.8609375 0.065625 0.05859375
1 0.81796875 0.8625 0.0640625 0.05859375
0 0.29140625 0.284375 0.0625 0.05859375
0 0.0609375 0.6546875 0.06328125 0.0578125
1 0.6515625 0.2796875 0.06328125 0.059375
1 0.59453125 0.86015625 0.065625 0.05859375
0 0.584375 0.21875 0.0625 0.05859375
1 0.43359375 0.27890625 0.06328125 0.05859375
1 0.68125 0.85625 0.0640625 0.0578125
0 0.878125 0.71640625 0.06171875 0.0578125
0 0.43046875 0.78984375 0.0625 0.05703125
0 0.7375 0.803125 0.06484375 0.05859375
0 0.42890625 0.2078125 0.0640625 0.059375
0 0.946875 0.6453125 0.0609375 0.05625
1 0.8046875 0.29609375 0.0640625 0.05859375
1 0.06015625 0.5078125 0.065625 0.0609375
0 0.13828125 0.78984375 0.06484375 0.0578125
1 0.8703125 0.49921875 0.065625 0.059375
1 0.42890625 0.8578125 0.06328125 0.05859375
1 0.65546875 0.21953125 0.06484375 0.0578125
1 0.73515625 0.21015625 0.0640625 0.059375
0 0.13828125 0.42109375 0.0640625 0.059375
1 0.81328125 0.2078125 0.0640625 0.0578125
0 0.9421875 0.57734375 0.06328125 0.05859375
0 0.50703125 0.134375 0.0609375 0.05703125
0 0.71953125 0.13671875 0.06328125 0.059375
0 0.5765625 0.1328125 0.06171875 0.059375
0 0.65390625 0.13984375 0.06171875 0.05859375
0 0.94765625 0.725 0.0609375 0.05703125
0 0.0625 0.79453125 0.0625 0.0578125
0 0.275 0.21015625 0.06328125 0.05859375
1 0.4453125 0.14296875 0.0625 0.0578125
0 0.3640625 0.1453125 0.06328125 0.0578125
0 0.0609375 0.35625 0.06328125 0.059375
0 0.88125 0.8640625 0.0640625 0.0578125
1 0.13671875 0.8625 0.065625 0.059375
0 0.06015625 0.2765625 0.06328125 0.06015625
0 0.1484375 0.2734375 0.0640625 0.05859375
0 0.80234375 0.1328125 0.0625 0.059375
1 0.946875 0.50078125 0.06328125 0.06015625
1 0.0546875 0.85703125 0.065625 0.059375
1 0.87734375 0.1421875 0.065625 0.06015625
0 0.94453125 0.8546875 0.0625 0.05859375
1 0.815625 0.93671875 0.065625 0.059375
0 0.146875 0.12265625 0.0625 0.05859375
0 0.20859375 0.1203125 0.0640625 0.059375
0 0.7984375 0.0703125 0.0640625 0.0578125
1 0.878125 0.07890625 0.065625 0.05625
0 0.0640625 0.128125 0.06328125 0.059375
0 0.57890625 0.06328125 0.0625 0.059375
0 0.8859375 0.9390625 0.0625 0.05859375
1 0.36875 0.0578125 0.06171875 0.05859375