1 0.7515625 0.871875 0.05234375 0.053125
0 0.65078125 0.759375 0.05 0.0515625
1 0.85625 0.87578125 0.053125 0.05390625
0 0.86640625 0.71328125 0.05078125 0.053125
1 0.14140625 0.86015625 0.05234375 0.05546875
1 0.14375 0.70625 0.0515625 0.05703125
1 0.80859375 0.81875 0.05234375 0.0546875
1 0.1953125 0.81171875 0.0515625 0.05546875
1 0.9125 0.51015625 0.05078125 0.0546875
0 0.44921875 0.86015625 0.05 0.053125
1 0.7546875 0.4515625 0.05234375 0.05390625
1 0.15234375 0.45390625 0.0515625 0.05546875
0 0.90625 0.821875 0.05078125 0.05234375
1 0.8578125 0.45546875 0.053125 0.05546875
0 0.70390625 0.29609375 0.05 0.0546875
1 0.86015625 0.3015625 0.05234375 0.05546875
0 0.1875 0.9125 0.05 0.053125
0 0.6078125 0.1375 0.04765625 0.0515625
1 0.09375 0.17734375 0.05234375 0.05625
0 0.80546875 0.1859375 0.05078125 0.05390625
0 0.71171875 0.13125 0.05 0.053125
1 0.14296875 0.2953125 0.05234375 0.05625
0 0.13984375 0.1296875 0.05078125 0.0546875
0 0.3046875 0.14296875 0.04921875 0.0546875
0 0.19765625 0.19453125 0.05 0.0546875
0 0.290625 0.8625 0.05234375 0.05546875
1 0.91484375 0.19375 0.0515625 0.053125
0 0.8640625 0.13828125 0.0515625 0.0546875
0 0.86640625 0.5609375 0.0484375 0.05078125