1 0.565625 0.55625 0.065625 0.0578125
0 0.34921875 0.478125 0.06640625 0.059375
0 0.26640625 0.4765625 0.065625 0.06015625
0 0.43203125 0.40625 0.06328125 0.0578125
1 0.49140625 0.47890625 0.06484375 0.06171875
1 0.64609375 0.471875 0.0625 0.059375
0 0.18828125 0.47734375 0.065625 0.06015625
1 0.5828125 0.4671875 0.06328125 0.06015625
1 0.42890625 0.61171875 0.06328125 0.059375
0 0.42109375 0.54375 0.065625 0.059375
1 0.65625 0.63125 0.06484375 0.0609375
1 0.25703125 0.61171875 0.06484375 0.0609375
0 0.49453125 0.54375 0.06484375 0.05859375
1 0.4984375 0.6875 0.06484375 0.0609375
0 0.496875 0.396875 0.06328125 0.0578125
1 0.73359375 0.6296875 0.065625 0.06328125
0 0.503125 0.26953125 0.06328125 0.0578125
0 0.50859375 0.33828125 0.06171875 0.05625
1 0.34375 0.621875 0.065625 0.0609375
0 0.12265625 0.4078125 0.06484375 0.06015625
1 0.73203125 0.4671875 0.06484375 0.06015625
1 0.56953125 0.40234375 0.06328125 0.059375
0 0.20078125 0.33984375 0.0640625 0.05859375
1 0.72734375 0.54765625 0.06484375 0.06015625
1 0.79609375 0.61640625 0.065625 0.0625
1 0.4125 0.471875 0.0640625 0.06015625
0 0.3453125 0.5546875 0.06640625 0.0609375
0 0.27890625 0.33828125 0.06484375 0.05859375
1 0.25859375 0.54140625 0.0640625 0.06015625
0 0.58515625 0.6203125 0.06484375 0.06015625
0 0.80703125 0.265625 0.0625 0.05859375
0 0.5671875 0.26015625 0.0625 0.0578125
1 0.73125 0.346875 0.06328125 0.0578125
0 0.2828125 0.25625 0.0625 0.05703125
0 0.11640625 0.33515625 0.06484375 0.059375
0 0.6484375 0.196875 0.06171875 0.05703125
1 0.86484375 0.6203125 0.06640625 0.0640625
1 0.7984375 0.334375 0.06328125 0.059375
0 0.88125 0.271875 0.0625 0.0578125
1 0.725 0.41015625 0.065625 0.0609375
1 0.1796875 0.54375 0.06484375 0.0609375
1 0.571875 0.33515625 0.06328125 0.059375
0 0.3625 0.27109375 0.06328125 0.05703125
0 0.11328125 0.48046875 0.0671875 0.06171875
0 0.5015625 0.60859375 0.065625 0.0609375
0 0.809375 0.18828125 0.06171875 0.0578125
0 0.50625 0.19609375 0.06171875 0.05703125
0 0.36171875 0.19140625 0.0640625 0.0578125
1 0.115625 0.5578125 0.06640625 0.0625
0 0.1265625 0.26015625 0.0640625 0.059375
1 0.728125 0.2671875 0.0640625 0.059375
0 0.42421875 0.18359375 0.0625 0.05859375
1 0.64921875 0.2703125 0.0625 0.05859375
1 0.87578125 0.3328125 0.06484375 0.0609375
0 0.040625 0.39765625 0.06484375 0.0609375
1 0.26484375 0.68828125 0.06484375 0.0609375
0 0.659375 0.690625 0.06640625 0.0625
0 0.65859375 0.1203125 0.0609375 0.05703125
0 0.0390625 0.47890625 0.06484375 0.06171875
0 0.94375 0.33359375 0.065625 0.0609375
1 0.49765625 0.76640625 0.06484375 0.06328125
0 0.80546875 0.12265625 0.0625 0.06015625
0 0.57734375 0.6921875 0.06484375 0.0609375
0 0.95390625 0.26640625 0.0625 0.05859375
0 0.7296875 0.696875 0.065625 0.0609375
0 0.87421875 0.6859375 0.06640625 0.06171875
1 0.65703125 0.7640625 0.06796875 0.06484375
0 0.1359375 0.19140625 0.06328125 0.059375
1 0.72421875 0.765625 0.0671875 0.0640625
0 0.80546875 0.6953125 0.06640625 0.06171875
1 0.734375 0.19765625 0.06328125 0.05703125
1 0.171875 0.68828125 0.06640625 0.0625
0 0.06328125 0.259375 0.0625 0.059375
0 0.878125 0.1265625 0.0625 0.05703125
1 0.4234375 0.771875 0.065625 0.0625
0 0.359375 0.12421875 0.06328125 0.05625
1 0.0328125 0.54921875 0.06328125 0.06328125
1 0.3390625 0.7625 0.06640625 0.0640625
1 0.5640625 0.77421875 0.06484375 0.06328125
1 0.80859375 0.7671875 0.06640625 0.06328125
0 0.2828125 0.1234375 0.06328125 0.05703125
0 0.490625 0.14140625 0.0609375 0.05390625
0 0.428125 0.1234375 0.06171875 0.05546875
1 0.96015625 0.615625 0.065625 0.06328125
1 0.09921875 0.6875 0.0671875 0.0609375
0 0.95625 0.19765625 0.0625 0.05859375
1 0.94765625 0.3953125 0.0640625 0.0609375
0 0.95703125 0.68828125 0.065625 0.06171875
1 0.8890625 0.76796875 0.0671875 0.06328125
1 0.02734375 0.62890625 0.0546875 0.0609375
0 0.6625 0.06171875 0.0609375 0.05625
0 0.19609375 0.115625 0.06328125 0.0578125
0 0.7375 0.0578125 0.06328125 0.05625
0 0.12265625 0.13046875 0.0625 0.0578125
0 0.8140625 0.059375 0.0609375 0.05703125
1 0.734375 0.11875 0.06328125 0.05859375
1 0.9578125 0.7578125 0.065625 0.0625
0 0.44140625 0.06953125 0.06171875 0.0546875
0 0.58046875 0.0609375 0.0625 0.05625
0 0.9546875 0.04921875 0.06328125 0.0578125