0 0.7140625 0.4390625 0.053125 0.04921875
1 0.1265625 0.2890625 0.053125 0.05
0 0.82421875 0.4890625 0.053125 0.04765625
1 0.1890625 0.184375 0.0515625 0.04765625
0 0.6625 0.49921875 0.053125 0.04765625
1 0.228125 0.12578125 0.05078125 0.04765625
0 0.87109375 0.29140625 0.05390625 0.0484375
0 0.66015625 0.2390625 0.05234375 0.04765625
1 0.1796875 0.47890625 0.053125 0.0484375
0 0.9203125 0.25234375 0.05234375 0.04921875
0 0.4984375 0.15234375 0.05390625 0.05
0 0.81875 0.796875 0.0546875 0.05078125
0 0.065625 0.63984375 0.05546875 0.05078125
0 0.2796875 0.2875 0.05390625 0.0484375
0 0.3921875 0.63984375 0.053125 0.04921875
1 0.76875 0.0796875 0.0515625 0.04921875
1 0.6546875 0.140625 0.0515625 0.046875
0 0.23515625 0.240625 0.0515625 0.04765625
0 0.553125 0.38828125 0.05390625 0.0484375
0 0.44921875 0.696875 0.05234375 0.04921875
1 0.28828125 0.3421875 0.05234375 0.04921875
1 0.7125 0.084375 0.0515625 0.0484375
0 0.5515625 0.4359375 0.053125 0.04765625
0 0.76328125 0.19765625 0.05234375 0.0484375
0 0.28828125 0.190625 0.053125 0.04765625
1 0.925 0.19375 0.0515625 0.04921875
1 0.503125 0.58125 0.053125 0.05
0 0.81640625 0.1953125 0.05234375 0.04921875
1 0.915625 0.13828125 0.0515625 0.04921875
1 0.27265625 0.48828125 0.05390625 0.04921875
0 0.12890625 0.68515625 0.05546875 0.05
0 0.22890625 0.6453125 0.05546875 0.05
0 0.3890625 0.28359375 0.05234375 0.04921875
0 0.328125 0.70390625 0.053125 0.04921875
0 0.5015625 0.3359375 0.053125 0.0484375
0 0.28125 0.59296875 0.05546875 0.04921875
1 0.60625 0.47734375 0.053125 0.0484375
1 0.225 0.596875 0.053125 0.04921875
1 0.3390625 0.54375 0.053125 0.04921875
0 0.4375 0.39140625 0.05390625 0.04921875
0 0.3375 0.5953125 0.05390625 0.04921875
1 0.71171875 0.18828125 0.05078125 0.0484375
0 0.65546875 0.18984375 0.05234375 0.04765625
0 0.875 0.196875 0.053125 0.05
1 0.8203125 0.13984375 0.05234375 0.05
1 0.603125 0.540625 0.05390625 0.04921875
0 0.49609375 0.79296875 0.05390625 0.05078125
0 0.44609375 0.33359375 0.05390625 0.04921875
1 0.340625 0.328125 0.05234375 0.0484375
0 0.28671875 0.140625 0.053125 0.04921875
1 0.86796875 0.14921875 0.0515625 0.04921875
0 0.0640625 0.73828125 0.05546875 0.04921875
1 0.17578125 0.7390625 0.053125 0.05
1 0.27890625 0.5421875 0.053125 0.05
1 0.05703125 0.79375 0.05546875 0.0515625
0 0.39765625 0.75 0.053125 0.0484375
1 0.61171875 0.59296875 0.05390625 0.0484375
0 0.76953125 0.1375 0.05234375 0.0484375
0 0.71875 0.1375 0.053125 0.04765625
1 0.8734375 0.846875 0.0546875 0.0515625
1 0.33671875 0.375 0.05234375 0.04765625
1 0.12421875 0.7328125 0.053125 0.04921875
0 0.39140625 0.3390625 0.0546875 0.04921875
1 0.48828125 0.475 0.0546875 0.05
1 0.44140625 0.44609375 0.053125 0.05078125
1 0.17890625 0.79609375 0.0546875 0.05078125
0 0.72421875 0.84921875 0.0546875 0.05
1 0.3828125 0.43359375 0.0546875 0.04921875
0 0.01953125 0.696875 0.0390625 0.05
1 0.49375 0.38125 0.053125 0.04765625
1 0.0609375 0.86015625 0.0546875 0.05078125
1 0.17734375 0.85390625 0.0546875 0.05078125
1 0.3859375 0.38515625 0.05234375 0.04765625
1 0.4921875 0.428125 0.053125 0.04765625
1 0.115625 0.90625 0.05546875 0.0515625