0 0.5015625 0.35625 0.05078125 0.0484375
1 0.0828125 0.4109375 0.05234375 0.04921875
1 0.08125 0.3578125 0.05234375 0.0484375
0 0.603125 0.3078125 0.04921875 0.0453125
1 0.0890625 0.5109375 0.0515625 0.04921875
1 0.14296875 0.45859375 0.0515625 0.0484375
1 0.19765625 0.3578125 0.0515625 0.046875
1 0.1484375 0.3 0.0515625 0.04765625
1 0.0921875 0.29921875 0.0515625 0.0484375
0 0.56015625 0.4015625 0.04921875 0.04609375
1 0.0421875 0.2953125 0.05078125 0.04921875
0 0.7140625 0.309375 0.0484375 0.0453125
1 0.19921875 0.30390625 0.0515625 0.04765625
0 0.4 0.31171875 0.04921875 0.04609375
0 0.865625 0.353125 0.04921875 0.04609375
0 0.6609375 0.3578125 0.0484375 0.0453125
1 0.090625 0.56015625 0.0515625 0.0484375
0 0.6109375 0.40703125 0.04765625 0.04609375
1 0.19921875 0.25234375 0.05078125 0.04765625
1 0.35234375 0.30546875 0.05 0.046875
1 0.096875 0.25390625 0.05078125 0.04765625
1 0.2015625 0.4078125 0.0515625 0.0484375
0 0.76171875 0.2484375 0.04921875 0.04609375
1 0.15234375 0.6140625 0.05078125 0.046875
1 0.14140625 0.56171875 0.0515625 0.04765625
0 0.8609375 0.2515625 0.0484375 0.04609375
1 0.040625 0.615625 0.0515625 0.0484375
1 0.25546875 0.4125 0.0515625 0.046875
1 0.30234375 0.3078125 0.05 0.04765625
0 0.56171875 0.2484375 0.04921875 0.04609375
0 0.7640625 0.3578125 0.046875 0.0453125
1 0.9140625 0.54765625 0.05 0.046875
0 0.35234375 0.3671875 0.05078125 0.046875
1 0.246875 0.1515625 0.0515625 0.04921875
1 0.08125 0.6625 0.0515625 0.05
1 0.2546875 0.36171875 0.0515625 0.04765625
0 0.253125 0.303125 0.04921875 0.04765625
0 0.71328125 0.3625 0.0484375 0.04453125
1 0.30234375 0.153125 0.05078125 0.0484375
0 0.45703125 0.24921875 0.05 0.046875
1 0.03046875 0.6640625 0.0515625 0.05
0 0.509375 0.2515625 0.04921875 0.046875
1 0.9671875 0.603125 0.0515625 0.04765625
1 0.30390625 0.36171875 0.05 0.04765625
0 0.409375 0.4625 0.05078125 0.04609375
0 0.71171875 0.1484375 0.04921875 0.04609375
1 0.45703125 0.1984375 0.05 0.046875
1 0.909375 0.44765625 0.04921875 0.046875
1 0.8609375 0.4046875 0.04921875 0.0453125
1 0.19609375 0.1015625 0.05 0.04765625
1 0.86328125 0.453125 0.04921875 0.046875
0 0.61015625 0.2046875 0.046875 0.046875
1 0.2453125 0.1046875 0.0515625 0.04921875
0 0.9140625 0.2984375 0.05390625 0.04609375
1 0.6609375 0.1484375 0.04921875 0.04765625
1 0.6109375 0.15390625 0.04921875 0.04765625
0 0.24296875 0.4625 0.053125 0.046875
1 0.34765625 0.09765625 0.05 0.04765625
1 0.81484375 0.5578125 0.05078125 0.0484375
1 0.66328125 0.09921875 0.05 0.0484375
0 0.19609375 0.45546875 0.05078125 0.0484375
1 0.40234375 0.20078125 0.05078125 0.046875
0 0.4546875 0.559375 0.05 0.04609375
1 0.8625 0.50859375 0.04921875 0.04765625
0 0.81171875 0.41484375 0.04921875 0.0453125
0 0.35390625 0.41796875 0.05078125 0.04765625
1 0.559375 0.4484375 0.04921875 0.046875
1 0.2984375 0.20078125 0.05078125 0.0484375
1 0.709375 0.6109375 0.05078125 0.04765625
0 0.71875 0.09609375 0.04921875 0.04609375
1 0.353125 0.5078125 0.05 0.046875
1 0.9625 0.45 0.05 0.04609375
1 0.965625 0.65625 0.0515625 0.0484375
1 0.60390625 0.4578125 0.04921875 0.04609375
0 0.4609375 0.45859375 0.04921875 0.0453125
1 0.75859375 0.50625 0.0515625 0.04609375
1 0.40859375 0.76328125 0.05234375 0.046875
0 0.19296875 0.5171875 0.05078125 0.046875
0 0.18984375 0.56796875 0.05078125 0.046875
0 0.39921875 0.515625 0.04921875 0.046875
0 0.13828125 0.51640625 0.05 0.04765625
1 0.56328125 0.1984375 0.0484375 0.046875
1 0.140625 0.87421875 0.053125 0.04921875
1 0.40078125 0.15390625 0.05078125 0.04765625
1 0.35234375 0.14765625 0.05078125 0.04765625
0 0.30390625 0.5140625 0.05 0.046875
1 0.8640625 0.5546875 0.05 0.0484375
1 0.55390625 0.1515625 0.04921875 0.04765625
0 0.85 0.196875 0.0484375 0.046875
1 0.96171875 0.70625 0.05078125 0.04765625
0 0.81171875 0.1 0.05 0.04609375
0 0.09140625 0.20703125 0.0515625 0.04765625
1 0.0453125 0.76875 0.05234375 0.0484375
1 0.34765625 0.46328125 0.05078125 0.04609375
1 0.66328125 0.55703125 0.05 0.04609375
1 0.6078125 0.50859375 0.05 0.04609375
1 0.5015625 0.15625 0.04921875 0.04609375
1 0.81796875 0.60625 0.05 0.04765625
0 0.51640625 0.20234375 0.05 0.04609375
0 0.509375 0.55078125 0.05 0.0453125
1 0.4 0.5640625 0.0515625 0.04609375
1 0.91328125 0.60859375 0.0484375 0.0484375
0 0.9625 0.36015625 0.05 0.04765625
0 0.0453125 0.24609375 0.0515625 0.04921875
1 0.09453125 0.81953125 0.05234375 0.04765625
1 0.70703125 0.5125 0.04921875 0.04609375
0 0.9171875 0.2515625 0.04921875 0.046875
0 0.1515625 0.196875 0.05078125 0.0484375
0 0.40078125 0.24765625 0.05078125 0.04921875
1 0.2953125 0.71796875 0.0515625 0.046875
1 0.353125 0.55390625 0.05078125 0.046875
1 0.29921875 0.77265625 0.05234375 0.04765625
0 0.14765625 0.25078125 0.05 0.04765625
1 0.24375 0.71640625 0.05078125 0.046875
0 0.7046875 0.1984375 0.04921875 0.04609375
1 0.55703125 0.5578125 0.0484375 0.04609375
0 0.30390625 0.246875 0.05 0.04765625
0 0.30625 0.409375 0.05 0.04765625
0 0.915625 0.2 0.0484375 0.04765625
0 0.81484375 0.14765625 0.04921875 0.04765625
1 0.34453125 0.8140625 0.05234375 0.0484375
0 0.29765625 0.56640625 0.05 0.0453125
0 0.2484375 0.25390625 0.05078125 0.05
0 0.353125 0.24921875 0.05078125 0.04921875
1 0.55390625 0.50703125 0.0484375 0.04609375
0 0.96015625 0.4046875 0.05 0.04921875
1 0.4546875 0.15 0.05078125 0.04765625
0 0.20078125 0.61484375 0.05078125 0.046875
0 0.14609375 0.14375 0.05234375 0.05
1 0.39453125 0.71640625 0.05 0.0453125
1 0.51015625 0.76171875 0.05234375 0.04921875
0 0.20078125 0.6640625 0.0515625 0.04765625
0 0.509375 0.46015625 0.05078125 0.04765625
0 0.80078125 0.2015625 0.04921875 0.04609375
1 0.253125 0.05625 0.05078125 0.04765625
0 0.25 0.2046875 0.05078125 0.04765625
1 0.4609375 0.6046875 0.05078125 0.0453125
0 0.196875 0.14921875 0.0515625 0.04921875
0 0.9078125 0.39609375 0.04921875 0.046875
1 0.3484375 0.70546875 0.05 0.04609375
1 0.35 0.86796875 0.05234375 0.0484375
0 0.81484375 0.4609375 0.05 0.046875
1 0.309375 0.05390625 0.05078125 0.046875
1 0.4 0.6109375 0.05078125 0.04609375
0 0.7703125 0.053125 0.04921875 0.046875
0 0.353125 0.196875 0.05078125 0.046875
0 0.30078125 0.6109375 0.05 0.04609375
0 0.14609375 0.096875 0.05234375 0.05
1 0.30234375 0.6578125 0.05 0.046875
1 0.61015625 0.6109375 0.04921875 0.04609375
1 0.4515625 0.71171875 0.0515625 0.04609375
0 0.865625 0.6078125 0.04921875 0.046875
1 0.90859375 0.653125 0.04921875 0.046875
0 0.0390625 0.1515625 0.05 0.046875
0 0.34765625 0.6 0.05 0.046875
1 0.715625 0.559375 0.05078125 0.046875
0 0.50390625 0.5046875 0.05078125 0.04609375
1 0.2421875 0.81328125 0.053125 0.04765625
1 0.559375 0.61015625 0.04921875 0.046875
1 0.146875 0.76484375 0.05234375 0.0484375
1 0.09140625 0.46171875 0.0515625 0.04921875
0 0.8125 0.50859375 0.04921875 0.04609375
1 0.75703125 0.71796875 0.05 0.046875
1 0.2453125 0.91015625 0.05234375 0.0484375
1 0.14765625 0.8109375 0.053125 0.04921875
1 0.5109375 0.6125 0.05078125 0.04609375
1 0.7609375 0.659375 0.04921875 0.046875
1 0.5046875 0.80625 0.05234375 0.04609375
1 0.61640625 0.6671875 0.05 0.04765625
0 0.9640625 0.1984375 0.05 0.046875
0 0.8546875 0.7078125 0.05078125 0.04453125
0 0.2390625 0.7671875 0.05078125 0.0484375
0 0.76171875 0.8109375 0.04921875 0.0453125
1 0.459375 0.86484375 0.0515625 0.04765625
0 0.9171875 0.75390625 0.04921875 0.046875
0 0.55546875 0.81015625 0.04921875 0.04609375
0 0.80390625 0.7078125 0.04921875 0.04453125
0 0.96484375 0.76484375 0.0484375 0.04609375
1 0.146875 0.928125 0.053125 0.04921875
0 0.70859375 0.76484375 0.04921875 0.046875
0 0.7625 0.765625 0.05 0.046875
1 0.609375 0.71171875 0.05 0.046875
0 0.03125 0.71953125 0.05078125 0.04765625
0 0.92109375 0.80546875 0.04921875 0.04609375
0 0.7203125 0.04375 0.04921875 0.046875
0 0.096875 0.76796875 0.05078125 0.0484375
0 0.19140625 0.78125 0.05078125 0.04765625
1 0.6046875 0.8625 0.0515625 0.0484375
0 0.55234375 0.7 0.0484375 0.04609375
1 0.19296875 0.8265625 0.05234375 0.046875
1 0.7109375 0.81640625 0.05 0.046875
0 0.19453125 0.046875 0.0515625 0.04765625
1 0.30078125 0.91875 0.05390625 0.0484375
0 0.71640625 0.8625 0.05 0.046875
1 0.71015625 0.65703125 0.0484375 0.046875
0 0.55703125 0.75234375 0.05 0.046875
0 0.09296875 0.04765625 0.05234375 0.04765625
0 0.8734375 0.81328125 0.04921875 0.04609375
0 0.60859375 0.75703125 0.04921875 0.046875
1 0.6046875 0.80625 0.05078125 0.04765625
1 0.4015625 0.91875 0.05234375 0.046875
1 0.60859375 0.9171875 0.05078125 0.046875
1 0.5484375 0.865625 0.05234375 0.0484375
0 0.91875 0.85546875 0.04921875 0.04453125
0 0.8640625 0.8578125 0.04921875 0.046875
1 0.66328125 0.6609375 0.0484375 0.04609375
1 0.6578125 0.7578125 0.0484375 0.046875
0 0.14140625 0.04921875 0.053125 0.0484375
1 0.03125 0.93125 0.05234375 0.04765625
1 0.45546875 0.9171875 0.0515625 0.04765625
1 0.66171875 0.86171875 0.05234375 0.04765625
0 0.7125 0.90703125 0.05 0.04609375
1 0.39921875 0.86796875 0.05078125 0.04765625
0 0.66171875 0.9078125 0.05 0.046875
0 0.8171875 0.90703125 0.053125 0.04453125
1 0.5046875 0.92109375 0.05078125 0.04609375
0 0.8671875 0.90234375 0.04921875 0.0453125
0 0.6640625 0.96015625 0.05 0.046875
1 0.6625 0.81171875 0.0515625 0.0484375
1 0.24921875 0.96796875 0.05234375 0.04921875
1 0.55 0.965625 0.05234375 0.046875
0 0.60234375 0.96796875 0.05078125 0.04609375
0 0.75703125 0.9625 0.05078125 0.0453125
1 0.303125 0.975 0.05234375 0.046875
0 0.8125 0.96015625 0.05 0.0453125
1 0.66484375 0.04140625 0.04921875 0.04609375
1 0.0875 0.978125 0.0515625 0.04375
0 0.92578125 0.95625 0.04921875 0.04453125
0 0.90859375 0.69765625 0.0515625 0.04375
0 0.80859375 0.6546875 0.046875 0.046875
0 0.8578125 0.653125 0.0515625 0.04609375
0 0.66015625 0.7078125 0.05 0.046875
0 0.709375 0.7125 0.04765625 0.04765625
0 0.65390625 0.46328125 0.04765625 0.04609375
0 0.70390625 0.46484375 0.0484375 0.046875
0 0.75234375 0.45859375 0.05 0.04765625
0 0.65859375 0.509375 0.0484375 0.046875
0 0.2546875 0.66796875 0.0515625 0.0484375
0 0.1296875 0.66953125 0.0515625 0.04765625
0 0.0796875 0.7125 0.0484375 0.04921875
0 0.1375 0.7171875 0.0484375 0.04765625
0 0.18828125 0.715625 0.05390625 0.0484375
0 0.35234375 0.6546875 0.05 0.04765625
0 0.40390625 0.6578125 0.05234375 0.04609375
0 0.45390625 0.66328125 0.046875 0.04609375
0 0.50546875 0.65703125 0.05 0.04375
0 0.55859375 0.6546875 0.05 0.04375
0 0.50234375 0.7125 0.05 0.04765625
0 0.29609375 0.465625 0.0515625 0.04609375
0 0.03828125 0.19765625 0.0515625 0.046875
0 0.65625 0.1984375 0.04453125 0.04921875
0 0.753125 0.19921875 0.04609375 0.0484375
0 0.2 0.203125 0.04765625 0.04921875