1 0.75 0.59609375 0.07578125 0.06796875
0 0.13046875 0.31796875 0.07734375 0.06875
0 0.21953125 0.378125 0.078125 0.0671875
1 0.74296875 0.45390625 0.0796875 0.06875
0 0.36484375 0.3734375 0.07734375 0.0671875
1 0.6765625 0.52578125 0.07734375 0.06796875
0 0.29609375 0.31015625 0.07734375 0.06796875
1 0.7546875 0.7078125 0.0796875 0.0671875
0 0.2703125 0.60234375 0.07578125 0.065625
0 0.3390625 0.45234375 0.0765625 0.06640625
1 0.7515625 0.38046875 0.08125 0.0703125
0 0.4390625 0.5328125 0.075 0.065625
0 0.45390625 0.3140625 0.07734375 0.0671875
0 0.2140625 0.22734375 0.0796875 0.06796875
1 0.73359375 0.76875 0.0796875 0.0640625
0 0.36484375 0.525 0.07578125 0.065625
1 0.66171875 0.4609375 0.078125 0.0671875
1 0.6 0.521875 0.07734375 0.06796875
1 0.7625 0.3046875 0.078125 0.0671875
1 0.83125 0.85625 0.07734375 0.065625
0 0.5953125 0.3828125 0.0765625 0.0671875
0 0.5265625 0.53046875 0.0765625 0.065625
0 0.06015625 0.23984375 0.07578125 0.06875
1 0.58671875 0.86015625 0.07734375 0.0671875
0 0.13671875 0.22265625 0.07734375 0.06953125
1 0.21875 0.73359375 0.07890625 0.0671875
0 0.67265625 0.6046875 0.07734375 0.06640625
0 0.5296875 0.2953125 0.07578125 0.06875
1 0.13515625 0.7953125 0.07890625 0.0671875
1 0.07578125 0.86328125 0.078125 0.06640625
0 0.68671875 0.30078125 0.07734375 0.06796875
0 0.2921875 0.7234375 0.07578125 0.06484375
0 0.51171875 0.465625 0.07734375 0.0671875
1 0.71171875 0.8953125 0.08046875 0.06484375
0 0.61015625 0.2953125 0.07734375 0.06875
0 0.14609375 0.6640625 0.07734375 0.06875
0 0.3796875 0.30234375 0.07890625 0.06875
1 0.43671875 0.79453125 0.078125 0.06484375
1 0.1421875 0.728125 0.078125 0.06640625
1 0.52421875 0.7234375 0.0765625 0.0671875
1 0.5125 0.871875 0.078125 0.0671875
1 0.2953125 0.80234375 0.0796875 0.0671875
1 0.5140625 0.7875 0.078125 0.0671875
0 0.0640625 0.66484375 0.075 0.06875
0 0.58671875 0.45546875 0.078125 0.0671875
0 0.065625 0.73515625 0.07734375 0.06875
1 0.2109375 0.86875 0.0796875 0.0671875
0 0.22109375 0.6671875 0.0765625 0.06640625
1 0.36015625 0.84453125 0.078125 0.06640625
1 0.365625 0.778125 0.07890625 0.0671875
0 0.05703125 0.8 0.07890625 0.06796875
1 0.28984375 0.8671875 0.07890625 0.06640625
0 0.59609375 0.590625 0.07578125 0.065625
1 0.75859375 0.2234375 0.078125 0.06796875
0 0.6328125 0.11171875 0.078125 0.06796875
0 0.4421875 0.65234375 0.07578125 0.0671875
0 0.29609375 0.1015625 0.07890625 0.0703125
0 0.3625 0.65 0.07734375 0.06796875
0 0.3765625 0.7140625 0.07734375 0.0671875
0 0.51640625 0.6578125 0.07578125 0.06640625
0 0.58828125 0.78515625 0.0765625 0.065625
0 0.73828125 0.83203125 0.07890625 0.065625
0 0.59296875 0.6546875 0.078125 0.06640625
1 0.525 0.9484375 0.07890625 0.0671875
0 0.44921875 0.73203125 0.075 0.0640625
1 0.6078125 0.22734375 0.07890625 0.06796875
1 0.2890625 0.2390625 0.07734375 0.0703125
1 0.44140625 0.2453125 0.078125 0.06953125
1 0.53046875 0.22890625 0.078125 0.0671875
1 0.221875 0.16171875 0.07578125 0.06796875
1 0.2109375 0.934375 0.07734375 0.065625
1 0.6828125 0.234375 0.078125 0.06796875
1 0.365625 0.2375 0.07890625 0.06875
1 0.471875 0.17265625 0.078125 0.06875
0 0.59765625 0.7203125 0.0765625 0.06640625
1 0.55234375 0.10078125 0.07890625 0.06796875
1 0.29765625 0.171875 0.07734375 0.06875
1 0.38515625 0.090625 0.078125 0.06875
1 0.4609375 0.10546875 0.07890625 0.06796875