0 0.18515625 0.8609375 0.0546875 0.05234375
1 0.59453125 0.80390625 0.05859375 0.05625
0 0.91875 0.5625 0.053125 0.0484375
1 0.92109375 0.4640625 0.05390625 0.0515625
1 0.9109375 0.3140625 0.05390625 0.05234375
1 0.86015625 0.409375 0.05390625 0.05234375
0 0.821875 0.55859375 0.0515625 0.04765625
0 0.7671875 0.559375 0.05078125 0.046875
1 0.8578125 0.465625 0.05390625 0.05
1 0.9671875 0.35703125 0.05390625 0.05234375
1 0.91640625 0.5140625 0.053125 0.05078125
1 0.7578125 0.5109375 0.05234375 0.04921875
1 0.8046875 0.4578125 0.053125 0.05078125
1 0.9109375 0.36640625 0.05546875 0.053125
1 0.80390625 0.30703125 0.05390625 0.0515625
1 0.8046875 0.35859375 0.0546875 0.0515625
0 0.92578125 0.76640625 0.05234375 0.04921875
1 0.7046875 0.5078125 0.053125 0.05
1 0.9734375 0.41484375 0.05234375 0.05234375
1 0.87421875 0.76328125 0.053125 0.05078125
1 0.8171875 0.76640625 0.0546875 0.05
1 0.8078125 0.20390625 0.05390625 0.05
0 0.92265625 0.86484375 0.05234375 0.05
0 0.9671875 0.5109375 0.0515625 0.05078125
1 0.8078125 0.25234375 0.05390625 0.05
0 0.86796875 0.86875 0.0515625 0.0484375
1 0.86796875 0.15234375 0.05390625 0.0515625
0 0.815625 0.86875 0.0515625 0.04765625
0 0.753125 0.4625 0.05234375 0.0484375
0 0.865625 0.5140625 0.05078125 0.04765625
1 0.915625 0.8125 0.053125 0.05
1 0.96796875 0.81328125 0.0515625 0.05
0 0.97734375 0.8609375 0.0453125 0.05
0 0.80859375 0.51171875 0.0515625 0.046875
1 0.8140625 0.1484375 0.053125 0.05
0 0.9625 0.3046875 0.053125 0.04921875
0 0.92890625 0.7171875 0.0515625 0.05
1 0.7546875 0.81484375 0.05234375 0.05078125
0 0.8265625 0.7171875 0.05234375 0.04921875
0 0.85859375 0.3578125 0.053125 0.05078125
1 0.80625 0.8109375 0.053125 0.05078125
0 0.80859375 0.4078125 0.05234375 0.04921875
1 0.85859375 0.81328125 0.05546875 0.05078125
0 0.7609375 0.9125 0.05078125 0.04765625
0 0.9109375 0.2578125 0.0515625 0.04921875
1 0.71171875 0.565625 0.05234375 0.05
0 0.878125 0.71484375 0.0515625 0.05
0 0.75625 0.41484375 0.05390625 0.0484375
0 0.1125 0.20625 0.05546875 0.05234375
0 0.9625 0.20390625 0.053125 0.0484375
0 0.965625 0.25234375 0.05234375 0.05078125
0 0.86640625 0.2046875 0.053125 0.05
0 0.859375 0.2609375 0.053125 0.04921875
0 0.91875 0.15859375 0.0515625 0.04921875
0 0.859375 0.30859375 0.053125 0.04921875
1 0.70546875 0.8703125 0.05234375 0.04921875