1 0.3046875 0.70234375 0.046875 0.04296875
0 0.1453125 0.54609375 0.0515625 0.04765625
0 0.14453125 0.5953125 0.0515625 0.04765625
0 0.20078125 0.5921875 0.0515625 0.04609375
1 0.2546875 0.70625 0.05 0.04765625
0 0.14296875 0.49453125 0.0515625 0.046875
0 0.19765625 0.4921875 0.0515625 0.04765625
0 0.2515625 0.5484375 0.05234375 0.04765625
0 0.09453125 0.60234375 0.0515625 0.0484375
0 0.14453125 0.44140625 0.05078125 0.04765625
0 0.24765625 0.496875 0.0515625 0.04765625
0 0.08984375 0.49609375 0.05 0.046875
0 0.0921875 0.44765625 0.05078125 0.04921875
1 0.15078125 0.71015625 0.05 0.04765625
0 0.20078125 0.44609375 0.0515625 0.04921875
1 0.203125 0.709375 0.05 0.04921875
0 0.2546875 0.59609375 0.05078125 0.04765625
1 0.09140625 0.70234375 0.05 0.0484375
1 0.31171875 0.65234375 0.04921875 0.046875
0 0.20234375 0.65 0.05078125 0.046875
0 0.0421875 0.58828125 0.05078125 0.04765625
0 0.25390625 0.4421875 0.05078125 0.0484375
0 0.08984375 0.39765625 0.05078125 0.04765625
0 0.04453125 0.5421875 0.05078125 0.04765625
0 0.09453125 0.6484375 0.0515625 0.0484375
0 0.14765625 0.6546875 0.0515625 0.04765625
1 0.03828125 0.6984375 0.05078125 0.04921875
1 0.30703125 0.59921875 0.04921875 0.046875
0 0.0390625 0.49609375 0.05078125 0.0484375
0 0.1390625 0.3890625 0.05078125 0.04765625
0 0.18828125 0.39765625 0.05234375 0.04921875
0 0.259375 0.6515625 0.05078125 0.04609375
0 0.04140625 0.4484375 0.05 0.04765625
1 0.30234375 0.55 0.05 0.0484375
0 0.03671875 0.39765625 0.05 0.0484375
1 0.29921875 0.496875 0.05 0.0484375
0 0.04140625 0.6453125 0.05078125 0.0484375
0 0.03828125 0.346875 0.0515625 0.05
0 0.23984375 0.39609375 0.05234375 0.0484375
1 0.3046875 0.45 0.05078125 0.0484375
1 0.19609375 0.33515625 0.04921875 0.0484375
0 0.0890625 0.34921875 0.05078125 0.0484375
1 0.246875 0.33671875 0.04921875 0.05
1 0.13515625 0.33359375 0.05 0.04921875
1 0.3046875 0.34140625 0.04921875 0.0484375
1 0.3078125 0.40078125 0.05078125 0.04921875
1 0.09296875 0.29765625 0.05078125 0.0515625
0 0.03359375 0.3 0.05 0.04765625
1 0.14765625 0.28828125 0.05 0.0484375
1 0.046875 0.25078125 0.04921875 0.04765625
1 0.09609375 0.24765625 0.05 0.0484375