1 0.60625 0.69765625 0.0515625 0.046875
0 0.29765625 0.55625 0.053125 0.0484375
0 0.290625 0.4140625 0.05390625 0.04921875
0 0.5515625 0.4515625 0.053125 0.04765625
1 0.29609375 0.64921875 0.0546875 0.0484375
1 0.35546875 0.6921875 0.05390625 0.04765625
1 0.6046875 0.5484375 0.053125 0.0484375
1 0.65859375 0.69453125 0.053125 0.05
1 0.5796875 0.6015625 0.053125 0.05
1 0.48046875 0.753125 0.0546875 0.04921875
1 0.66015625 0.74375 0.0546875 0.04921875
1 0.69453125 0.5921875 0.05546875 0.04921875
1 0.490625 0.70625 0.05390625 0.04921875
0 0.13203125 0.6390625 0.0546875 0.05078125
1 0.54765625 0.503125 0.05390625 0.04921875
1 0.7078125 0.6390625 0.05625 0.05078125
1 0.65703125 0.54609375 0.053125 0.0484375
0 0.1890625 0.54765625 0.05546875 0.04921875
1 0.38828125 0.728125 0.05390625 0.04765625
1 0.75078125 0.6859375 0.05390625 0.05
1 0.43984375 0.66796875 0.05234375 0.04765625
1 0.35625 0.590625 0.05390625 0.0484375
1 0.64609375 0.49921875 0.05234375 0.046875
1 0.7515625 0.5375 0.05625 0.05
0 0.39375 0.403125 0.053125 0.04921875
1 0.48984375 0.6578125 0.053125 0.04921875
0 0.353125 0.496875 0.0546875 0.0484375
1 0.39765625 0.64140625 0.053125 0.0484375
1 0.29765625 0.74140625 0.0546875 0.05
1 0.5 0.6125 0.053125 0.04921875
0 0.08984375 0.69375 0.053125 0.04921875
1 0.7625 0.73359375 0.05390625 0.04921875
1 0.5359375 0.57734375 0.05234375 0.0484375
1 0.603125 0.7921875 0.05390625 0.05078125
1 0.19375 0.69296875 0.05546875 0.05
0 0.07890625 0.5953125 0.05390625 0.0515625
1 0.30078125 0.5015625 0.0546875 0.05078125
0 0.1453125 0.59296875 0.05390625 0.04765625
1 0.2546875 0.590625 0.05546875 0.04921875
1 0.1953125 0.6453125 0.0546875 0.04921875
1 0.71171875 0.74609375 0.05390625 0.0484375
1 0.32109375 0.784375 0.0546875 0.05078125
1 0.10234375 0.74140625 0.0546875 0.0515625
1 0.6046875 0.89140625 0.05546875 0.05078125
1 0.24609375 0.73359375 0.0546875 0.05
1 0.7984375 0.60546875 0.053125 0.04921875
1 0.53984375 0.83671875 0.05546875 0.05078125
0 0.759375 0.6390625 0.0546875 0.0484375
1 0.40546875 0.5953125 0.05234375 0.04921875
1 0.39375 0.83984375 0.05390625 0.04921875
1 0.7078125 0.453125 0.0546875 0.04921875
0 0.34609375 0.35390625 0.053125 0.04921875
1 0.6546875 0.796875 0.05390625 0.05
0 0.2296875 0.44765625 0.05546875 0.04921875
0 0.03828125 0.68125 0.05390625 0.0515625
1 0.45078125 0.8421875 0.05625 0.05
1 0.8078125 0.4953125 0.053125 0.0484375
0 0.6546875 0.4515625 0.05234375 0.04765625
0 0.03046875 0.62109375 0.05234375 0.05078125
1 0.8703125 0.55 0.05546875 0.0515625
1 0.45703125 0.590625 0.05234375 0.0484375
1 0.55078125 0.78828125 0.05234375 0.04921875
0 0.4453125 0.3515625 0.05234375 0.0484375
1 0.4046875 0.50078125 0.053125 0.05078125
1 0.19921875 0.7546875 0.053125 0.04921875
1 0.240625 0.784375 0.05546875 0.05
1 0.32890625 0.884375 0.05546875 0.05078125
0 0.446875 0.79375 0.053125 0.05
1 0.35 0.5453125 0.0546875 0.05078125
0 0.084375 0.50234375 0.053125 0.05
1 0.60390625 0.4546875 0.05390625 0.04921875
1 0.14765625 0.35703125 0.05390625 0.05
1 0.753125 0.8359375 0.05546875 0.04921875
0 0.03125 0.54609375 0.05234375 0.05078125
1 0.09765625 0.4484375 0.05390625 0.05
1 0.24296875 0.49375 0.0546875 0.05
0 0.5 0.8015625 0.0546875 0.05
1 0.14296875 0.68671875 0.0546875 0.04921875
1 0.85859375 0.50546875 0.05546875 0.0515625
0 0.746875 0.59140625 0.0546875 0.04921875
0 0.3453125 0.45 0.05390625 0.04765625
1 0.1984375 0.5953125 0.05390625 0.04921875
1 0.85 0.446875 0.05546875 0.05
1 0.24765625 0.8828125 0.05546875 0.05078125
1 0.09375 0.359375 0.05390625 0.05078125
1 0.76328125 0.4421875 0.05546875 0.04921875
1 0.19296875 0.31171875 0.05390625 0.05078125
1 0.4546875 0.503125 0.053125 0.04921875
0 0.18671875 0.49921875 0.05546875 0.05
0 0.86796875 0.40078125 0.053125 0.04765625
1 0.496875 0.475 0.053125 0.05078125
1 0.259375 0.25625 0.053125 0.0484375
1 0.19140625 0.40625 0.053125 0.05
0 0.13515625 0.50546875 0.0546875 0.04921875
1 0.18515625 0.81640625 0.0546875 0.05
1 0.0796875 0.78984375 0.05390625 0.05
1 0.81328125 0.35390625 0.053125 0.04765625
1 0.7125 0.8921875 0.05390625 0.04921875
1 0.2421875 0.4015625 0.053125 0.04921875
1 0.13984375 0.40703125 0.053125 0.05
1 0.39609375 0.44921875 0.0515625 0.04765625
1 0.446875 0.45234375 0.05234375 0.04765625
0 0.69921875 0.4046875 0.05390625 0.04921875
1 0.034375 0.7375 0.0515625 0.04921875
1 0.4921875 0.2625 0.053125 0.05
0 0.7546875 0.39453125 0.053125 0.0484375
1 0.8140625 0.4046875 0.0546875 0.04921875
0 0.1796875 0.45390625 0.05390625 0.0484375
1 0.92265625 0.5421875 0.05390625 0.053125
0 0.59609375 0.40625 0.053125 0.04921875
1 0.75625 0.48828125 0.05546875 0.0484375
1 0.24375 0.54296875 0.0546875 0.05
1 0.825 0.79296875 0.0546875 0.04921875
0 0.54609375 0.353125 0.053125 0.046875
0 0.91015625 0.4953125 0.05390625 0.04921875
1 0.45 0.3046875 0.05234375 0.04921875
1 0.03984375 0.36640625 0.053125 0.05078125
1 0.3 0.36640625 0.05390625 0.0484375
1 0.25078125 0.3546875 0.05234375 0.0484375
1 0.03515625 0.303125 0.05234375 0.05078125
1 0.60703125 0.3125 0.0515625 0.0484375
0 0.65625 0.309375 0.04921875 0.04765625
1 0.29921875 0.3203125 0.05234375 0.04921875
1 0.55625 0.30703125 0.053125 0.05
1 0.075 0.83671875 0.0546875 0.05078125
1 0.0953125 0.275 0.05390625 0.05078125
0 0.5953125 0.36015625 0.05390625 0.05
0 0.4546875 0.20625 0.053125 0.0484375
1 0.5453125 0.4015625 0.053125 0.04921875
0 0.75625 0.346875 0.05234375 0.04765625
1 0.296875 0.196875 0.053125 0.04765625
0 0.396875 0.34453125 0.0515625 0.04921875
1 0.34296875 0.2578125 0.053125 0.04921875
1 0.34765625 0.30625 0.05390625 0.05078125
1 0.24765625 0.171875 0.053125 0.04921875
0 0.646875 0.40546875 0.05390625 0.0484375
1 0.49140625 0.4265625 0.053125 0.04765625
0 0.59296875 0.26328125 0.05234375 0.04921875
1 0.48671875 0.3796875 0.0515625 0.046875
1 0.0359375 0.2515625 0.0515625 0.05
0 0.7078125 0.3015625 0.05390625 0.0484375
1 0.1484375 0.240625 0.053125 0.05078125
1 0.76171875 0.3 0.05390625 0.04921875
0 0.8609375 0.603125 0.05546875 0.0484375
0 0.909375 0.59140625 0.053125 0.04921875
1 0.2765625 0.92265625 0.05546875 0.05078125
0 0.034375 0.4984375 0.05234375 0.05
0 0.5421875 0.2625 0.0515625 0.0484375
1 0.49609375 0.92421875 0.05546875 0.05
1 0.09453125 0.2265625 0.053125 0.04921875
0 0.70234375 0.35625 0.053125 0.04765625
1 0.0890625 0.1703125 0.05234375 0.05
1 0.959375 0.609375 0.05390625 0.05078125
1 0.9640625 0.49921875 0.05390625 0.05234375
1 0.4453125 0.40625 0.05234375 0.0484375
1 0.3921875 0.246875 0.0515625 0.04921875
0 0.396875 0.2953125 0.05234375 0.046875
1 0.3453125 0.21015625 0.053125 0.05078125
0 0.9015625 0.4484375 0.05390625 0.0484375
1 0.18671875 0.17421875 0.05390625 0.0484375
1 0.55234375 0.92890625 0.05546875 0.05078125
1 0.378125 0.9328125 0.05703125 0.05078125
1 0.19609375 0.22109375 0.05390625 0.05
0 0.86640625 0.6515625 0.05625 0.04921875
1 0.44296875 0.2546875 0.05234375 0.04921875
0 0.95390625 0.45 0.05390625 0.05
1 0.034375 0.1546875 0.0515625 0.05078125
1 0.0328125 0.88203125 0.053125 0.05
1 0.178125 0.12734375 0.053125 0.046875
1 0.0359375 0.10546875 0.05 0.046875
1 0.22265625 0.94140625 0.0546875 0.04921875
0 0.96015625 0.65625 0.05625 0.05
1 0.64921875 0.9421875 0.05390625 0.04765625
0 0.34609375 0.15625 0.05234375 0.04921875
1 0.3234375 0.94921875 0.0546875 0.0484375
1 0.084375 0.9421875 0.05546875 0.05
0 0.7015625 0.9390625 0.05390625 0.0484375
1 0.15390625 0.06640625 0.053125 0.0484375
1 0.04609375 0.05859375 0.05078125 0.046875