1 0.80234375 0.7015625 0.04921875 0.0453125
0 0.3921875 0.91015625 0.0546875 0.04765625
1 0.86953125 0.65703125 0.05234375 0.04921875
1 0.8015625 0.8125 0.05234375 0.0484375
1 0.69921875 0.56171875 0.05234375 0.0484375
1 0.803125 0.48671875 0.05390625 0.05
1 0.75703125 0.4515625 0.0515625 0.04921875
1 0.85625 0.75703125 0.05234375 0.04921875
1 0.91640625 0.60859375 0.053125 0.04921875
0 0.28046875 0.8484375 0.05546875 0.04921875
1 0.7046875 0.4484375 0.0515625 0.04921875
1 0.86953125 0.29921875 0.05234375 0.04921875
0 0.4984375 0.8578125 0.05546875 0.0484375
0 0.86640625 0.95703125 0.05234375 0.04765625
1 0.6453125 0.60625 0.05 0.0484375
1 0.96015625 0.75 0.05390625 0.05078125
0 0.18046875 0.80390625 0.05546875 0.04921875
1 0.91015625 0.7609375 0.05234375 0.04921875
1 0.815625 0.85859375 0.0546875 0.04921875
1 0.64921875 0.5 0.0515625 0.04921875
1 0.85546875 0.80859375 0.05234375 0.0484375
1 0.59921875 0.503125 0.05234375 0.0484375
1 0.815625 0.2046875 0.05234375 0.04921875
1 0.8015625 0.25546875 0.05234375 0.04921875
1 0.3890625 0.4453125 0.05390625 0.04921875
1 0.44375 0.3953125 0.053125 0.04921875
1 0.32890625 0.55546875 0.053125 0.04765625
0 0.4421875 0.85859375 0.05546875 0.0484375
1 0.59609375 0.60703125 0.05078125 0.04765625
1 0.284375 0.44921875 0.05390625 0.05
1 0.1828125 0.459375 0.0546875 0.05
1 0.53984375 0.4609375 0.05234375 0.0484375
1 0.50703125 0.5125 0.05390625 0.0484375
0 0.340625 0.84921875 0.0546875 0.04921875
1 0.23359375 0.43671875 0.053125 0.04921875
1 0.38984375 0.7015625 0.05234375 0.046875
1 0.33125 0.5 0.05390625 0.04921875
1 0.28125 0.609375 0.05390625 0.04921875
1 0.33984375 0.3453125 0.0546875 0.05078125
1 0.396875 0.50078125 0.053125 0.04921875
1 0.23203125 0.55390625 0.0546875 0.0484375
1 0.23359375 0.5046875 0.0546875 0.05
1 0.54296875 0.71640625 0.0515625 0.0484375
1 0.29296875 0.40234375 0.053125 0.05
1 0.9203125 0.24609375 0.053125 0.0515625
1 0.54609375 0.665625 0.0515625 0.04765625
1 0.49453125 0.4015625 0.05234375 0.05
0 0.2328125 0.80390625 0.05390625 0.046875
1 0.865625 0.19375 0.0515625 0.04921875
0 0.12890625 0.7609375 0.05390625 0.0484375
1 0.44765625 0.28359375 0.0515625 0.04921875
0 0.9671875 0.89921875 0.05234375 0.04921875
1 0.28828125 0.70390625 0.05390625 0.04921875
1 0.653125 0.3421875 0.05078125 0.05078125
1 0.54375 0.4125 0.05234375 0.04921875
1 0.43984375 0.7625 0.05390625 0.04921875
1 0.44609375 0.71484375 0.05390625 0.04765625
1 0.33984375 0.7078125 0.05390625 0.0484375
0 0.1359375 0.64140625 0.05546875 0.04921875
1 0.871875 0.14765625 0.053125 0.0484375
1 0.8140625 0.9078125 0.05390625 0.04921875
0 0.0890625 0.70546875 0.0546875 0.04921875
1 0.4484375 0.5046875 0.05234375 0.0484375
1 0.4546875 0.55546875 0.05234375 0.04765625
1 0.60390625 0.403125 0.05234375 0.05078125
0 0.61015625 0.709375 0.05078125 0.04765625
1 0.4953125 0.6109375 0.0515625 0.0484375
1 0.97109375 0.2 0.05234375 0.05078125
1 0.915625 0.1984375 0.053125 0.05
1 0.553125 0.35625 0.05234375 0.05
1 0.4953125 0.70234375 0.05234375 0.0484375
1 0.4984375 0.353125 0.053125 0.05
1 0.4953125 0.65625 0.0515625 0.04765625
1 0.49765625 0.7640625 0.05234375 0.04765625
1 0.39765625 0.2875 0.0515625 0.04921875
1 0.35 0.2984375 0.0546875 0.04765625
1 0.2875 0.65703125 0.053125 0.04921875
1 0.60234375 0.34140625 0.05234375 0.0515625
0 0.54921875 0.7625 0.0515625 0.04765625
1 0.2859375 0.80234375 0.053125 0.04765625
1 0.54375 0.25859375 0.05234375 0.05
1 0.1953125 0.29296875 0.05390625 0.05234375
0 0.86640625 0.903125 0.053125 0.05
1 0.2984375 0.2984375 0.053125 0.05
0 0.91484375 0.9015625 0.05234375 0.0484375
1 0.3921875 0.80859375 0.05390625 0.0484375
1 0.1890625 0.340625 0.05234375 0.05078125
1 0.2484375 0.290625 0.05234375 0.05
1 0.19453125 0.24140625 0.05234375 0.05078125
1 0.59609375 0.29453125 0.05234375 0.05
1 0.44140625 0.8109375 0.05390625 0.04921875
1 0.34375 0.79921875 0.0546875 0.0484375
1 0.5421875 0.31015625 0.053125 0.05
1 0.3953125 0.23984375 0.05234375 0.04921875
1 0.38984375 0.86171875 0.053125 0.04921875
0 0.3453125 0.64921875 0.05390625 0.04765625
1 0.34296875 0.20078125 0.05390625 0.05
0 0.18203125 0.75625 0.05546875 0.05
1 0.34375 0.7546875 0.05390625 0.04921875
1 0.2953125 0.25 0.05390625 0.0515625
0 0.96484375 0.80390625 0.05234375 0.0484375
0 0.50234375 0.809375 0.05625 0.05078125
1 0.34609375 0.2484375 0.05390625 0.0515625
0 0.86328125 0.3609375 0.05078125 0.04765625
1 0.8125 0.9578125 0.05390625 0.05
0 0.66015625 0.65 0.05 0.046875
0 0.234375 0.74609375 0.0546875 0.04921875
0 0.446875 0.64765625 0.05078125 0.046875
0 0.13828125 0.43984375 0.053125 0.05
0 0.18203125 0.60234375 0.05390625 0.04921875
0 0.86953125 0.853125 0.053125 0.0515625
0 0.91171875 0.81171875 0.0546875 0.05078125
0 0.2359375 0.69765625 0.0546875 0.05
0 0.23828125 0.64765625 0.0515625 0.046875
0 0.28984375 0.7546875 0.053125 0.05
0 0.965625 0.3390625 0.0515625 0.05
0 0.70078125 0.50625 0.0515625 0.0484375
0 0.6078125 0.653125 0.0515625 0.04765625
0 0.815625 0.3015625 0.05234375 0.0484375
0 0.3953125 0.5953125 0.05546875 0.04921875
0 0.63984375 0.44375 0.0515625 0.05
0 0.58828125 0.44765625 0.05078125 0.0484375
0 0.3421875 0.6015625 0.05546875 0.05
0 0.14453125 0.2375 0.05078125 0.04921875
0 0.85859375 0.709375 0.053125 0.04921875
0 0.915625 0.7078125 0.053125 0.04921875
0 0.759375 0.2953125 0.05234375 0.04921875
0 0.24296875 0.384375 0.0546875 0.04921875
0 0.60390625 0.55 0.0515625 0.0484375
0 0.18203125 0.55234375 0.05390625 0.05
0 0.7015625 0.38828125 0.05078125 0.05078125
0 0.92109375 0.6546875 0.05234375 0.0484375
0 0.70390625 0.24609375 0.05 0.04765625
0 0.18828125 0.38828125 0.05625 0.04921875
0 0.1796875 0.1875 0.053125 0.04921875
0 0.17734375 0.50625 0.05625 0.05
0 0.65546875 0.196875 0.05078125 0.04765625
0 0.39921875 0.5484375 0.05390625 0.0484375
0 0.9265625 0.29296875 0.05234375 0.04921875
0 0.8171875 0.14609375 0.0515625 0.0484375
0 0.55546875 0.56171875 0.0515625 0.046875
0 0.290625 0.34609375 0.053125 0.0484375
0 0.546875 0.61015625 0.05078125 0.0484375
0 0.13515625 0.39375 0.0546875 0.04765625
0 0.4921875 0.3046875 0.05078125 0.05
0 0.3453125 0.15234375 0.053125 0.0484375
0 0.97265625 0.24609375 0.0515625 0.0484375
0 0.50625 0.56171875 0.053125 0.0484375
0 0.1390625 0.34765625 0.0546875 0.0484375
0 0.55234375 0.2046875 0.0515625 0.0484375
0 0.65390625 0.3953125 0.05234375 0.05
0 0.8703125 0.1 0.053125 0.05
0 0.446875 0.60234375 0.05234375 0.0484375
0 0.70390625 0.33984375 0.0546875 0.053125
0 0.946875 0.06796875 0.0515625 0.05078125
0 0.2828125 0.1546875 0.0515625 0.0484375
0 0.76484375 0.19453125 0.05 0.046875
0 0.39375 0.18828125 0.053125 0.0484375
0 0.23359375 0.60234375 0.0546875 0.05
0 0.65546875 0.29140625 0.0515625 0.04921875
0 0.49453125 0.20390625 0.05234375 0.04921875
0 0.2375 0.1921875 0.0515625 0.04765625
0 0.596875 0.24375 0.0515625 0.05
0 0.2453125 0.240625 0.053125 0.053125
0 0.975 0.10859375 0.05 0.05078125
0 0.92265625 0.14375 0.05234375 0.05
0 0.975 0.1515625 0.05 0.05
0 0.49140625 0.25625 0.05078125 0.05
0 0.44609375 0.23671875 0.0515625 0.04765625
0 0.24140625 0.33671875 0.053125 0.05
0 0.290625 0.2 0.05390625 0.0515625