0 0.18984375 0.50078125 0.05 0.05234375
1 0.71015625 0.2921875 0.05234375 0.05234375
0 0.28671875 0.5046875 0.05078125 0.04921875
1 0.60625 0.2265625 0.05078125 0.05078125
0 0.16328125 0.3265625 0.0515625 0.0515625
1 0.725 0.496875 0.05234375 0.05234375
0 0.35546875 0.65 0.05234375 0.0515625
1 0.5453125 0.2828125 0.0515625 0.0515625
1 0.65390625 0.43984375 0.0515625 0.0515625
1 0.53984375 0.225 0.05078125 0.05234375
0 0.24375 0.45 0.05078125 0.05078125
0 0.23203125 0.346875 0.0515625 0.0515625
0 0.28515625 0.3984375 0.05234375 0.0515625
1 0.42890625 0.18359375 0.05078125 0.0515625
1 0.8484375 0.6546875 0.05234375 0.05390625
1 0.66875 0.540625 0.0515625 0.0515625
1 0.37578125 0.18125 0.04921875 0.05
1 0.43359375 0.23671875 0.05234375 0.05078125
1 0.6046875 0.4890625 0.05234375 0.0515625
1 0.553125 0.4375 0.0515625 0.05234375
0 0.3421875 0.43984375 0.0515625 0.05
0 0.46640625 0.703125 0.0515625 0.0515625
0 0.33671875 0.334375 0.0515625 0.05
0 0.4109375 0.65078125 0.05234375 0.0515625
1 0.50078125 0.384375 0.0515625 0.05234375
1 0.49921875 0.33359375 0.05 0.05
1 0.43671875 0.2890625 0.0515625 0.05
1 0.43984375 0.33984375 0.05078125 0.05078125
1 0.79765625 0.6578125 0.053125 0.053125
1 0.73359375 0.596875 0.05390625 0.0515625
0 0.39921875 0.54765625 0.0515625 0.04921875
0 0.27890625 0.29453125 0.0515625 0.0515625
0 0.79765625 0.76015625 0.053125 0.0515625
1 0.3890625 0.34296875 0.0515625 0.05078125
0 0.2296875 0.29609375 0.0515625 0.05234375
0 0.26328125 0.24609375 0.05078125 0.05078125
0 0.57265625 0.7515625 0.053125 0.05234375
0 0.43828125 0.40078125 0.05078125 0.0515625
0 0.32890625 0.240625 0.05078125 0.0515625
1 0.503125 0.4421875 0.05078125 0.0515625
1 0.46484375 0.50234375 0.053125 0.053125
1 0.4515625 0.453125 0.05078125 0.0515625
0 0.47109375 0.55625 0.0515625 0.05078125
1 0.5734375 0.5484375 0.0515625 0.0515625
1 0.67265625 0.596875 0.05234375 0.0515625
0 0.50859375 0.603125 0.05078125 0.05078125
0 0.4 0.446875 0.053125 0.05234375
1 0.85703125 0.7625 0.05234375 0.05234375
1 0.56171875 0.5984375 0.05078125 0.05078125
0 0.3828125 0.2921875 0.053125 0.05078125
1 0.51484375 0.4953125 0.0515625 0.0515625
1 0.521875 0.54765625 0.05078125 0.05
1 0.6890625 0.6453125 0.053125 0.0515625
1 0.7953125 0.709375 0.053125 0.05078125
0 0.73828125 0.7546875 0.05390625 0.05234375
0 0.51640625 0.696875 0.0515625 0.0515625
0 0.38828125 0.3953125 0.053125 0.05390625
0 0.3796875 0.23515625 0.05234375 0.0515625
1 0.61875 0.59765625 0.05078125 0.05
0 0.6359375 0.7453125 0.05234375 0.05078125
0 0.40859375 0.60234375 0.0515625 0.0515625
0 0.74375 0.70234375 0.05390625 0.0515625
0 0.57734375 0.6515625 0.05234375 0.05234375
0 0.459375 0.6078125 0.0515625 0.0515625
0 0.3234375 0.190625 0.05234375 0.0515625
0 0.39921875 0.49375 0.05 0.0484375
0 0.6875 0.746875 0.053125 0.05234375
1 0.63359375 0.6953125 0.05234375 0.05
0 0.56796875 0.7015625 0.05078125 0.05078125
1 0.6921875 0.696875 0.05234375 0.05
0 0.6359375 0.64609375 0.05234375 0.05078125
0 0.7421875 0.64921875 0.05703125 0.05390625