1 0.28359375 0.29453125 0.0609375 0.0578125
0 0.21484375 0.14296875 0.0640625 0.06015625
1 0.50078125 0.359375 0.06328125 0.059375
0 0.1359375 0.146875 0.0625 0.06015625
1 0.590625 0.28203125 0.0625 0.06015625
1 0.19140625 0.20625 0.0625 0.059375
1 0.67265625 0.284375 0.0625 0.0609375
1 0.56953125 0.34609375 0.0640625 0.06171875
1 0.4296875 0.42265625 0.0640625 0.06015625
1 0.29375 0.42890625 0.06171875 0.06015625
1 0.3546875 0.44140625 0.06328125 0.05859375
1 0.05625 0.49609375 0.06484375 0.06015625
1 0.13984375 0.52265625 0.065625 0.0609375
1 0.28203125 0.5125 0.06484375 0.06015625
1 0.7390625 0.26953125 0.0640625 0.0609375
1 0.73828125 0.20859375 0.06484375 0.0578125
0 0.06328125 0.1359375 0.06171875 0.0609375
1 0.896875 0.21328125 0.0640625 0.0625
1 0.81328125 0.20546875 0.0625 0.059375
1 0.28046875 0.1359375 0.065625 0.0609375
1 0.953125 0.28828125 0.06328125 0.05859375
1 0.375 0.60078125 0.06328125 0.06015625
1 0.86484375 0.284375 0.06328125 0.06171875
0 0.26484375 0.20234375 0.06171875 0.059375
1 0.4375 0.5046875 0.0640625 0.06015625
1 0.21796875 0.5171875 0.0640625 0.06015625
0 0.8015625 0.275 0.0625 0.059375
1 0.43125 0.56875 0.06484375 0.0609375
1 0.43515625 0.6515625 0.0640625 0.0609375
0 0.72734375 0.35859375 0.06015625 0.0578125
1 0.2125 0.64765625 0.06328125 0.06015625
0 0.6578125 0.365625 0.06015625 0.059375
1 0.2234375 0.58125 0.0640625 0.06015625
1 0.2765625 0.6484375 0.06328125 0.0578125
1 0.12421875 0.65 0.0640625 0.059375
1 0.2828125 0.7234375 0.0640625 0.059375
0 0.8109375 0.34609375 0.06015625 0.059375
0 0.5125 0.42890625 0.0625 0.059375
0 0.13125 0.58359375 0.06328125 0.06015625
1 0.359375 0.8 0.065625 0.059375
1 0.43671875 0.72734375 0.06484375 0.06015625
0 0.05703125 0.57890625 0.06328125 0.059375
0 0.94921875 0.34765625 0.0609375 0.06015625
0 0.88984375 0.3453125 0.06015625 0.059375
0 0.5140625 0.50078125 0.06171875 0.05859375
0 0.596875 0.428125 0.0609375 0.059375
1 0.2734375 0.78984375 0.06484375 0.059375
1 0.45 0.7984375 0.06328125 0.0578125
0 0.66484375 0.434375 0.06015625 0.059375
1 0.21015625 0.7296875 0.0640625 0.06015625
0 0.8 0.4234375 0.059375 0.05859375
0 0.94765625 0.42421875 0.059375 0.06015625
0 0.6671875 0.50625 0.06015625 0.0578125
0 0.13203125 0.7375 0.06328125 0.059375
1 0.44375 0.87734375 0.06328125 0.05859375
0 0.87578125 0.4234375 0.05859375 0.059375
0 0.9515625 0.49375 0.06015625 0.059375
0 0.50546875 0.56875 0.0609375 0.05703125
0 0.59296875 0.559375 0.0609375 0.05703125
0 0.0609375 0.64296875 0.0640625 0.0609375
0 0.4984375 0.646875 0.0609375 0.05859375
0 0.953125 0.5640625 0.05859375 0.05625
0 0.0578125 0.71875 0.0625 0.059375
0 0.878125 0.646875 0.05859375 0.0578125
0 0.5890625 0.6546875 0.059375 0.05703125
0 0.9484375 0.6453125 0.05859375 0.0578125
0 0.6546875 0.721875 0.0609375 0.0578125
0 0.209375 0.79375 0.06328125 0.05859375
0 0.50078125 0.7109375 0.0609375 0.0578125
0 0.13515625 0.79609375 0.06328125 0.059375
1 0.4453125 0.94296875 0.0640625 0.0578125
0 0.35625 0.8625 0.06171875 0.0578125
0 0.8125 0.7203125 0.059375 0.05703125
0 0.51484375 0.78203125 0.059375 0.05625
0 0.27109375 0.871875 0.0609375 0.05703125
0 0.94921875 0.7203125 0.059375 0.0578125
0 0.7234375 0.784375 0.06015625 0.0578125
0 0.1328125 0.8640625 0.0625 0.059375
0 0.3578125 0.940625 0.06171875 0.05859375
0 0.8765625 0.79921875 0.059375 0.05859375
0 0.21640625 0.93046875 0.0609375 0.0578125
0 0.57734375 0.8546875 0.059375 0.05703125
0 0.6453125 0.796875 0.059375 0.05625
0 0.965625 0.790625 0.05703125 0.0578125
0 0.50625 0.86640625 0.06015625 0.05546875
0 0.52109375 0.92265625 0.0609375 0.0578125
0 0.740625 0.875 0.0609375 0.05703125
0 0.940625 0.8484375 0.05859375 0.05703125
0 0.12890625 0.93671875 0.0625 0.05859375
0 0.7359375 0.9359375 0.06171875 0.05703125
0 0.815625 0.86171875 0.0609375 0.05703125
0 0.88203125 0.8703125 0.059375 0.0578125
0 0.9 0.928125 0.0609375 0.0578125