1 0.49921875 0.55859375 0.04921875 0.04609375
0 0.65390625 0.5 0.0546875 0.05
1 0.3890625 0.503125 0.053125 0.05078125
1 0.43828125 0.6125 0.05234375 0.05
0 0.59921875 0.65390625 0.0546875 0.0484375
0 0.715625 0.35234375 0.05625 0.05078125
1 0.55 0.55078125 0.05234375 0.04921875
1 0.4484375 0.5046875 0.05234375 0.05
1 0.3390625 0.49921875 0.05078125 0.05078125
1 0.1796875 0.503125 0.0546875 0.04921875
1 0.28828125 0.49921875 0.05390625 0.0515625
1 0.59453125 0.446875 0.05390625 0.05
1 0.28671875 0.553125 0.053125 0.05078125
1 0.55546875 0.70390625 0.05390625 0.0515625
1 0.49765625 0.30078125 0.053125 0.0515625
1 0.55390625 0.303125 0.053125 0.0515625
1 0.5515625 0.6046875 0.053125 0.05
1 0.44453125 0.659375 0.053125 0.04921875
1 0.59765625 0.396875 0.05390625 0.05
0 0.6078125 0.7046875 0.0546875 0.05
1 0.23125 0.54765625 0.05390625 0.04921875
1 0.33359375 0.39765625 0.05390625 0.05
1 0.446875 0.75703125 0.05234375 0.05078125
1 0.23828125 0.59765625 0.0546875 0.05
1 0.125 0.54921875 0.05390625 0.05
1 0.3984375 0.4046875 0.053125 0.05
1 0.60234375 0.4984375 0.053125 0.05
0 0.2875 0.35234375 0.05234375 0.0484375
1 0.603125 0.59375 0.053125 0.05078125
1 0.54609375 0.653125 0.05234375 0.05078125
1 0.65 0.45 0.0515625 0.04921875
1 0.17578125 0.59921875 0.05390625 0.05078125
1 0.3890625 0.75703125 0.053125 0.05078125
1 0.334375 0.753125 0.053125 0.05
1 0.6 0.546875 0.053125 0.05
1 0.125 0.596875 0.0546875 0.05078125
1 0.4421875 0.2984375 0.053125 0.05234375
1 0.6625 0.34765625 0.053125 0.05078125
1 0.07421875 0.54453125 0.05390625 0.0515625
0 0.65 0.39375 0.0546875 0.05
1 0.125 0.65 0.0546875 0.05234375
1 0.5515625 0.7609375 0.05390625 0.05234375
0 0.234375 0.34296875 0.05390625 0.04765625
1 0.0734375 0.49453125 0.053125 0.0515625
1 0.23671875 0.80703125 0.05390625 0.05078125
1 0.3921875 0.29140625 0.0546875 0.053125
1 0.49609375 0.659375 0.05078125 0.04921875
0 0.65546875 0.5484375 0.05390625 0.04765625
0 0.7546875 0.19296875 0.05546875 0.05234375
1 0.2921875 0.603125 0.05234375 0.05078125
1 0.071875 0.65 0.053125 0.0515625
1 0.54765625 0.2515625 0.05390625 0.0515625
1 0.1875 0.75 0.05234375 0.05
0 0.59921875 0.8140625 0.05390625 0.05
1 0.6046875 0.3484375 0.053125 0.05
0 0.5515625 0.190625 0.053125 0.05078125
0 0.28671875 0.19140625 0.05546875 0.05078125
1 0.1796875 0.3984375 0.0546875 0.0515625
1 0.33828125 0.44921875 0.053125 0.05078125
1 0.4984375 0.1875 0.0515625 0.05
0 0.60859375 0.75859375 0.0546875 0.05
1 0.7078125 0.3 0.05078125 0.05078125
1 0.6046875 0.29921875 0.0515625 0.05
1 0.13671875 0.74921875 0.05546875 0.0515625
0 0.38828125 0.140625 0.05390625 0.0515625
0 0.340625 0.1953125 0.05546875 0.05078125
1 0.12890625 0.403125 0.05625 0.0515625
1 0.65703125 0.3 0.05234375 0.0515625
1 0.4484375 0.23984375 0.05234375 0.05
1 0.125 0.4515625 0.0546875 0.05234375
1 0.33984375 0.803125 0.0546875 0.05
1 0.075 0.440625 0.05390625 0.05078125
0 0.18515625 0.23828125 0.053125 0.04921875
0 0.70390625 0.240625 0.0546875 0.05078125
0 0.60234375 0.1828125 0.0546875 0.0515625
0 0.4953125 0.1328125 0.05390625 0.0515625
0 0.603125 0.13046875 0.053125 0.05
0 0.3921875 0.19140625 0.0546875 0.05
1 0.33828125 0.3484375 0.053125 0.05
0 0.71953125 0.46015625 0.05546875 0.04921875
0 0.803125 0.66171875 0.05625 0.0515625
1 0.39375 0.24140625 0.053125 0.0515625
1 0.13203125 0.69921875 0.05390625 0.0515625
0 0.60078125 0.246875 0.05546875 0.05234375
0 0.18203125 0.34453125 0.0546875 0.05
1 0.49375 0.809375 0.0515625 0.05
0 0.44140625 0.1421875 0.0546875 0.0515625
0 0.85859375 0.7703125 0.053125 0.05
0 0.8671875 0.50234375 0.05625 0.0515625
1 0.2875 0.8171875 0.053125 0.04921875
1 0.446875 0.19296875 0.05390625 0.05
1 0.446875 0.8640625 0.0515625 0.05
1 0.653125 0.25234375 0.053125 0.05234375
0 0.76171875 0.296875 0.05703125 0.05234375
1 0.13125 0.33671875 0.05390625 0.05234375
0 0.4453125 0.0890625 0.0546875 0.0515625
1 0.08203125 0.75703125 0.0515625 0.04921875
1 0.6984375 0.1890625 0.0515625 0.05078125
0 0.71484375 0.403125 0.0546875 0.05
1 0.70625 0.13828125 0.053125 0.05234375
0 0.928125 0.50625 0.0546875 0.0515625
0 0.8109375 0.246875 0.05546875 0.0515625
1 0.546875 0.81328125 0.053125 0.05078125
0 0.8640625 0.1921875 0.05625 0.05234375
0 0.65625 0.6 0.05625 0.04921875
0 0.23515625 0.2484375 0.05390625 0.05
1 0.28671875 0.1390625 0.05234375 0.05078125
1 0.81015625 0.1421875 0.053125 0.05234375
0 0.8109375 0.503125 0.0546875 0.05
1 0.64921875 0.20234375 0.053125 0.0515625
1 0.2375 0.15 0.053125 0.0484375
0 0.2875 0.2421875 0.05234375 0.04921875
0 0.65859375 0.09609375 0.05546875 0.0515625
0 0.7109375 0.08828125 0.05390625 0.0515625
0 0.3421875 0.2453125 0.053125 0.0484375
0 0.28203125 0.4015625 0.05390625 0.05
1 0.125 0.81015625 0.05390625 0.05
0 0.7578125 0.24140625 0.05546875 0.0515625
0 0.71171875 0.6078125 0.05546875 0.0484375
1 0.65 0.14765625 0.05078125 0.05
1 0.80625 0.19765625 0.05390625 0.05234375
0 0.08203125 0.2921875 0.0546875 0.05078125
0 0.1359375 0.2875 0.05390625 0.05
1 0.7578125 0.14140625 0.0515625 0.053125
1 0.3375 0.1421875 0.053125 0.05078125
1 0.76171875 0.0890625 0.053125 0.0515625
1 0.125 0.1921875 0.0515625 0.04921875
1 0.18359375 0.18203125 0.05390625 0.0515625
0 0.23046875 0.3921875 0.053125 0.04921875
1 0.078125 0.340625 0.05390625 0.0515625
1 0.08515625 0.24375 0.053125 0.05
0 0.1890625 0.2875 0.053125 0.05
1 0.23125 0.1984375 0.05390625 0.05
1 0.0234375 0.65 0.046875 0.05
1 0.13359375 0.2390625 0.0515625 0.05
1 0.4984375 0.86015625 0.053125 0.05
0 0.55 0.8640625 0.05390625 0.0515625
0 0.178125 0.44765625 0.0546875 0.05078125
1 0.2875 0.09140625 0.05234375 0.0484375
1 0.3421875 0.09296875 0.05390625 0.04921875
1 0.1859375 0.1328125 0.053125 0.0484375
1 0.178125 0.8671875 0.0546875 0.05078125
0 0.340625 0.2953125 0.05234375 0.04765625
0 0.2359375 0.4984375 0.053125 0.04765625
0 0.80703125 0.71953125 0.05625 0.0515625
1 0.4421875 0.91796875 0.0546875 0.05078125
1 0.28515625 0.865625 0.05390625 0.05
0 0.8671875 0.24921875 0.0546875 0.0515625
1 0.021875 0.4546875 0.04375 0.05
1 0.865625 0.14296875 0.053125 0.0515625
1 0.39375 0.090625 0.053125 0.04921875
1 0.0296875 0.3515625 0.0515625 0.05234375
0 0.2828125 0.45078125 0.053125 0.04765625
0 0.55390625 0.08046875 0.05625 0.05
0 0.85859375 0.8203125 0.05546875 0.0515625
1 0.03125 0.2984375 0.0515625 0.0515625
0 0.92265625 0.1375 0.0546875 0.053125
0 0.23125 0.44296875 0.0546875 0.05
1 0.8625 0.09140625 0.05390625 0.0515625
1 0.18359375 0.08359375 0.05390625 0.0515625
0 0.659375 0.04375 0.05390625 0.05
0 0.9203125 0.0859375 0.0546875 0.05234375
1 0.3921875 0.04296875 0.053125 0.04765625
0 0.603125 0.8625 0.05546875 0.05
1 0.03046875 0.24140625 0.05078125 0.05078125
1 0.76171875 0.03828125 0.05234375 0.04921875
0 0.49453125 0.909375 0.053125 0.05234375
0 0.91875 0.56171875 0.0546875 0.0515625
1 0.13125 0.0890625 0.05234375 0.05234375
0 0.909375 0.81875 0.05234375 0.0484375
1 0.71171875 0.03515625 0.05234375 0.05
1 0.02578125 0.1921875 0.04921875 0.05078125
1 0.1265625 0.9125 0.0546875 0.05078125
0 0.44765625 0.03515625 0.05390625 0.05078125
0 0.546875 0.9140625 0.0546875 0.05078125
1 0.1859375 0.91484375 0.0546875 0.0515625
1 0.86328125 0.03828125 0.05390625 0.05078125
0 0.9203125 0.034375 0.05625 0.0515625
1 0.28203125 0.02734375 0.053125 0.05
1 0.1765625 0.0328125 0.053125 0.04921875
0 0.84921875 0.86796875 0.05390625 0.04921875
0 0.79765625 0.86796875 0.0546875 0.04921875
0 0.9625 0.82109375 0.0546875 0.05078125
1 0.43984375 0.965625 0.05390625 0.05078125
1 0.06171875 0.96328125 0.05546875 0.0515625
0 0.49375 0.9703125 0.05546875 0.05