1 0.5 0.6125 0.05 0.04765625
0 0.39296875 0.5046875 0.05234375 0.04765625
0 0.34375 0.5046875 0.05390625 0.046875
0 0.2921875 0.5046875 0.0546875 0.04921875
1 0.6046875 0.6046875 0.053125 0.04765625
1 0.54921875 0.509375 0.0515625 0.0484375
1 0.60078125 0.45859375 0.053125 0.04765625
1 0.49921875 0.70625 0.053125 0.04921875
0 0.2296875 0.5125 0.05390625 0.0484375
1 0.4921875 0.45859375 0.05234375 0.04765625
0 0.44140625 0.45390625 0.053125 0.04765625
1 0.3921875 0.6140625 0.05234375 0.04921875
1 0.5515625 0.55546875 0.05234375 0.04765625
1 0.390625 0.56328125 0.05234375 0.04765625
1 0.29296875 0.6109375 0.0546875 0.0484375
0 0.178125 0.51015625 0.0546875 0.0484375
0 0.39296875 0.25390625 0.05390625 0.05
0 0.38984375 0.453125 0.05390625 0.0484375
0 0.49609375 0.35078125 0.05234375 0.0484375
1 0.5515625 0.6578125 0.0515625 0.0484375
1 0.6578125 0.45078125 0.05390625 0.0484375
1 0.49765625 0.403125 0.05234375 0.04765625
0 0.290625 0.56328125 0.05390625 0.04765625
1 0.65703125 0.60625 0.0515625 0.0484375
1 0.49765625 0.50859375 0.0515625 0.04765625
1 0.653125 0.4046875 0.0546875 0.04921875
0 0.71015625 0.409375 0.053125 0.0484375
0 0.340625 0.25 0.053125 0.05078125
0 0.44140625 0.30234375 0.053125 0.04921875
1 0.2390625 0.45546875 0.05234375 0.0484375
0 0.81328125 0.50234375 0.05390625 0.0484375
0 0.8140625 0.55625 0.05390625 0.04765625
0 0.28828125 0.71015625 0.05546875 0.0484375
0 0.49765625 0.30390625 0.05390625 0.04921875
0 0.71015625 0.559375 0.05390625 0.04765625
0 0.76328125 0.40390625 0.053125 0.05
0 0.2890625 0.309375 0.053125 0.05
1 0.60859375 0.35390625 0.053125 0.0484375
1 0.440625 0.5609375 0.0515625 0.04765625
1 0.659375 0.553125 0.05390625 0.0484375
1 0.1875 0.40703125 0.05234375 0.04921875
0 0.44375 0.40625 0.053125 0.04921875
1 0.28984375 0.35703125 0.05390625 0.04921875
1 0.340625 0.565625 0.05234375 0.0484375
1 0.709375 0.70703125 0.053125 0.0484375
1 0.44453125 0.665625 0.05 0.0484375
0 0.2890625 0.2578125 0.05234375 0.05078125
0 0.60703125 0.703125 0.05234375 0.04765625
0 0.44375 0.25 0.053125 0.04921875
0 0.7046875 0.30390625 0.053125 0.0484375
0 0.39453125 0.765625 0.05546875 0.0484375
0 0.1296875 0.459375 0.05546875 0.04921875
0 0.59921875 0.303125 0.05390625 0.04765625
0 0.55546875 0.70703125 0.0546875 0.0484375
1 0.55 0.4015625 0.05078125 0.04765625
1 0.66171875 0.35703125 0.053125 0.04921875
0 0.7578125 0.29921875 0.05390625 0.04921875
0 0.290625 0.4578125 0.0546875 0.04921875
0 0.39765625 0.7140625 0.05390625 0.04921875
0 0.8140625 0.39921875 0.0546875 0.05
0 0.76171875 0.6109375 0.0546875 0.04921875
0 0.5453125 0.24921875 0.05234375 0.0484375
0 0.86484375 0.55546875 0.05390625 0.0484375
0 0.7078125 0.60859375 0.05390625 0.0484375
1 0.71015625 0.46171875 0.05234375 0.04921875
1 0.34140625 0.66328125 0.053125 0.0484375
0 0.76171875 0.55546875 0.0546875 0.0484375
1 0.54765625 0.3515625 0.0515625 0.04765625
1 0.18046875 0.665625 0.0546875 0.05
0 0.8140625 0.4515625 0.0546875 0.04921875
1 0.496875 0.75703125 0.0515625 0.04921875
1 0.65234375 0.31015625 0.0515625 0.046875
1 0.5484375 0.29921875 0.05078125 0.04765625
0 0.3421875 0.76640625 0.0546875 0.0484375
1 0.86796875 0.403125 0.053125 0.05078125
1 0.3953125 0.66328125 0.0515625 0.0484375
1 0.4421875 0.503125 0.05234375 0.04921875
1 0.7125 0.35234375 0.0515625 0.04921875
1 0.7625 0.459375 0.05234375 0.04921875
0 0.70546875 0.5125 0.0546875 0.05
0 0.4953125 0.25078125 0.053125 0.05
1 0.2890625 0.4078125 0.05390625 0.04921875
0 0.60078125 0.7546875 0.053125 0.0484375
0 0.6 0.2546875 0.05234375 0.04921875
1 0.925 0.45390625 0.05234375 0.04921875
1 0.340625 0.30625 0.05078125 0.0484375
1 0.6578125 0.65703125 0.05234375 0.05
1 0.18125 0.615625 0.0546875 0.05078125
0 0.8703125 0.29765625 0.0546875 0.05
1 0.76484375 0.3515625 0.0515625 0.05078125
1 0.7078125 0.65859375 0.0515625 0.05
1 0.121875 0.30859375 0.053125 0.05
1 0.1765625 0.56484375 0.053125 0.04921875
1 0.76171875 0.50625 0.053125 0.0484375
0 0.7609375 0.7109375 0.0546875 0.0484375
1 0.2890625 0.66328125 0.0546875 0.04921875
0 0.91953125 0.5015625 0.05546875 0.04921875
1 0.2375 0.30703125 0.053125 0.05
1 0.8171875 0.34765625 0.053125 0.05078125
1 0.2328125 0.56015625 0.05390625 0.0484375
0 0.2390625 0.71875 0.05390625 0.04921875
1 0.23515625 0.67109375 0.0546875 0.05
0 0.82109375 0.7140625 0.05390625 0.05
1 0.1828125 0.46171875 0.0546875 0.05078125
1 0.86796875 0.35078125 0.053125 0.0515625
0 0.12421875 0.565625 0.05546875 0.04921875
1 0.70703125 0.76484375 0.05234375 0.04921875
1 0.86875 0.4515625 0.053125 0.05
1 0.55 0.75703125 0.053125 0.04921875
0 0.92265625 0.29453125 0.053125 0.05078125
0 0.6609375 0.8109375 0.0546875 0.04765625
0 0.2375 0.765625 0.05546875 0.04921875
0 0.65546875 0.76328125 0.05390625 0.04921875
1 0.4515625 0.8140625 0.05234375 0.04921875
1 0.121875 0.3640625 0.0546875 0.05
0 0.346875 0.815625 0.0546875 0.0484375
1 0.34375 0.71171875 0.0515625 0.04765625
0 0.81171875 0.246875 0.05390625 0.0484375
0 0.2875 0.15234375 0.05234375 0.0484375
0 0.76015625 0.66328125 0.0546875 0.04921875
1 0.871875 0.7640625 0.05234375 0.05078125
1 0.5546875 0.80703125 0.0546875 0.04921875
0 0.81953125 0.76640625 0.053125 0.05
0 0.87265625 0.6578125 0.05390625 0.04765625
1 0.60859375 0.80625 0.05234375 0.0484375
1 0.13359375 0.41015625 0.0546875 0.04921875
1 0.49921875 0.86015625 0.053125 0.05
0 0.76953125 0.7609375 0.05390625 0.0484375
0 0.8625 0.60546875 0.0546875 0.04921875
1 0.28359375 0.2046875 0.05234375 0.04921875
1 0.38828125 0.20234375 0.053125 0.05078125
0 0.1765625 0.20625 0.0546875 0.05078125
1 0.91953125 0.34921875 0.0515625 0.05078125
1 0.23828125 0.2546875 0.053125 0.05078125
1 0.8171875 0.29609375 0.053125 0.04921875
0 0.759375 0.2515625 0.0546875 0.05
1 0.12421875 0.24921875 0.0546875 0.0515625
1 0.1765625 0.25546875 0.053125 0.05
0 0.553125 0.8578125 0.05546875 0.05
0 0.60625 0.65546875 0.05390625 0.04921875
0 0.384375 0.34921875 0.05234375 0.04765625
0 0.60625 0.8578125 0.05390625 0.04765625
0 0.70390625 0.25390625 0.05234375 0.05078125
0 0.715625 0.8609375 0.05390625 0.04921875
1 0.3359375 0.2 0.053125 0.05078125
1 0.4 0.8140625 0.05234375 0.0484375
1 0.18046875 0.71953125 0.05390625 0.04765625
0 0.71015625 0.8140625 0.053125 0.0484375
1 0.23203125 0.2046875 0.0546875 0.05
1 0.865625 0.50078125 0.053125 0.05
0 0.8171875 0.81328125 0.05234375 0.04765625
1 0.121875 0.61484375 0.05234375 0.046875
0 0.496875 0.2015625 0.053125 0.04921875
0 0.2359375 0.15 0.0546875 0.05078125
0 0.9125 0.23984375 0.0546875 0.05078125
0 0.7984375 0.196875 0.05390625 0.05
0 0.07109375 0.5671875 0.05390625 0.0484375
1 0.76484375 0.80859375 0.053125 0.04765625
0 0.18203125 0.15234375 0.05390625 0.0515625
0 0.859375 0.19453125 0.0546875 0.05
0 0.6 0.20546875 0.05234375 0.05
0 0.23984375 0.8140625 0.05390625 0.0484375
1 0.33984375 0.14921875 0.05390625 0.05078125
1 0.9734375 0.34609375 0.05234375 0.0515625
0 0.07421875 0.45546875 0.0546875 0.05
0 0.76171875 0.146875 0.0546875 0.04921875
0 0.34296875 0.865625 0.0546875 0.0484375
1 0.6546875 0.50546875 0.053125 0.04765625
1 0.8703125 0.81796875 0.05390625 0.05078125
1 0.76640625 0.85546875 0.05390625 0.0484375
0 0.93046875 0.65703125 0.05546875 0.0484375
0 0.70390625 0.146875 0.053125 0.04765625
1 0.12265625 0.2 0.053125 0.05
0 0.9125 0.1859375 0.0546875 0.05078125
1 0.9734375 0.29375 0.053125 0.05
0 0.121875 0.14609375 0.0546875 0.05234375
0 0.86953125 0.146875 0.053125 0.05078125
0 0.1890625 0.8109375 0.05234375 0.04765625
0 0.5515625 0.90859375 0.05390625 0.05
1 0.97265625 0.40234375 0.0546875 0.0515625
0 0.7140625 0.909375 0.053125 0.05
0 0.3359375 0.09609375 0.05234375 0.04921875
0 0.96953125 0.60625 0.05625 0.04921875
1 0.81953125 0.8625 0.05390625 0.04921875
0 0.22578125 0.10390625 0.053125 0.05078125
0 0.97265625 0.24296875 0.0546875 0.05234375
0 0.97265625 0.55390625 0.05390625 0.05
0 0.50625 0.15078125 0.053125 0.04921875
0 0.64375 0.1453125 0.05234375 0.0484375
0 0.971875 0.50703125 0.05546875 0.05078125
1 0.496875 0.9125 0.05234375 0.04921875
1 0.76484375 0.9109375 0.05234375 0.04921875
0 0.234375 0.86875 0.053125 0.0484375
0 0.02578125 0.509375 0.0515625 0.05
0 0.7421875 0.1015625 0.053125 0.05
0 0.1203125 0.09453125 0.05390625 0.05
0 0.9671875 0.18828125 0.05625 0.05234375
0 0.865625 0.0828125 0.05390625 0.05078125
0 0.22734375 0.04921875 0.0546875 0.05078125
0 0.78046875 0.06484375 0.053125 0.05078125
0 0.16953125 0.05 0.053125 0.05
0 0.29453125 0.91015625 0.05390625 0.0484375
0 0.32578125 0.04765625 0.0546875 0.05
0 0.6671875 0.96640625 0.053125 0.05
0 0.60703125 0.965625 0.05234375 0.05