0 0.6 0.44921875 0.05 0.0546875
1 0.59921875 0.503125 0.05078125 0.0515625
1 0.64921875 0.5515625 0.05078125 0.05078125
0 0.23515625 0.34609375 0.05234375 0.053125
1 0.49453125 0.50078125 0.0515625 0.0515625
1 0.43984375 0.49609375 0.05 0.0515625
1 0.64375 0.184375 0.04921875 0.0515625
1 0.64609375 0.6046875 0.05078125 0.0515625
0 0.65546875 0.39609375 0.0515625 0.053125
1 0.796875 0.4390625 0.05 0.05078125
1 0.69609375 0.18515625 0.05 0.0515625
1 0.80546875 0.50078125 0.05234375 0.053125
1 0.7609375 0.40625 0.05078125 0.053125
1 0.5953125 0.1859375 0.04921875 0.0515625
1 0.65703125 0.50078125 0.05 0.0515625
0 0.3375 0.39765625 0.0515625 0.053125
1 0.3296875 0.23828125 0.05 0.0515625
1 0.13203125 0.3390625 0.0515625 0.053125
1 0.75703125 0.178125 0.05 0.0515625
1 0.53828125 0.65703125 0.04921875 0.0515625
1 0.125 0.4984375 0.0515625 0.05234375
0 0.2765625 0.1828125 0.05078125 0.0515625
1 0.59609375 0.70703125 0.05 0.0515625
1 0.5953125 0.65625 0.0484375 0.05234375
0 0.70546875 0.396875 0.05078125 0.05390625
0 0.23046875 0.40234375 0.05234375 0.0546875
0 0.65625 0.44921875 0.05078125 0.0546875
1 0.08203125 0.29375 0.0515625 0.053125
1 0.80390625 0.18515625 0.04921875 0.053125
1 0.175 0.44453125 0.05234375 0.0515625
0 0.38671875 0.44765625 0.0515625 0.05390625
1 0.690625 0.34765625 0.05078125 0.0515625
1 0.225 0.28671875 0.05078125 0.05234375
1 0.7046875 0.49765625 0.05 0.0515625
1 0.71015625 0.44765625 0.05 0.05078125
0 0.33828125 0.1359375 0.0515625 0.0546875
0 0.28515625 0.3953125 0.05234375 0.053125
0 0.1296875 0.23671875 0.05 0.053125
1 0.9046875 0.6109375 0.0515625 0.05390625
1 0.4859375 0.603125 0.05 0.05234375
1 0.275 0.23984375 0.05 0.0515625
1 0.7515625 0.6078125 0.05078125 0.053125
1 0.746875 0.66171875 0.05 0.053125
1 0.43984375 0.44453125 0.05078125 0.05078125
1 0.17890625 0.3390625 0.0515625 0.053125
1 0.1296875 0.28828125 0.04921875 0.05078125
1 0.85390625 0.1828125 0.05 0.0546875
1 0.8515625 0.553125 0.0515625 0.053125
0 0.22734375 0.1859375 0.0515625 0.053125
1 0.3796875 0.18515625 0.05078125 0.0515625
1 0.60078125 0.08203125 0.0515625 0.0515625
0 0.7046875 0.55 0.05234375 0.053125
1 0.75390625 0.55703125 0.05078125 0.05234375
1 0.22890625 0.503125 0.0515625 0.05
0 0.1796875 0.23671875 0.0515625 0.05390625
1 0.1265625 0.446875 0.0515625 0.05234375
1 0.4359375 0.60078125 0.05 0.05234375
1 0.73984375 0.36015625 0.05 0.05
1 0.65546875 0.13515625 0.05078125 0.05078125
1 0.89921875 0.559375 0.05078125 0.05390625
0 0.8546875 0.128125 0.05078125 0.05390625
1 0.3890625 0.39375 0.0515625 0.05234375
1 0.8015625 0.5515625 0.05 0.05234375
1 0.32890625 0.1859375 0.05 0.05078125
1 0.3375 0.3453125 0.0515625 0.0515625
0 0.70625 0.1359375 0.05234375 0.05234375
0 0.17734375 0.28828125 0.05078125 0.05078125
1 0.38515625 0.6546875 0.0515625 0.053125
1 0.028125 0.653125 0.05078125 0.05234375
1 0.95625 0.67265625 0.053125 0.05546875
1 0.28984375 0.55234375 0.05234375 0.05234375
1 0.54921875 0.134375 0.05078125 0.0484375
1 0.3890625 0.60234375 0.0515625 0.05234375
1 0.23125 0.453125 0.05234375 0.05078125
0 0.18359375 0.13203125 0.05234375 0.05625
1 0.2359375 0.71015625 0.053125 0.0546875
0 0.2890625 0.4484375 0.05234375 0.05546875
1 0.28828125 0.3421875 0.05078125 0.0515625
1 0.08203125 0.1328125 0.05078125 0.05234375
1 0.1296875 0.18359375 0.0515625 0.0515625
1 0.95234375 0.61796875 0.05078125 0.0546875
0 0.134375 0.55234375 0.0515625 0.0546875
1 0.2890625 0.7125 0.0515625 0.053125
1 0.08203125 0.24140625 0.05078125 0.05234375
0 0.33828125 0.0828125 0.05234375 0.05234375
0 0.178125 0.18515625 0.0484375 0.05078125
1 0.28671875 0.659375 0.0515625 0.053125
1 0.75625 0.12578125 0.05 0.0515625
0 0.6546875 0.084375 0.0515625 0.05390625
1 0.08125 0.65546875 0.0515625 0.0546875
1 0.08828125 0.7046875 0.05078125 0.053125
0 0.2875 0.5 0.0515625 0.0546875
1 0.22734375 0.23671875 0.05 0.0515625
1 0.184375 0.55703125 0.0515625 0.0515625
1 0.3890625 0.55 0.05 0.05078125
0 0.85546875 0.6046875 0.05234375 0.05546875
1 0.440625 0.39296875 0.0515625 0.0515625
1 0.23125 0.5546875 0.0515625 0.0515625
1 0.4921875 0.1859375 0.0515625 0.0515625
0 0.3390625 0.54765625 0.0515625 0.053125
0 0.390625 0.4984375 0.05078125 0.053125
1 0.9046875 0.18828125 0.0515625 0.053125
1 0.0859375 0.5515625 0.05234375 0.053125
0 0.33984375 0.03125 0.0515625 0.0515625
0 0.80546875 0.12734375 0.0515625 0.0546875
1 0.3875 0.13125 0.05078125 0.0515625
1 0.28671875 0.6046875 0.05078125 0.05234375
0 0.28828125 0.08125 0.0515625 0.05390625
0 0.340625 0.49453125 0.0515625 0.0546875
0 0.90859375 0.66328125 0.0515625 0.05703125
1 0.028125 0.60234375 0.05 0.05390625
1 0.23046875 0.6046875 0.0515625 0.05078125
0 0.75078125 0.07578125 0.0515625 0.0515625
1 0.903125 0.13671875 0.0515625 0.053125
1 0.08984375 0.8109375 0.05234375 0.05390625
0 0.9046875 0.07734375 0.0515625 0.05390625
0 0.18984375 0.08046875 0.0515625 0.0515625
1 0.384375 0.0765625 0.05078125 0.0515625
1 0.44375 0.871875 0.053125 0.0515625
0 0.140625 0.0828125 0.04921875 0.053125
1 0.13359375 0.13359375 0.0515625 0.0515625
0 0.23984375 0.0796875 0.05078125 0.05390625
0 0.17890625 0.6078125 0.05234375 0.0546875
1 0.03515625 0.5484375 0.0515625 0.05390625
1 0.08359375 0.7546875 0.0515625 0.053125
0 0.2359375 0.02578125 0.0515625 0.05078125
0 0.80078125 0.07578125 0.05078125 0.053125
0 0.48359375 0.6546875 0.05078125 0.05390625
0 0.07578125 0.60234375 0.0515625 0.0546875
0 0.65625 0.03125 0.05078125 0.0515625
1 0.1375 0.81796875 0.04609375 0.0515625
0 0.70546875 0.0328125 0.0515625 0.053125
0 0.13984375 0.03125 0.0515625 0.05234375
1 0.95859375 0.12890625 0.0515625 0.053125
0 0.64765625 0.659375 0.0515625 0.05546875
0 0.796875 0.65625 0.05234375 0.05546875
1 0.2296875 0.659375 0.05234375 0.0546875
1 0.03671875 0.1828125 0.0515625 0.05234375
1 0.67265625 0.2984375 0.05 0.0515625
1 0.1734375 0.3953125 0.0515625 0.0515625
1 0.084375 0.08125 0.05078125 0.04921875
0 0.33671875 0.6 0.0515625 0.05390625
1 0.4984375 0.9265625 0.053125 0.05234375
0 0.70234375 0.08359375 0.05078125 0.05234375
0 0.903125 0.0265625 0.0515625 0.05
0 0.43359375 0.6578125 0.04921875 0.0515625
0 0.54375 0.7078125 0.05 0.0515625
1 0.44296875 0.925 0.053125 0.05234375
0 0.84921875 0.71171875 0.05234375 0.05390625
0 0.95390625 0.7234375 0.05234375 0.05546875
0 0.8484375 0.02421875 0.05234375 0.0484375
0 0.6984375 0.65546875 0.0515625 0.05390625
0 0.7984375 0.02578125 0.0515625 0.05
1 0.13359375 0.871875 0.05234375 0.05546875
0 0.8078125 0.76796875 0.0515625 0.05546875
0 0.3359375 0.6515625 0.05 0.05234375
1 0.3890625 0.9265625 0.0515625 0.0515625
0 0.18046875 0.66171875 0.05234375 0.05546875
0 0.49375 0.76640625 0.0515625 0.05390625
0 0.90703125 0.71796875 0.05390625 0.0546875
1 0.340625 0.9203125 0.0515625 0.05234375
0 0.69921875 0.76484375 0.0515625 0.053125
0 0.596875 0.75859375 0.04921875 0.05390625
1 0.59921875 0.02890625 0.05078125 0.04921875
1 0.9578125 0.07734375 0.0515625 0.05234375
0 0.79609375 0.71015625 0.0515625 0.05390625
0 0.9578125 0.0265625 0.0515625 0.05078125
1 0.13671875 0.92421875 0.05 0.0515625
0 0.865625 0.7703125 0.053125 0.05390625
0 0.43515625 0.7671875 0.0515625 0.05390625
0 0.38671875 0.70625 0.05078125 0.053125
0 0.91484375 0.771875 0.05234375 0.0546875
0 0.69609375 0.71171875 0.05078125 0.05390625
0 0.6578125 0.81796875 0.05078125 0.05234375
0 0.6984375 0.87421875 0.0515625 0.05234375
0 0.56015625 0.815625 0.05 0.053125
0 0.7453125 0.7140625 0.0515625 0.053125
1 0.1859375 0.9265625 0.0515625 0.05390625
0 0.28125 0.76328125 0.05234375 0.053125
1 0.3875 0.02578125 0.05 0.0484375
0 0.440625 0.81953125 0.0515625 0.05390625
0 0.1859375 0.71484375 0.0515625 0.05625
0 0.23125 0.7625 0.0515625 0.05234375
0 0.33203125 0.81328125 0.05 0.0546875
1 0.08984375 0.03203125 0.05 0.04921875
0 0.384375 0.7609375 0.05234375 0.05390625
1 0.43984375 0.975 0.0515625 0.04921875
0 0.6078125 0.81171875 0.05234375 0.05546875
0 0.8 0.88125 0.0515625 0.0546875
0 0.334375 0.75703125 0.05078125 0.053125
0 0.49609375 0.875 0.05078125 0.05234375
0 0.75859375 0.91796875 0.0515625 0.05234375
0 0.85078125 0.88125 0.05234375 0.0546875
1 0.33359375 0.97265625 0.04765625 0.05078125
0 0.23515625 0.8140625 0.05390625 0.053125
0 0.18125 0.76796875 0.0515625 0.0515625
0 0.3875 0.87421875 0.05234375 0.053125
0 0.9125 0.88984375 0.05234375 0.05234375
0 0.33515625 0.86875 0.05234375 0.0546875
0 0.9625 0.8796875 0.05234375 0.05546875
1 0.2375 0.97265625 0.05234375 0.053125
0 0.55078125 0.871875 0.05078125 0.0546875
1 0.28515625 0.9734375 0.04921875 0.0515625
0 0.2859375 0.86796875 0.05234375 0.0515625
0 0.23203125 0.86640625 0.05078125 0.05390625
0 0.60078125 0.8640625 0.0515625 0.05390625
1 0.18828125 0.9765625 0.05 0.046875
0 0.64765625 0.9234375 0.0515625 0.053125
0 0.1828125 0.875 0.05 0.05390625
0 0.284375 0.9203125 0.05 0.05546875
0 0.55234375 0.925 0.0515625 0.0546875
0 0.234375 0.9203125 0.0515625 0.0546875
0 0.6 0.9171875 0.0515625 0.053125
0 0.4921875 0.97578125 0.05 0.0484375
0 0.7578125 0.971875 0.0515625 0.05078125
0 0.6578125 0.975 0.05 0.05
0 0.596875 0.975 0.05 0.05
0 0.54765625 0.97578125 0.05 0.0484375
0 0.7078125 0.975 0.05 0.04921875
0 0.128125 0.60546875 0.05078125 0.05078125
0 0.13125 0.65625 0.04765625 0.0546875
0 0.1359375 0.71328125 0.04765625 0.0515625
0 0.13125 0.7640625 0.0484375 0.05234375
0 0.6453125 0.71328125 0.04921875 0.0515625
0 0.49296875 0.71015625 0.04921875 0.05234375
0 0.33671875 0.70390625 0.04921875 0.05078125
0 0.7015625 0.60234375 0.05 0.053125
0 0.803125 0.60390625 0.0515625 0.05
0 0.18515625 0.821875 0.0484375 0.05