1 0.3015625 0.65 0.071875 0.05703125
0 0.534375 0.6421875 0.0671875 0.05390625
0 0.74453125 0.640625 0.06328125 0.05078125
1 0.4546875 0.6046875 0.06875 0.0546875
1 0.3703125 0.5484375 0.0734375 0.05625
1 0.82421875 0.5828125 0.06328125 0.0515625
1 0.6140625 0.6421875 0.065625 0.05390625
0 0.4578125 0.54765625 0.0703125 0.05625
1 0.68046875 0.64296875 0.0640625 0.05390625
0 0.67890625 0.584375 0.06484375 0.0515625
0 0.6078125 0.58671875 0.06640625 0.05390625
0 0.5375 0.590625 0.065625 0.0546875
0 0.75234375 0.528125 0.065625 0.05390625
0 0.3015625 0.48671875 0.075 0.05546875
1 0.30234375 0.3765625 0.07421875 0.05625
1 0.75703125 0.58515625 0.06484375 0.05234375
1 0.88359375 0.4828125 0.06328125 0.05
0 0.53359375 0.4828125 0.0671875 0.05234375
0 0.61796875 0.53515625 0.065625 0.05390625
1 0.4546875 0.490625 0.06953125 0.05546875
0 0.6828125 0.48046875 0.06640625 0.05078125
0 0.38515625 0.3734375 0.06953125 0.05390625
1 0.815625 0.5296875 0.0640625 0.0515625
0 0.81796875 0.48046875 0.0640625 0.05234375
0 0.6125 0.4828125 0.0671875 0.0546875
1 0.4546875 0.42890625 0.06953125 0.0546875
1 0.5296875 0.42890625 0.0671875 0.053125
1 0.8109375 0.4296875 0.0640625 0.05078125
0 0.46015625 0.3765625 0.0703125 0.05625
1 0.740625 0.32265625 0.0640625 0.05234375
0 0.740625 0.4265625 0.0671875 0.05546875
0 0.67421875 0.375 0.06640625 0.0515625
0 0.6109375 0.42890625 0.06875 0.05546875
1 0.4421875 0.32265625 0.0703125 0.0546875
0 0.753125 0.47578125 0.065625 0.0546875
1 0.5390625 0.26796875 0.0671875 0.053125
1 0.60078125 0.321875 0.06640625 0.053125
1 0.66640625 0.27265625 0.0640625 0.053125
1 0.8109375 0.36953125 0.0609375 0.04921875
0 0.603125 0.37578125 0.06953125 0.05546875
0 0.74296875 0.37578125 0.06484375 0.053125
0 0.29375 0.31796875 0.07265625 0.05859375
1 0.528125 0.378125 0.06640625 0.0515625
0 0.4515625 0.2640625 0.07109375 0.05625