1 0.8140625 0.490625 0.046875 0.04296875
0 0.0875 0.38984375 0.04296875 0.04140625
1 0.81328125 0.546875 0.04375 0.03984375
1 0.81796875 0.44375 0.0453125 0.0421875
0 0.0890625 0.3328125 0.04296875 0.0421875
1 0.503125 0.4421875 0.04375 0.040625
0 0.14375 0.43671875 0.04296875 0.040625
0 0.1375 0.5890625 0.04453125 0.04140625
1 0.7625 0.38671875 0.04453125 0.04140625
1 0.82109375 0.64765625 0.0453125 0.04140625
1 0.86484375 0.4015625 0.04453125 0.040625
1 0.8265625 0.33984375 0.04375 0.040625
1 0.5125 0.38515625 0.04296875 0.040625
1 0.5015625 0.5421875 0.04375 0.04140625
1 0.87265625 0.33984375 0.04296875 0.040625
1 0.765625 0.284375 0.04375 0.040625
0 0.20234375 0.375 0.0421875 0.03984375
1 0.56328125 0.3390625 0.04296875 0.03984375
1 0.61328125 0.534375 0.04375 0.040625
1 0.709375 0.32734375 0.04296875 0.040625
1 0.40234375 0.4890625 0.04375 0.040625
1 0.559375 0.54765625 0.04375 0.040625
1 0.4578125 0.490625 0.04296875 0.040625
0 0.19375 0.5359375 0.0421875 0.04140625
1 0.3453125 0.5484375 0.04296875 0.040625
1 0.8265625 0.28359375 0.04375 0.04140625
1 0.6703125 0.5390625 0.04921875 0.046875
1 0.66015625 0.3234375 0.04296875 0.04140625
0 0.08515625 0.2828125 0.04375 0.0421875
1 0.7625 0.696875 0.04375 0.04140625
1 0.4484375 0.5953125 0.04296875 0.040625
1 0.5015625 0.59296875 0.04296875 0.040625
1 0.24453125 0.6328125 0.04453125 0.0421875
1 0.603125 0.28515625 0.04296875 0.03984375
1 0.45234375 0.38828125 0.04296875 0.040625
0 0.0890625 0.23359375 0.04296875 0.04296875
0 0.503125 0.334375 0.04296875 0.03984375
0 0.08828125 0.16328125 0.04296875 0.04296875
1 0.24140625 0.68828125 0.0453125 0.0421875
1 0.296875 0.59140625 0.04375 0.04140625
0 0.24296875 0.48203125 0.04375 0.040625
1 0.29765625 0.64453125 0.04375 0.04140625
1 0.19140625 0.69453125 0.04453125 0.04375
0 0.21875 0.33125 0.0421875 0.040625
0 0.190625 0.27890625 0.0421875 0.04140625
0 0.24921875 0.28203125 0.04140625 0.03984375
1 0.4046875 0.3859375 0.04375 0.040625
1 0.725 0.746875 0.04453125 0.04140625
0 0.19375 0.4828125 0.04296875 0.04140625
0 0.19296875 0.63359375 0.04375 0.04140625
1 0.55390625 0.49453125 0.05 0.04765625
0 0.1953125 0.175 0.04296875 0.04140625
0 0.29921875 0.18125 0.04140625 0.040625
1 0.1875 0.746875 0.04453125 0.04296875
0 0.875 0.2875 0.04375 0.03984375
1 0.5546875 0.7546875 0.04375 0.04375
1 0.7609375 0.23359375 0.04375 0.040625
1 0.1375 0.69140625 0.04453125 0.04296875
1 0.56015625 0.234375 0.0421875 0.03984375
0 0.346875 0.4875 0.04296875 0.040625
0 0.50078125 0.28671875 0.04296875 0.040625
1 0.65859375 0.2359375 0.04375 0.040625
1 0.50078125 0.7984375 0.04375 0.0421875
1 0.44375 0.79609375 0.04375 0.0421875
0 0.23984375 0.43125 0.04296875 0.03984375
1 0.8796875 0.678125 0.0453125 0.040625
0 0.86328125 0.23515625 0.04375 0.040625
0 0.24296875 0.17578125 0.04140625 0.03984375
0 0.2453125 0.234375 0.04296875 0.04140625
0 0.29375 0.53828125 0.04296875 0.040625
1 0.19375 0.79921875 0.04453125 0.04296875
0 0.240625 0.5890625 0.04375 0.040625
0 0.09375 0.11640625 0.04140625 0.04140625
0 0.80546875 0.59453125 0.04453125 0.04140625
0 0.76796875 0.646875 0.04375 0.040625
0 0.2453125 0.7953125 0.04453125 0.04140625
0 0.66640625 0.7015625 0.04296875 0.03984375
0 0.3984375 0.4390625 0.04453125 0.040625
0 0.27734375 0.13984375 0.04140625 0.04140625
0 0.50625 0.23828125 0.04296875 0.040625
0 0.5109375 0.1890625 0.04375 0.040625
0 0.453125 0.440625 0.04375 0.03984375
0 0.82109375 0.18828125 0.04375 0.03984375
0 0.50859375 0.6875 0.04296875 0.0390625
0 0.24140625 0.11796875 0.0421875 0.03984375
0 0.246875 0.7484375 0.04453125 0.0421875
1 0.81875 0.8 0.04453125 0.04140625
0 0.3 0.4328125 0.04140625 0.0390625
0 0.71640625 0.6953125 0.04375 0.040625
0 0.7515625 0.5453125 0.0453125 0.03984375
0 0.3484375 0.4375 0.04296875 0.040625
0 0.5546875 0.69453125 0.04375 0.03984375
0 0.6078125 0.6984375 0.0421875 0.03984375
0 0.35546875 0.3921875 0.0421875 0.0390625
0 0.39921875 0.80625 0.04453125 0.040625
0 0.75859375 0.59765625 0.04375 0.04140625
0 0.19296875 0.07421875 0.04296875 0.0421875
0 0.66875 0.63984375 0.04453125 0.040625
0 0.66953125 0.5890625 0.04453125 0.040625
1 0.1359375 0.7984375 0.0515625 0.05
1 0.30390625 0.8484375 0.04453125 0.0421875
0 0.353125 0.79453125 0.04375 0.040625
0 0.3015625 0.6984375 0.04296875 0.03984375
0 0.6046875 0.13046875 0.04375 0.040625
0 0.56015625 0.653125 0.04453125 0.04140625
0 0.71171875 0.58515625 0.0421875 0.0390625
0 0.3078125 0.79609375 0.04375 0.040625
0 0.5625 0.59453125 0.04296875 0.03984375
0 0.45234375 0.69453125 0.04375 0.040625
0 0.35546875 0.75078125 0.04453125 0.0421875
0 0.61015625 0.58671875 0.04296875 0.0390625
0 0.40703125 0.70078125 0.04375 0.04140625
1 0.24453125 0.846875 0.0453125 0.04296875
0 0.41015625 0.7515625 0.04453125 0.0421875
0 0.33984375 0.64375 0.04453125 0.04140625
1 0.4078125 0.8546875 0.04453125 0.0421875
1 0.35234375 0.85078125 0.04375 0.0421875
1 0.709375 0.8515625 0.04453125 0.0421875
0 0.38984375 0.6578125 0.05390625 0.05234375