1 0.81171875 0.50703125 0.05078125 0.053125
0 0.65 0.61015625 0.05078125 0.05234375
0 0.28515625 0.6203125 0.05 0.0515625
1 0.81171875 0.409375 0.053125 0.05546875
1 0.6921875 0.40703125 0.05234375 0.05546875
0 0.5953125 0.67265625 0.05 0.05234375
1 0.871875 0.40234375 0.053125 0.05703125
0 0.18125 0.46171875 0.0515625 0.05234375
0 0.8640625 0.35078125 0.05234375 0.0546875
1 0.1828125 0.5125 0.0515625 0.0546875
1 0.63984375 0.77734375 0.05234375 0.05234375
1 0.23203125 0.6546875 0.0515625 0.05234375
0 0.28828125 0.7234375 0.0515625 0.0515625
1 0.63984375 0.7234375 0.05234375 0.053125
0 0.81171875 0.2390625 0.0515625 0.053125
0 0.70234375 0.1921875 0.05078125 0.0546875
0 0.234375 0.5140625 0.0515625 0.053125
1 0.64609375 0.6640625 0.0515625 0.053125
0 0.75078125 0.40859375 0.05 0.053125
1 0.17421875 0.775 0.05234375 0.053125
1 0.8078125 0.77421875 0.05390625 0.05390625
1 0.2359375 0.72265625 0.05234375 0.053125
0 0.65078125 0.19140625 0.04921875 0.05390625
1 0.865625 0.2921875 0.0546875 0.05546875
0 0.7546875 0.821875 0.0515625 0.053125
1 0.86484375 0.8171875 0.053125 0.05390625
1 0.1671875 0.8359375 0.05390625 0.053125
0 0.76875 0.19140625 0.05234375 0.05546875
0 0.234375 0.77890625 0.0515625 0.05234375
0 0.80625 0.825 0.0515625 0.053125
0 0.1859375 0.2 0.05078125 0.0546875
0 0.5890625 0.82890625 0.05078125 0.05234375
0 0.47578125 0.8328125 0.0515625 0.0515625
0 0.6921875 0.83046875 0.0515625 0.05234375
1 0.86015625 0.87578125 0.05390625 0.05546875
1 0.80390625 0.878125 0.05390625 0.05390625
0 0.3953125 0.20703125 0.05 0.0546875
0 0.81328125 0.2921875 0.05234375 0.05625
1 0.82109375 0.1859375 0.0515625 0.05546875
1 0.7109375 0.13828125 0.05234375 0.05625
1 0.76640625 0.13828125 0.05234375 0.0546875
0 0.23203125 0.834375 0.05078125 0.05078125
1 0.87421875 0.1796875 0.053125 0.05546875
1 0.87421875 0.2359375 0.05234375 0.05390625
0 0.32890625 0.8859375 0.05078125 0.0515625
0 0.2671875 0.884375 0.05078125 0.05234375