1 0.5328125 0.60078125 0.04609375 0.05
0 0.3375 0.6546875 0.04765625 0.05390625
1 0.428125 0.65703125 0.04921875 0.0546875
0 0.25546875 0.5484375 0.04609375 0.0515625
1 0.359375 0.49765625 0.04921875 0.05234375
0 0.6296875 0.70078125 0.046875 0.0546875
0 0.7265625 0.546875 0.046875 0.05078125
1 0.26796875 0.453125 0.04765625 0.05078125
1 0.4984375 0.35390625 0.04453125 0.0484375
0 0.503125 0.4484375 0.04453125 0.04921875
1 0.675 0.64921875 0.0484375 0.05390625
1 0.5125 0.2203125 0.04375 0.04765625
1 0.6359375 0.5484375 0.04765625 0.05234375
0 0.171875 0.46328125 0.0453125 0.04921875
1 0.27578125 0.74921875 0.04921875 0.05625
1 0.546875 0.4578125 0.046875 0.0515625
0 0.23125 0.7 0.04609375 0.05390625
1 0.4765625 0.81328125 0.05 0.05546875
0 0.19765625 0.6578125 0.046875 0.0546875
0 0.69140625 0.43515625 0.04453125 0.0484375
0 0.76875 0.6375 0.04765625 0.05390625
1 0.546875 0.3953125 0.04453125 0.04921875
0 0.68828125 0.3421875 0.04375 0.04609375
0 0.225 0.76328125 0.046875 0.0546875
0 0.37578125 0.3078125 0.04375 0.046875
1 0.63359375 0.4953125 0.04765625 0.04921875
0 0.925 0.58984375 0.046875 0.05390625
0 0.8765625 0.59296875 0.04765625 0.053125
0 0.596875 0.44765625 0.04453125 0.0484375
1 0.3953125 0.17265625 0.04453125 0.0453125
1 0.93828125 0.7703125 0.05 0.0578125
1 0.42578125 0.25859375 0.04453125 0.046875
1 0.32890625 0.828125 0.0515625 0.0578125
1 0.6 0.3015625 0.04453125 0.04765625
0 0.8640625 0.759375 0.0484375 0.05546875
0 0.59609375 0.2046875 0.0421875 0.046875
1 0.7171875 0.753125 0.0515625 0.05703125
1 0.7203125 0.69453125 0.0484375 0.0546875
1 0.91953125 0.25859375 0.0453125 0.04765625
1 0.76171875 0.82578125 0.05 0.0578125
0 0.63828125 0.39921875 0.04375 0.046875
0 0.87890625 0.3046875 0.0453125 0.0484375
0 0.76484375 0.7515625 0.04921875 0.05546875
1 0.5953125 0.39375 0.04375 0.05078125
1 0.92421875 0.65234375 0.04765625 0.05546875
0 0.5984375 0.3484375 0.04375 0.046875
1 0.8796875 0.6546875 0.04921875 0.0546875
0 0.64296875 0.30078125 0.04453125 0.046875
0 0.1890625 0.30625 0.04296875 0.04765625
0 0.178125 0.82421875 0.05 0.05625
1 0.22890625 0.321875 0.0453125 0.04921875
1 0.28125 0.30859375 0.0453125 0.04921875
1 0.3734375 0.2625 0.04453125 0.0484375
1 0.3328125 0.30703125 0.04609375 0.05
0 0.82734375 0.65 0.046875 0.05234375
1 0.228125 0.81796875 0.05078125 0.05625
0 0.740625 0.16484375 0.0421875 0.04453125
0 0.5640625 0.13359375 0.0421875 0.0453125
0 0.47578125 0.12890625 0.0421875 0.04453125
1 0.92265625 0.21015625 0.0453125 0.04609375
0 0.8125 0.75703125 0.04765625 0.05625
0 0.821875 0.70078125 0.04765625 0.05390625
1 0.64140625 0.44609375 0.0453125 0.0484375
1 0.871875 0.8171875 0.0515625 0.06015625
1 0.77421875 0.6984375 0.04765625 0.05546875
1 0.78359375 0.165625 0.04375 0.04609375
1 0.8734375 0.1640625 0.0453125 0.046875
1 0.3046875 0.16875 0.04375 0.04609375
0 0.321875 0.26328125 0.04296875 0.046875
1 0.821875 0.8140625 0.04921875 0.059375
1 0.296875 0.22109375 0.04375 0.046875
1 0.3046875 0.121875 0.04375 0.04453125
0 0.87578125 0.209375 0.04375 0.046875
0 0.33984375 0.21484375 0.04296875 0.04609375
0 0.82734375 0.16875 0.04375 0.046875
1 0.87421875 0.11875 0.04453125 0.0453125
1 0.23125 0.2640625 0.04296875 0.05
0 0.8734375 0.25390625 0.04375 0.046875
0 0.27421875 0.2625 0.04375 0.046875
0 0.190625 0.25703125 0.04296875 0.046875
0 0.784375 0.12109375 0.0421875 0.04453125
0 0.24921875 0.2140625 0.04375 0.04765625
0 0.82890625 0.1203125 0.04140625 0.04453125
0 0.26171875 0.1703125 0.04296875 0.046875
0 0.25859375 0.12734375 0.04140625 0.04375