0 0.4453125 0.66015625 0.04921875 0.05234375
1 0.4453125 0.60625 0.053125 0.05390625
1 0.3921875 0.60703125 0.05234375 0.053125
0 0.49921875 0.65859375 0.05078125 0.05078125
1 0.4984375 0.60625 0.05390625 0.053125
1 0.44453125 0.553125 0.05390625 0.053125
0 0.39296875 0.55546875 0.0515625 0.05
1 0.33828125 0.6078125 0.05234375 0.05234375
1 0.55078125 0.6578125 0.05234375 0.0515625
1 0.2859375 0.60859375 0.05234375 0.053125
1 0.709375 0.7625 0.05390625 0.053125
0 0.234375 0.55625 0.0515625 0.05078125
1 0.65546875 0.6578125 0.053125 0.05390625
0 0.33984375 0.50234375 0.05234375 0.05
1 0.28671875 0.6609375 0.053125 0.05390625
1 0.70859375 0.70859375 0.053125 0.053125
1 0.28515625 0.55625 0.053125 0.053125
1 0.65625 0.7625 0.053125 0.05234375
1 0.390625 0.44921875 0.053125 0.05234375
0 0.6046875 0.76328125 0.0515625 0.05078125
1 0.55 0.60625 0.05234375 0.0515625
1 0.17890625 0.5046875 0.053125 0.05390625
0 0.39296875 0.66015625 0.0515625 0.0515625
1 0.23359375 0.66328125 0.05390625 0.05546875
0 0.18125 0.5578125 0.05234375 0.0515625
0 0.6046875 0.7109375 0.0515625 0.05078125
0 0.49921875 0.815625 0.0515625 0.0515625
1 0.70859375 0.8125 0.053125 0.053125
1 0.7078125 0.340625 0.0515625 0.053125
1 0.390625 0.290625 0.0546875 0.05390625
1 0.1796875 0.3984375 0.0546875 0.0546875
0 0.55234375 0.7109375 0.0515625 0.05
1 0.39140625 0.39609375 0.05390625 0.05234375
0 0.2875 0.50234375 0.053125 0.05078125
1 0.44375 0.34296875 0.053125 0.053125
0 0.39296875 0.50234375 0.05234375 0.05078125
0 0.65546875 0.8140625 0.05078125 0.05078125
0 0.23515625 0.7140625 0.0515625 0.05078125
1 0.2328125 0.45078125 0.05546875 0.0546875
1 0.2859375 0.29140625 0.0546875 0.05546875
0 0.7625 0.55078125 0.0515625 0.05078125
1 0.709375 0.65703125 0.053125 0.053125
0 0.76328125 0.49921875 0.053125 0.05078125
0 0.6046875 0.81484375 0.05078125 0.05078125
1 0.60234375 0.60546875 0.05234375 0.053125
0 0.553125 0.815625 0.0515625 0.0515625
0 0.65703125 0.71015625 0.0515625 0.05078125
1 0.7609375 0.7609375 0.05390625 0.05234375
0 0.76171875 0.81328125 0.0515625 0.05234375
0 0.446875 0.8171875 0.0515625 0.0515625
0 0.3921875 0.34296875 0.0515625 0.05078125
0 0.81484375 0.49765625 0.05078125 0.04921875
0 0.3390625 0.396875 0.05234375 0.05234375
0 0.33828125 0.34453125 0.05234375 0.05234375
0 0.23359375 0.50390625 0.05234375 0.0515625
0 0.3390625 0.44921875 0.0515625 0.05078125
1 0.8140625 0.75859375 0.05390625 0.05234375
0 0.86640625 0.7609375 0.05078125 0.0515625
0 0.44609375 0.86875 0.05078125 0.05078125
1 0.70703125 0.2875 0.0515625 0.0515625
1 0.70859375 0.5515625 0.05390625 0.053125
1 0.8140625 0.70859375 0.053125 0.05234375
1 0.3375 0.2390625 0.0546875 0.0546875
1 0.2875 0.7125 0.05546875 0.05390625
1 0.49765625 0.8671875 0.05234375 0.0515625
0 0.18203125 0.715625 0.0515625 0.053125
1 0.44375 0.184375 0.05390625 0.05390625
0 0.28671875 0.34453125 0.05234375 0.0515625
0 0.340625 0.7125 0.0515625 0.0515625
1 0.76015625 0.44453125 0.0546875 0.0515625
1 0.38984375 0.23828125 0.0546875 0.0546875
0 0.18125 0.6625 0.0515625 0.053125
1 0.6015625 0.23515625 0.05234375 0.0515625
1 0.7609375 0.603125 0.05390625 0.05234375
1 0.44375 0.50078125 0.053125 0.0515625
0 0.23359375 0.39765625 0.053125 0.05234375
1 0.81328125 0.28671875 0.053125 0.053125
1 0.865625 0.70703125 0.0515625 0.0515625
0 0.6046875 0.6578125 0.0515625 0.0515625
1 0.6015625 0.290625 0.053125 0.0515625
1 0.65546875 0.8671875 0.0515625 0.05234375
1 0.1796875 0.45 0.053125 0.053125
1 0.8140625 0.65625 0.053125 0.05390625
1 0.38984375 0.1859375 0.05390625 0.05390625
1 0.17890625 0.29375 0.05546875 0.05625
1 0.759375 0.3921875 0.05390625 0.05234375
0 0.865625 0.8109375 0.05 0.0515625
1 0.33828125 0.18671875 0.0546875 0.05390625
0 0.65546875 0.2890625 0.0515625 0.05
1 0.865625 0.2875 0.05234375 0.0546875
1 0.6015625 0.86640625 0.05078125 0.0515625
0 0.8671875 0.6546875 0.05078125 0.05078125
0 0.4453125 0.290625 0.05234375 0.05234375
1 0.6546875 0.340625 0.053125 0.053125
0 0.815625 0.44453125 0.0515625 0.04921875
1 0.865625 0.4453125 0.0515625 0.053125
0 0.76171875 0.28828125 0.0515625 0.0515625
0 0.76171875 0.865625 0.0515625 0.05078125
0 0.28671875 0.45 0.05234375 0.0515625
1 0.55078125 0.86640625 0.0515625 0.05078125
0 0.91875 0.7078125 0.05 0.05078125
1 0.8140625 0.8109375 0.05390625 0.053125
1 0.6015625 0.184375 0.05390625 0.05390625
1 0.5484375 0.23671875 0.05234375 0.0515625
1 0.76015625 0.3390625 0.0515625 0.05078125
0 0.3390625 0.2921875 0.05234375 0.05234375
0 0.128125 0.5578125 0.0515625 0.05234375
1 0.23203125 0.2921875 0.0546875 0.05546875
0 0.234375 0.34609375 0.053125 0.05234375
0 0.8140625 0.8640625 0.05078125 0.05078125
0 0.91796875 0.759375 0.04921875 0.0515625
1 0.12734375 0.4 0.05625 0.05546875
0 0.709375 0.2359375 0.05234375 0.0515625
0 0.86640625 0.39296875 0.0515625 0.0515625
0 0.28828125 0.76640625 0.0515625 0.05
1 0.4953125 0.18515625 0.05234375 0.05390625
0 0.8140625 0.340625 0.05078125 0.04921875
1 0.70859375 0.4984375 0.05390625 0.05234375
1 0.7078125 0.865625 0.0515625 0.0515625
1 0.8125 0.23515625 0.053125 0.053125
0 0.65546875 0.2359375 0.05234375 0.0515625
0 0.34140625 0.76640625 0.0515625 0.05
1 0.9171875 0.33984375 0.053125 0.05546875
0 0.91875 0.4453125 0.05078125 0.04921875
1 0.49609375 0.34296875 0.05234375 0.053125
1 0.1265625 0.50625 0.05234375 0.05546875
1 0.86484375 0.86328125 0.053125 0.053125
1 0.865625 0.234375 0.053125 0.053125
1 0.23203125 0.18671875 0.05390625 0.05234375
1 0.7609375 0.13046875 0.0546875 0.053125
0 0.91875 0.39296875 0.05078125 0.0515625
1 0.6015625 0.13125 0.053125 0.05234375
1 0.9171875 0.234375 0.05234375 0.05390625
1 0.390625 0.1328125 0.0546875 0.053125
0 0.18046875 0.34609375 0.0515625 0.0515625
0 0.128125 0.6109375 0.0515625 0.05078125
0 0.49765625 0.28984375 0.0515625 0.05234375
1 0.865625 0.1828125 0.05390625 0.05390625
0 0.86640625 0.340625 0.05 0.0515625
0 0.65546875 0.18515625 0.05234375 0.053125
1 0.8125 0.1296875 0.053125 0.0546875
1 0.1265625 0.3453125 0.0546875 0.053125
1 0.284375 0.13359375 0.0546875 0.053125
0 0.7078125 0.13046875 0.05078125 0.05234375
1 0.5484375 0.13046875 0.05234375 0.05078125
0 0.91875 0.65546875 0.05 0.05078125
0 0.7625 0.23515625 0.05234375 0.0515625
0 0.28515625 0.2390625 0.0515625 0.05078125
0 0.44375 0.1328125 0.05234375 0.05234375
1 0.9171875 0.86328125 0.05234375 0.053125
0 0.33828125 0.1328125 0.053125 0.05234375
0 0.86640625 0.603125 0.0515625 0.05078125
0 0.496875 0.13203125 0.05234375 0.0515625
0 0.815625 0.603125 0.05234375 0.0515625
0 0.6546875 0.13125 0.0515625 0.05234375
1 0.865625 0.1296875 0.053125 0.0546875
1 0.2828125 0.08046875 0.05390625 0.053125
0 0.81484375 0.18203125 0.053125 0.05234375
1 0.81328125 0.0765625 0.05390625 0.053125
0 0.7625 0.1828125 0.053125 0.05234375
1 0.65546875 0.07734375 0.0546875 0.053125
0 0.2859375 0.1859375 0.0515625 0.0515625
0 0.390625 0.0796875 0.05078125 0.05078125
0 0.23359375 0.2390625 0.05234375 0.0515625
1 0.96953125 0.28515625 0.053125 0.05390625
0 0.33828125 0.08046875 0.053125 0.0515625
0 0.709375 0.07734375 0.05234375 0.05234375
0 0.76171875 0.07734375 0.05234375 0.0515625
1 0.1265625 0.240625 0.05625 0.0546875
0 0.13046875 0.7671875 0.05078125 0.05078125
0 0.5484375 0.078125 0.0515625 0.0515625
0 0.446875 0.92109375 0.05078125 0.05
0 0.97109375 0.234375 0.05234375 0.05390625
0 0.9703125 0.3921875 0.05 0.05234375
0 0.60234375 0.07734375 0.0515625 0.0515625
1 0.496875 0.92109375 0.05234375 0.05234375
1 0.9171875 0.07421875 0.05234375 0.053125
1 0.65546875 0.91875 0.05234375 0.05234375
0 0.86640625 0.915625 0.05 0.05
1 0.178125 0.134375 0.0515625 0.05234375
1 0.915625 0.915625 0.05234375 0.05234375
0 0.9703125 0.18203125 0.05234375 0.05234375
0 0.1828125 0.871875 0.05078125 0.05
0 0.97109375 0.12890625 0.0515625 0.05390625
1 0.9703125 0.075 0.05078125 0.0546875
1 0.2828125 0.028125 0.05390625 0.0515625
0 0.3375 0.0265625 0.05234375 0.05
1 0.8125 0.02421875 0.053125 0.0484375
0 0.86640625 0.02421875 0.05234375 0.0484375
0 0.44375 0.0265625 0.053125 0.05078125
0 0.81328125 0.915625 0.04921875 0.05234375