0 0.43671875 0.50390625 0.046875 0.0421875
1 0.5359375 0.50234375 0.04921875 0.0421875
1 0.62421875 0.42265625 0.05 0.04375
0 0.5671875 0.2875 0.05078125 0.04609375
1 0.5796875 0.459375 0.05 0.0453125
1 0.44453125 0.546875 0.05078125 0.04140625
0 0.53046875 0.31953125 0.05 0.04453125
0 0.6125 0.2703125 0.0515625 0.04375
1 0.7359375 0.3109375 0.05078125 0.046875
0 0.29453125 0.53828125 0.05078125 0.04375
1 0.4859375 0.5078125 0.05 0.0453125
1 0.68828125 0.31640625 0.0484375 0.046875
0 0.38359375 0.5453125 0.05078125 0.04375
1 0.4453125 0.684375 0.04921875 0.04375
0 0.14921875 0.5359375 0.05 0.04453125
0 0.20390625 0.50625 0.05078125 0.04375
1 0.771875 0.26953125 0.04921875 0.04453125
0 0.33359375 0.58671875 0.05 0.04375
0 0.67578125 0.27109375 0.05 0.04453125
0 0.096875 0.5453125 0.05 0.04453125
1 0.6265625 0.3109375 0.0515625 0.0421875
0 0.5765625 0.4140625 0.04765625 0.04296875
0 0.53046875 0.403125 0.05 0.04453125
0 0.2046875 0.55 0.0515625 0.04453125
0 0.721875 0.26484375 0.05078125 0.0453125
0 0.53046875 0.4578125 0.05 0.04453125
0 0.47734375 0.3671875 0.04921875 0.04375
0 0.25078125 0.634375 0.05 0.04375
1 0.06328125 0.675 0.04765625 0.04296875
1 0.525 0.36171875 0.0484375 0.04375
0 0.04921875 0.5390625 0.05 0.04609375
1 0.11171875 0.7375 0.05 0.04453125
1 0.153125 0.68671875 0.04921875 0.04609375
0 0.721875 0.13046875 0.05234375 0.0453125
1 0.575 0.37109375 0.0515625 0.04453125
1 0.821875 0.2640625 0.05 0.04453125
0 0.196875 0.59921875 0.05078125 0.04453125
1 0.396875 0.73359375 0.05078125 0.0421875
0 0.67109375 0.12734375 0.0515625 0.0453125
0 0.14765625 0.6015625 0.05078125 0.04609375
1 0.78203125 0.2203125 0.04921875 0.04140625
0 0.10703125 0.63984375 0.04765625 0.04453125
1 0.77109375 0.16484375 0.05078125 0.04296875
0 0.34375 0.684375 0.05234375 0.046875
1 0.20234375 0.6421875 0.0484375 0.04296875
1 0.57890625 0.328125 0.05078125 0.040625
0 0.35 0.6375 0.05234375 0.04609375
0 0.30078125 0.6390625 0.04921875 0.04375
0 0.721875 0.17578125 0.053125 0.0453125
1 0.07421875 0.78046875 0.0484375 0.04453125
1 0.3921875 0.7796875 0.05 0.04375
0 0.72890625 0.2203125 0.053125 0.046875
1 0.42578125 0.82734375 0.04921875 0.0421875
1 0.1546875 0.64375 0.0484375 0.04375
0 0.39765625 0.6421875 0.0484375 0.04375
1 0.16328125 0.778125 0.05 0.04375
1 0.39609375 0.6921875 0.05078125 0.04140625
1 0.38125 0.8203125 0.04765625 0.04296875
1 0.16015625 0.82109375 0.04921875 0.0453125
1 0.1125 0.82421875 0.04921875 0.04375
0 0.2015625 0.6828125 0.0515625 0.04453125
1 0.4390625 0.6 0.05234375 0.04296875
1 0.10078125 0.5921875 0.04765625 0.04453125
1 0.7734375 0.11953125 0.05078125 0.04140625
1 0.4359375 0.86875 0.0484375 0.04375
1 0.06015625 0.63203125 0.046875 0.0421875
0 0.1625 0.73515625 0.04921875 0.04375
0 0.6671875 0.07890625 0.0515625 0.04609375
0 0.33359375 0.81953125 0.05 0.04453125
1 0.05390625 0.5875 0.046875 0.04296875
0 0.2109375 0.771875 0.0515625 0.04375
0 0.33828125 0.72734375 0.05234375 0.0453125
1 0.4453125 0.640625 0.04921875 0.04140625
1 0.11484375 0.87109375 0.04921875 0.04375
0 0.34296875 0.8703125 0.04921875 0.04375
0 0.209375 0.725 0.0515625 0.04453125
0 0.3890625 0.86171875 0.04921875 0.04296875
1 0.73203125 0.08203125 0.04921875 0.04765625
0 0.3375 0.76875 0.05078125 0.04296875
1 0.45 0.9078125 0.04609375 0.040625
0 0.1640625 0.86796875 0.0484375 0.0421875
1 0.8296875 0.08125 0.05078125 0.0453125
0 0.20859375 0.81328125 0.05078125 0.04375
1 0.065625 0.86875 0.04765625 0.040625
1 0.7796875 0.0734375 0.05 0.0453125
1 0.07421875 0.90859375 0.04921875 0.04140625
0 0.2140625 0.8546875 0.04921875 0.0421875
0 0.40234375 0.91328125 0.0484375 0.04140625
0 0.1234375 0.91171875 0.0484375 0.04140625
0 0.34765625 0.9125 0.04921875 0.0421875
0 0.17578125 0.9078125 0.04921875 0.04140625