0 0.15703125 0.771875 0.05078125 0.04921875
1 0.03203125 0.28671875 0.05390625 0.0515625
1 0.03203125 0.23828125 0.05390625 0.05078125
1 0.03671875 0.1828125 0.0546875 0.05234375
0 0.196875 0.45390625 0.0515625 0.04921875
0 0.30078125 0.76484375 0.05390625 0.05078125
1 0.084375 0.23984375 0.05390625 0.05234375
1 0.19140625 0.2421875 0.0515625 0.05
1 0.134375 0.23203125 0.05390625 0.0515625
0 0.25234375 0.82109375 0.05234375 0.05
1 0.77421875 0.45390625 0.05390625 0.05078125
1 0.6125 0.55 0.05234375 0.05
1 0.034375 0.1265625 0.05390625 0.0515625
0 0.87578125 0.7671875 0.053125 0.0484375
0 0.87265625 0.715625 0.053125 0.0515625
0 0.34765625 0.72265625 0.053125 0.05078125
0 0.8734375 0.6125 0.05390625 0.05078125
1 0.08671875 0.13359375 0.0546875 0.05234375
1 0.8734375 0.66484375 0.05390625 0.0515625
1 0.35703125 0.29609375 0.0515625 0.05
1 0.13828125 0.1375 0.053125 0.05078125
0 0.0421875 0.34140625 0.05390625 0.05078125
1 0.56875 0.1890625 0.05234375 0.04921875
0 0.346875 0.66171875 0.053125 0.04921875
0 0.40546875 0.81328125 0.053125 0.05
1 0.71640625 0.4453125 0.053125 0.05
1 0.18828125 0.13359375 0.0515625 0.05078125
1 0.509375 0.18828125 0.05234375 0.04921875
0 0.303125 0.81953125 0.053125 0.05078125
0 0.40234375 0.91953125 0.05390625 0.05234375
1 0.36015625 0.40625 0.05234375 0.05078125
1 0.45859375 0.5546875 0.0515625 0.05
0 0.3484375 0.86640625 0.0515625 0.05
1 0.7625 0.6625 0.053125 0.0515625
0 0.0921875 0.340625 0.053125 0.05
1 0.41171875 0.45078125 0.0515625 0.05
1 0.81875 0.8609375 0.05390625 0.05078125
1 0.4109375 0.18125 0.053125 0.05078125
1 0.0875 0.0859375 0.0546875 0.0515625
1 0.81953125 0.915625 0.053125 0.0515625
1 0.1890625 0.08203125 0.053125 0.0515625
1 0.4078125 0.61015625 0.053125 0.05234375
0 0.7140625 0.49140625 0.05390625 0.04921875
0 0.35625 0.6125 0.05390625 0.05078125
1 0.66484375 0.446875 0.05390625 0.05
1 0.609375 0.49609375 0.05234375 0.05078125
1 0.4625 0.50703125 0.05078125 0.05
0 0.39921875 0.6609375 0.0515625 0.04921875
1 0.40859375 0.2921875 0.053125 0.05
0 0.30703125 0.45234375 0.0515625 0.04765625
1 0.4125 0.50859375 0.05078125 0.05078125
1 0.815625 0.61640625 0.053125 0.05078125
0 0.56171875 0.50859375 0.0515625 0.0484375
1 0.7640625 0.81953125 0.0546875 0.05078125
1 0.81484375 0.71796875 0.053125 0.05078125
0 0.66328125 0.49296875 0.05390625 0.04921875
1 0.8140625 0.8140625 0.053125 0.05
1 0.4578125 0.61015625 0.0515625 0.0515625
0 0.40078125 0.8640625 0.05390625 0.0515625
0 0.453125 0.971875 0.053125 0.05078125
1 0.29609375 0.07890625 0.053125 0.05
1 0.7140625 0.9109375 0.05390625 0.0515625
1 0.81796875 0.76640625 0.05390625 0.05078125
0 0.7640625 0.71796875 0.05234375 0.05
0 0.39921875 0.5578125 0.05234375 0.05
0 0.72109375 0.96953125 0.0546875 0.05078125
0 0.34921875 0.553125 0.053125 0.04921875
0 0.1984375 0.29296875 0.053125 0.05
1 0.45859375 0.13046875 0.05234375 0.04921875
1 0.41171875 0.403125 0.05234375 0.0515625
1 0.45390625 0.66796875 0.053125 0.0515625
1 0.6140625 0.2421875 0.053125 0.05078125
1 0.61484375 0.2953125 0.05390625 0.0515625
0 0.51171875 0.5078125 0.0515625 0.04765625
1 0.40546875 0.24375 0.053125 0.05078125
1 0.615625 0.4 0.053125 0.05
1 0.66171875 0.34921875 0.0515625 0.05
0 0.71328125 0.71171875 0.05234375 0.05078125
0 0.3046875 0.4015625 0.05234375 0.04921875
0 0.08671875 0.29296875 0.053125 0.05078125
1 0.665625 0.66484375 0.05390625 0.05234375
1 0.50546875 0.665625 0.053125 0.0515625
0 0.13984375 0.2953125 0.05390625 0.04921875
1 0.41171875 0.35234375 0.05234375 0.05078125
0 0.7234375 0.396875 0.05390625 0.0515625
0 0.61015625 0.9734375 0.05390625 0.0515625
1 0.56015625 0.9171875 0.05234375 0.05078125
0 0.3046875 0.2984375 0.053125 0.05
0 0.7640625 0.7703125 0.0515625 0.05
0 0.4578125 0.7625 0.0546875 0.04921875
1 0.71171875 0.8609375 0.05390625 0.04921875
0 0.61015625 0.446875 0.0515625 0.04921875
0 0.35859375 0.353125 0.05234375 0.05078125
0 0.3625 0.50703125 0.053125 0.04921875
1 0.56328125 0.30234375 0.053125 0.05078125
1 0.190625 0.028125 0.0546875 0.0515625
0 0.30234375 0.35 0.053125 0.05
1 0.525 0.61875 0.0515625 0.05234375
1 0.775 0.971875 0.05546875 0.05078125
1 0.246875 0.0296875 0.053125 0.05078125
1 0.8265625 0.96875 0.05234375 0.0515625
0 0.50859375 0.91796875 0.053125 0.05078125
1 0.7140625 0.7625 0.053125 0.0515625
1 0.51484375 0.08125 0.05234375 0.04921875
0 0.246875 0.25 0.053125 0.05078125
1 0.6109375 0.81171875 0.05234375 0.0515625
0 0.5515625 0.975 0.053125 0.05
1 0.5109375 0.30546875 0.05390625 0.0515625
1 0.5125 0.71796875 0.05390625 0.0515625
0 0.5109375 0.45234375 0.0515625 0.04765625
1 0.4 0.07890625 0.053125 0.04921875
0 0.3609375 0.453125 0.05234375 0.05
0 0.66328125 0.715625 0.05078125 0.05
0 0.459375 0.7140625 0.05234375 0.04921875
1 0.61484375 0.7640625 0.053125 0.0515625
1 0.57421875 0.140625 0.053125 0.04921875
1 0.56328125 0.66328125 0.053125 0.0515625
1 0.6125 0.66640625 0.05234375 0.0515625
1 0.4609375 0.35703125 0.05234375 0.05078125
1 0.46171875 0.4046875 0.05234375 0.05078125
1 0.6125 0.353125 0.05234375 0.05078125
1 0.6140625 0.71484375 0.05234375 0.05078125
0 0.65546875 0.9140625 0.053125 0.04921875
1 0.66484375 0.7703125 0.05234375 0.05
1 0.35234375 0.03203125 0.05234375 0.05
0 0.671875 0.3984375 0.05390625 0.05
0 0.46171875 0.45234375 0.05234375 0.0484375
0 0.50703125 0.76640625 0.05234375 0.05078125
1 0.45625 0.08203125 0.053125 0.04921875
1 0.51171875 0.353125 0.05234375 0.05
1 0.82890625 0.190625 0.05234375 0.04921875
0 0.56171875 0.40078125 0.05234375 0.04765625
1 0.1515625 0.878125 0.053125 0.05078125
0 0.71171875 0.8125 0.05234375 0.04921875
0 0.3546875 0.24609375 0.05390625 0.05
0 0.5109375 0.39921875 0.053125 0.04921875
1 0.303125 0.025 0.053125 0.04921875
0 0.509375 0.81484375 0.053125 0.05078125
0 0.5609375 0.34921875 0.05234375 0.04921875
0 0.09375 0.18203125 0.0546875 0.05234375
0 0.6625 0.8171875 0.05390625 0.05
0 0.56328125 0.71328125 0.0515625 0.05
0 0.25 0.18671875 0.053125 0.05078125
0 0.146875 0.184375 0.05546875 0.05234375
0 0.5078125 0.8640625 0.053125 0.05078125
0 0.5578125 0.86796875 0.0515625 0.04921875
0 0.5640625 0.7625 0.05234375 0.05
0 0.19609375 0.18984375 0.053125 0.0515625
0 0.09296875 0.034375 0.05390625 0.053125
0 0.60703125 0.8640625 0.053125 0.05
0 0.359375 0.18984375 0.053125 0.05078125
0 0.65859375 0.865625 0.05234375 0.05
0 0.5609375 0.81015625 0.0515625 0.05
0 0.24375 0.084375 0.05546875 0.0515625
0 0.4046875 0.12734375 0.05390625 0.0515625
0 0.23984375 0.134375 0.0546875 0.05234375
0 0.2953125 0.1328125 0.05390625 0.0515625
0 0.3515625 0.1359375 0.0546875 0.0515625
0 0.3484375 0.08515625 0.0546875 0.05