1 0.48671875 0.340625 0.05 0.05
0 0.55 0.38046875 0.05234375 0.0515625
1 0.5421875 0.32734375 0.05234375 0.0546875
0 0.6 0.3921875 0.0515625 0.0515625
0 0.70859375 0.340625 0.0515625 0.0515625
0 0.54453125 0.44375 0.05234375 0.0515625
0 0.65703125 0.3453125 0.05390625 0.0515625
1 0.60234375 0.3328125 0.053125 0.05234375
0 0.7671875 0.334375 0.053125 0.0515625
0 0.75546875 0.39765625 0.053125 0.05078125
1 0.49296875 0.39609375 0.053125 0.0515625
0 0.6515625 0.39453125 0.05234375 0.0515625
1 0.6953125 0.23046875 0.05390625 0.05234375
0 0.81640625 0.48671875 0.053125 0.05078125
0 0.64921875 0.49375 0.053125 0.05078125
0 0.76796875 0.27890625 0.05234375 0.0515625
1 0.75625 0.2265625 0.05390625 0.053125
0 0.7578125 0.4484375 0.05390625 0.05234375
0 0.82734375 0.3296875 0.05234375 0.05078125
1 0.70546875 0.28125 0.05390625 0.053125
1 0.8125 0.38359375 0.053125 0.05234375
1 0.49375 0.446875 0.05390625 0.0515625
1 0.703125 0.39921875 0.05234375 0.05078125
0 0.48671875 0.496875 0.05234375 0.05078125
0 0.54375 0.5515625 0.05234375 0.05
1 0.59453125 0.45234375 0.05234375 0.05234375
1 0.6453125 0.4453125 0.0515625 0.05234375
1 0.5484375 0.49609375 0.05234375 0.05234375
0 0.70546875 0.55234375 0.05234375 0.05
0 0.65234375 0.55 0.0515625 0.0484375
1 0.75546875 0.4984375 0.053125 0.05078125
1 0.7 0.44921875 0.053125 0.05234375
0 0.59453125 0.55546875 0.05078125 0.04921875
0 0.8703125 0.55078125 0.053125 0.05078125
1 0.8171875 0.54765625 0.05078125 0.05234375
1 0.7 0.5015625 0.053125 0.05078125
1 0.5984375 0.5046875 0.0515625 0.0515625
1 0.76328125 0.55 0.053125 0.05234375
0 0.8265625 0.60546875 0.0515625 0.05
0 0.77421875 0.6078125 0.053125 0.05078125