1 0.24296875 0.5375 0.06875 0.05234375
1 0.46015625 0.559375 0.07109375 0.05390625
1 0.32734375 0.58203125 0.06953125 0.05234375
1 0.39296875 0.5125 0.06953125 0.05234375
1 0.303125 0.4703125 0.06640625 0.0515625
1 0.16796875 0.3703125 0.0640625 0.04921875
1 0.615625 0.559375 0.07421875 0.053125
1 0.52421875 0.46484375 0.06953125 0.053125
1 0.37734375 0.41328125 0.0703125 0.05078125
1 0.6171875 0.5078125 0.0734375 0.05234375
1 0.64921875 0.35625 0.06875 0.05
1 0.23046875 0.36953125 0.06484375 0.0484375
1 0.63203125 0.6109375 0.0734375 0.0546875
1 0.5765625 0.4015625 0.0703125 0.05
1 0.096875 0.32109375 0.06171875 0.0484375
1 0.29453125 0.3671875 0.065625 0.04921875
1 0.45 0.459375 0.06875 0.05234375
1 0.5921875 0.46015625 0.0703125 0.0515625
1 0.82890625 0.18984375 0.06953125 0.04765625
1 0.23125 0.21484375 0.0625 0.0453125
1 0.5640625 0.2421875 0.0640625 0.046875
1 0.165625 0.321875 0.06328125 0.04765625
1 0.70234375 0.2484375 0.0671875 0.04765625
1 0.7484375 0.20078125 0.07109375 0.046875
1 0.36484375 0.36640625 0.0671875 0.04765625
1 0.65859375 0.3046875 0.06796875 0.04921875
1 0.2390625 0.3234375 0.06328125 0.046875
1 0.0953125 0.13046875 0.0578125 0.04453125
1 0.3 0.309375 0.06328125 0.04765625
1 0.6359375 0.25 0.0671875 0.0484375
1 0.15390625 0.13046875 0.059375 0.04453125
1 0.74296875 0.15390625 0.06796875 0.0453125
1 0.88515625 0.140625 0.06953125 0.04765625
1 0.221875 0.1671875 0.0625 0.0453125
1 0.3625 0.31875 0.065625 0.046875
1 0.5328125 0.1078125 0.06171875 0.04453125
1 0.6140625 0.20390625 0.06640625 0.046875
1 0.2171875 0.12421875 0.0609375 0.0421875
1 0.5953125 0.11328125 0.06328125 0.0453125
1 0.6109375 0.15859375 0.06484375 0.04296875
0 0.3453125 0.1265625 0.0609375 0.04453125