0 0.44609375 0.70234375 0.0484375 0.053125
1 0.23984375 0.5515625 0.05078125 0.0515625
0 0.38671875 0.80859375 0.05 0.0515625
1 0.59296875 0.5546875 0.0515625 0.053125
1 0.39296875 0.28828125 0.05078125 0.053125
1 0.5265625 0.540625 0.05 0.05234375
0 0.3875 0.60234375 0.04921875 0.05078125
1 0.1328125 0.55546875 0.04921875 0.0515625
1 0.23515625 0.49140625 0.05 0.05234375
1 0.23203125 0.26328125 0.05 0.053125
1 0.79609375 0.49140625 0.05078125 0.053125
1 0.28203125 0.2515625 0.05 0.05390625
1 0.69453125 0.44765625 0.04921875 0.053125
1 0.746875 0.440625 0.05078125 0.053125
0 0.1859375 0.81953125 0.05078125 0.0515625
1 0.39765625 0.5015625 0.05 0.05234375
1 0.18828125 0.45390625 0.05078125 0.053125
1 0.534375 0.4484375 0.05078125 0.05390625
0 0.49296875 0.86640625 0.05 0.05078125
1 0.128125 0.2078125 0.05 0.053125
1 0.49609375 0.24921875 0.05 0.053125
1 0.08046875 0.20234375 0.05 0.05390625
1 0.85078125 0.76640625 0.053125 0.05390625
1 0.140625 0.5046875 0.05 0.0515625
1 0.80234375 0.3890625 0.05234375 0.053125
1 0.7390625 0.88828125 0.05234375 0.05390625
1 0.85078125 0.18984375 0.05078125 0.05390625
1 0.7359375 0.77421875 0.05234375 0.05390625
1 0.79609375 0.815625 0.0515625 0.05390625
0 0.6 0.5015625 0.05078125 0.05234375
0 0.2875 0.8609375 0.04921875 0.0515625
1 0.1859375 0.19765625 0.05 0.053125
0 0.63984375 0.24375 0.05078125 0.05234375
1 0.43671875 0.1828125 0.04921875 0.05234375
1 0.53828125 0.75703125 0.05 0.05546875
1 0.134375 0.39609375 0.05 0.053125
0 0.68125 0.12890625 0.05078125 0.053125
1 0.58125 0.8796875 0.04921875 0.05234375
1 0.79765625 0.18359375 0.05078125 0.05390625
1 0.2828125 0.1953125 0.05 0.053125
1 0.08515625 0.3953125 0.04921875 0.0546875
1 0.85390625 0.2953125 0.053125 0.0546875
1 0.18671875 0.4015625 0.05078125 0.053125
1 0.584375 0.38828125 0.05 0.05234375
0 0.1328125 0.33828125 0.04921875 0.05078125
0 0.79140625 0.871875 0.05078125 0.053125
0 0.38125 0.2375 0.05078125 0.05390625
0 0.73828125 0.33203125 0.0515625 0.0515625
0 0.68125 0.39140625 0.04921875 0.0515625
0 0.53828125 0.1859375 0.04921875 0.0515625
0 0.8625 0.8328125 0.05 0.05234375
0 0.18359375 0.6078125 0.0515625 0.0515625
1 0.63359375 0.3875 0.05 0.053125
0 0.59921875 0.44375 0.04921875 0.05234375
0 0.17734375 0.659375 0.05 0.05078125
0 0.7359375 0.38515625 0.05 0.0515625
0 0.08671875 0.559375 0.04765625 0.04921875
0 0.91328125 0.81875 0.05390625 0.05546875
0 0.7484375 0.23984375 0.0515625 0.053125
0 0.64765625 0.43984375 0.05 0.053125
0 0.18828125 0.50859375 0.05078125 0.05234375
0 0.48984375 0.18828125 0.05078125 0.05390625
1 0.85 0.1234375 0.0515625 0.053125
0 0.79609375 0.12890625 0.05 0.053125
0 0.1796875 0.5578125 0.0515625 0.05078125
0 0.91484375 0.765625 0.0546875 0.0546875
1 0.9078125 0.71328125 0.05234375 0.05390625
0 0.8015625 0.9328125 0.05078125 0.05234375
1 0.85625 0.70625 0.053125 0.05546875
1 0.0734375 0.15 0.04765625 0.0515625
0 0.13984375 0.453125 0.05 0.0515625
1 0.33828125 0.13828125 0.05 0.05390625
0 0.74609375 0.1859375 0.05078125 0.05234375
0 0.9015625 0.934375 0.05234375 0.053125
0 0.8421875 0.06875 0.0515625 0.0546875
0 0.03828125 0.10390625 0.05078125 0.053125
0 0.0875 0.49765625 0.0484375 0.05078125
1 0.38671875 0.1328125 0.05 0.0546875
0 0.33046875 0.1921875 0.05 0.0515625
0 0.08671875 0.090625 0.05 0.053125
1 0.434375 0.12890625 0.04921875 0.05390625
0 0.28046875 0.14296875 0.05 0.0515625
0 0.3796875 0.18515625 0.05 0.05234375
0 0.234375 0.203125 0.05078125 0.05234375
0 0.09375 0.44609375 0.04921875 0.05078125
0 0.121875 0.1546875 0.04921875 0.0515625
0 0.221875 0.1515625 0.04921875 0.0515625
0 0.175 0.14765625 0.0484375 0.05234375
1 0.90546875 0.0578125 0.053125 0.05546875