0 0.13046875 0.065625 0.04921875 0.0484375
1 0.66328125 0.04765625 0.05 0.0484375
1 0.7578125 0.05390625 0.0515625 0.046875
1 0.503125 0.05625 0.05078125 0.0484375
1 0.03984375 0.1 0.0515625 0.04921875
1 0.1921875 0.109375 0.05234375 0.0484375
1 0.29921875 0.0671875 0.05078125 0.04765625
1 0.040625 0.20390625 0.053125 0.05078125
1 0.9234375 0.15859375 0.053125 0.04921875
1 0.709375 0.065625 0.05078125 0.046875
1 0.1984375 0.16015625 0.05234375 0.0484375
1 0.759375 0.103125 0.0515625 0.04453125
1 0.09609375 0.159375 0.0515625 0.04921875
1 0.55390625 0.1125 0.05 0.046875
1 0.6609375 0.11171875 0.05078125 0.046875
1 0.35703125 0.11015625 0.053125 0.046875
1 0.97421875 0.1203125 0.0515625 0.046875
1 0.86796875 0.10546875 0.053125 0.04765625
1 0.44375 0.10859375 0.05078125 0.04765625
0 0.18125 0.0625 0.04921875 0.04765625
1 0.14609375 0.20703125 0.0515625 0.0484375
1 0.5046875 0.175 0.0515625 0.04921875
1 0.55390625 0.16796875 0.05 0.0484375
1 0.24140625 0.20390625 0.053125 0.046875
1 0.75859375 0.14921875 0.053125 0.04765625
1 0.35625 0.2 0.05234375 0.0484375
1 0.70625 0.165625 0.05078125 0.046875
1 0.03984375 0.25625 0.05234375 0.05078125
1 0.0828125 0.446875 0.05234375 0.04765625
1 0.1875 0.43359375 0.05078125 0.04609375
1 0.7515625 0.20390625 0.05234375 0.046875
1 0.653125 0.21015625 0.05078125 0.04609375
1 0.296875 0.2125 0.05078125 0.04609375
0 0.090625 0.1046875 0.0515625 0.05
0 0.35 0.06171875 0.05 0.046875
1 0.23984375 0.2484375 0.0515625 0.04765625
1 0.134375 0.44375 0.05234375 0.04765625
1 0.19609375 0.2921875 0.05 0.04765625
1 0.2484375 0.30078125 0.05 0.04765625
1 0.03515625 0.30546875 0.0515625 0.04921875
1 0.60078125 0.22109375 0.05 0.04609375
1 0.140625 0.2546875 0.05078125 0.04765625
0 0.8078125 0.065625 0.05078125 0.046875
1 0.40546875 0.25234375 0.05078125 0.04765625
1 0.7125 0.29921875 0.05078125 0.0453125
1 0.91953125 0.40234375 0.0515625 0.046875
1 0.090625 0.25625 0.05078125 0.04921875
1 0.55703125 0.25625 0.05 0.0453125
1 0.65703125 0.303125 0.0515625 0.04765625
1 0.50625 0.2671875 0.05078125 0.04765625
1 0.76328125 0.30234375 0.05 0.04765625
1 0.45546875 0.26015625 0.05078125 0.0484375
0 0.43671875 0.06328125 0.05078125 0.046875
1 0.43984375 0.3140625 0.05078125 0.0453125
1 0.07890625 0.49140625 0.053125 0.04765625
1 0.91484375 0.44765625 0.0515625 0.046875
1 0.54765625 0.50234375 0.0515625 0.046875
1 0.9703125 0.45078125 0.053125 0.04765625
1 0.5515625 0.3015625 0.05234375 0.04765625
1 0.709375 0.34375 0.05078125 0.04765625
1 0.13203125 0.54375 0.05234375 0.046875
1 0.81171875 0.45 0.05078125 0.046875
1 0.6078125 0.40390625 0.053125 0.0484375
1 0.196875 0.58984375 0.05234375 0.046875
1 0.55859375 0.4 0.0515625 0.046875
1 0.13828125 0.590625 0.053125 0.04765625
0 0.8109375 0.1140625 0.05078125 0.0453125
1 0.82578125 0.49921875 0.0515625 0.0484375
1 0.45234375 0.40625 0.05234375 0.0453125
1 0.92109375 0.5484375 0.05234375 0.04765625
1 0.4 0.50078125 0.05234375 0.04609375
1 0.6578125 0.39765625 0.0515625 0.046875
1 0.96015625 0.6 0.05390625 0.04921875
1 0.45703125 0.50078125 0.0515625 0.04609375
1 0.6546875 0.25546875 0.05 0.0453125
1 0.8765625 0.49765625 0.05078125 0.0484375
1 0.54609375 0.5515625 0.05078125 0.04609375
1 0.60234375 0.446875 0.0515625 0.0453125
1 0.92890625 0.4984375 0.05234375 0.0484375
1 0.759375 0.4515625 0.05390625 0.046875
1 0.71015625 0.59609375 0.05078125 0.046875
1 0.1921875 0.6828125 0.05234375 0.046875
1 0.07890625 0.5875 0.053125 0.0484375
1 0.140625 0.640625 0.05234375 0.04921875
0 0.1421875 0.1109375 0.0515625 0.0484375
1 0.403125 0.59140625 0.05234375 0.046875
1 0.8609375 0.5921875 0.05234375 0.04765625
1 0.91796875 0.64140625 0.05234375 0.0484375
0 0.2484375 0.11015625 0.05 0.04609375
0 0.92265625 0.0640625 0.053125 0.04609375
1 0.45546875 0.45078125 0.0515625 0.04609375
1 0.509375 0.44921875 0.05234375 0.04609375
1 0.9703125 0.69609375 0.053125 0.05
1 0.4015625 0.6421875 0.0515625 0.04765625
1 0.65546875 0.5984375 0.0515625 0.046875
1 0.5 0.58984375 0.05078125 0.0453125
1 0.23984375 0.64375 0.05078125 0.046875
1 0.14140625 0.6890625 0.05234375 0.04765625
1 0.09140625 0.784375 0.05390625 0.04921875
1 0.6546875 0.64375 0.05078125 0.046875
1 0.18046875 0.7828125 0.05234375 0.04765625
1 0.4 0.68828125 0.053125 0.04765625
0 0.18984375 0.24609375 0.04921875 0.04453125
1 0.409375 0.5453125 0.0515625 0.04609375
1 0.340625 0.6390625 0.05078125 0.046875
1 0.290625 0.734375 0.0515625 0.0484375
1 0.7625 0.696875 0.0515625 0.04765625
1 0.5109375 0.6921875 0.05234375 0.04765625
1 0.6 0.60078125 0.05 0.0453125
1 0.40546875 0.784375 0.05234375 0.046875
0 0.9703125 0.35 0.0515625 0.046875
1 0.4515625 0.646875 0.05 0.0453125
1 0.56171875 0.69296875 0.05078125 0.04765625
1 0.2859375 0.7921875 0.05234375 0.04765625
1 0.2890625 0.6421875 0.05 0.04765625
1 0.6109375 0.6921875 0.05 0.046875
1 0.7140625 0.68828125 0.05078125 0.046875
1 0.753125 0.74140625 0.05234375 0.046875
1 0.34140625 0.7359375 0.05078125 0.046875
0 0.81171875 0.21171875 0.05234375 0.046875
0 0.8109375 0.1609375 0.0515625 0.046875
1 0.6609375 0.69140625 0.0515625 0.046875
1 0.65390625 0.740625 0.0515625 0.046875
0 0.91796875 0.20625 0.053125 0.04609375
1 0.928125 0.83984375 0.05390625 0.0484375
0 0.346875 0.25234375 0.04921875 0.04453125
0 0.97265625 0.1671875 0.0515625 0.0484375
0 0.1359375 0.39609375 0.05078125 0.046875
0 0.2890625 0.2578125 0.05 0.0453125
0 0.0875 0.353125 0.05078125 0.046875
1 0.14765625 0.8421875 0.05390625 0.04765625
0 0.91484375 0.353125 0.05078125 0.04765625
1 0.503125 0.78203125 0.0515625 0.0453125
1 0.40234375 0.83984375 0.053125 0.04765625
0 0.02734375 0.353125 0.05 0.04609375
1 0.97578125 0.78984375 0.0484375 0.04765625
1 0.2421875 0.8390625 0.053125 0.04921875
0 0.075 0.54140625 0.0515625 0.04609375
0 0.03828125 0.6390625 0.0515625 0.046875
0 0.96953125 0.4046875 0.05078125 0.046875
0 0.865625 0.35078125 0.05 0.046875
0 0.140625 0.29921875 0.05 0.04453125
0 0.0796875 0.69375 0.0515625 0.046875
1 0.6546875 0.7859375 0.0515625 0.046875
0 0.18515625 0.34765625 0.0484375 0.0453125
1 0.553125 0.7828125 0.0515625 0.04609375
0 0.39140625 0.3015625 0.05 0.04453125
0 0.0890625 0.6390625 0.05078125 0.04609375
1 0.91953125 0.89765625 0.05390625 0.05
0 0.8734375 0.2578125 0.053125 0.0453125
0 0.2375 0.34921875 0.04921875 0.0453125
0 0.29921875 0.30390625 0.05 0.0453125
1 0.09140625 0.8359375 0.0546875 0.05
1 0.40625 0.8859375 0.05390625 0.04765625
0 0.815625 0.2625 0.053125 0.04765625
0 0.33984375 0.690625 0.0515625 0.04609375
0 0.24296875 0.4421875 0.05234375 0.0453125
0 0.034375 0.7328125 0.05234375 0.046875
1 0.13984375 0.88828125 0.0546875 0.0484375
0 0.18359375 0.54609375 0.05078125 0.04609375
1 0.190625 0.878125 0.053125 0.04765625
0 0.19296875 0.4984375 0.05 0.04609375
0 0.2546875 0.49375 0.05078125 0.04609375
0 0.2921875 0.403125 0.05 0.04453125
1 0.76328125 0.84453125 0.05234375 0.0484375
0 0.0390625 0.8328125 0.05234375 0.046875
1 0.71328125 0.8453125 0.053125 0.04765625
0 0.34453125 0.49609375 0.05 0.0453125
0 0.34296875 0.3546875 0.05078125 0.04375
0 0.81328125 0.31171875 0.05078125 0.0453125
0 0.9765625 0.49375 0.046875 0.0453125
0 0.3921875 0.34609375 0.05 0.046875
0 0.13984375 0.73671875 0.0515625 0.046875
0 0.23203125 0.73515625 0.05078125 0.0453125
0 0.5953125 0.49375 0.05 0.04453125
0 0.865625 0.45234375 0.05 0.04609375
1 0.09296875 0.928125 0.0546875 0.05
0 0.0890625 0.7359375 0.0515625 0.04765625
0 0.909375 0.68828125 0.0515625 0.046875
0 0.24765625 0.59375 0.0484375 0.04609375
0 0.0890625 0.88125 0.053125 0.04765625
0 0.35 0.5421875 0.05078125 0.046875
0 0.28984375 0.53828125 0.04921875 0.04609375
0 0.8625 0.54375 0.05234375 0.04765625
0 0.7609375 0.5984375 0.04921875 0.0453125
0 0.396875 0.45078125 0.05 0.0453125
0 0.7140625 0.55 0.05 0.04453125
0 0.4546875 0.6921875 0.05078125 0.046875
0 0.771875 0.4953125 0.05078125 0.04453125
0 0.3484375 0.5953125 0.05 0.046875
0 0.76328125 0.4078125 0.05 0.0453125
1 0.14453125 0.93515625 0.05546875 0.046875
0 0.2453125 0.8890625 0.0515625 0.04765625
0 0.60703125 0.55 0.05 0.0453125
0 0.9671875 0.746875 0.05234375 0.04921875
1 0.0328125 0.934375 0.053125 0.0484375
0 0.29296875 0.8375 0.05078125 0.046875
0 0.40078125 0.4 0.05078125 0.04609375
0 0.8578125 0.646875 0.053125 0.04453125
0 0.6625 0.55390625 0.0515625 0.0453125
0 0.3515625 0.840625 0.0515625 0.046875
0 0.5078125 0.40078125 0.0484375 0.046875
0 0.34453125 0.784375 0.05234375 0.04609375
1 0.8609375 0.946875 0.053125 0.05
0 0.809375 0.54765625 0.05078125 0.04375
0 0.6515625 0.44609375 0.04921875 0.04609375
0 0.81171875 0.896875 0.05234375 0.04765625
0 0.296875 0.59765625 0.05078125 0.0453125
0 0.4546875 0.878125 0.05 0.04609375
0 0.7625 0.6453125 0.04921875 0.0453125
0 0.59765625 0.88828125 0.05078125 0.04609375
0 0.353125 0.88515625 0.05234375 0.04765625
0 0.86640625 0.896875 0.05234375 0.0484375
0 0.66171875 0.8484375 0.05 0.0453125
0 0.19375 0.92578125 0.0515625 0.04765625
0 0.70234375 0.44375 0.04921875 0.0453125
0 0.9140625 0.7390625 0.05078125 0.04921875
0 0.29609375 0.9328125 0.05234375 0.04765625
0 0.3921875 0.73515625 0.05078125 0.04609375
0 0.86640625 0.79609375 0.05234375 0.046875
0 0.92421875 0.78046875 0.0515625 0.05
0 0.6625 0.89296875 0.05234375 0.0484375
0 0.39375 0.93671875 0.05078125 0.0453125
0 0.7109375 0.64453125 0.05234375 0.0453125
0 0.5015625 0.828125 0.05234375 0.0453125
0 0.8125 0.8390625 0.05078125 0.04921875
0 0.24296875 0.93515625 0.05234375 0.046875
0 0.5046875 0.93203125 0.05 0.046875
0 0.54921875 0.82734375 0.04921875 0.04453125
0 0.45 0.73515625 0.05234375 0.046875
0 0.80703125 0.78984375 0.05078125 0.0484375
0 0.75703125 0.7875 0.05078125 0.04609375
0 0.60234375 0.7828125 0.04921875 0.046875
0 0.503125 0.7359375 0.0515625 0.0421875
0 0.55390625 0.73671875 0.04609375 0.0421875
0 0.6015625 0.73671875 0.04921875 0.0421875
0 0.70625 0.790625 0.04921875 0.0453125
0 0.70390625 0.7328125 0.04609375 0.03984375
0 0.8140625 0.6953125 0.053125 0.04609375
0 0.80390625 0.740625 0.05078125 0.05
0 0.86328125 0.74609375 0.05078125 0.0484375
0 0.703125 0.209375 0.04609375 0.04296875
0 0.7046875 0.2546875 0.05 0.0484375
0 0.7640625 0.25546875 0.05078125 0.0453125
0 0.49765625 0.31328125 0.05078125 0.04140625
0 0.45234375 0.3609375 0.0515625 0.04453125
0 0.50390625 0.35703125 0.04765625 0.04375
0 0.55390625 0.35078125 0.05390625 0.046875
0 0.60703125 0.35703125 0.05078125 0.04453125
0 0.6015625 0.309375 0.05234375 0.046875
0 0.6078125 0.265625 0.0484375 0.0421875
0 0.70859375 0.39609375 0.05 0.04453125
0 0.75703125 0.36171875 0.0484375 0.0453125
0 0.81796875 0.40234375 0.05 0.05
0 0.86796875 0.4015625 0.05390625 0.04765625
1 0.66015625 0.35234375 0.0484375 0.04296875
0 0.14140625 0.4890625 0.0546875 0.05