1 0.49921875 0.46171875 0.04765625 0.04921875
0 0.5109375 0.5078125 0.05078125 0.05
1 0.5046875 0.41015625 0.04921875 0.05078125
0 0.50859375 0.55625 0.05078125 0.0515625
1 0.50546875 0.359375 0.04921875 0.05078125
1 0.5046875 0.3109375 0.04921875 0.0515625
1 0.9203125 0.45625 0.046875 0.046875
1 0.503125 0.2609375 0.05 0.05078125
1 0.9375 0.64765625 0.04765625 0.05078125
1 0.95 0.69375 0.04609375 0.0484375
1 0.940625 0.41171875 0.04765625 0.05234375
0 0.5078125 0.60625 0.05 0.053125
1 0.9390625 0.5984375 0.046875 0.05
1 0.9328125 0.7390625 0.046875 0.04609375
1 0.50546875 0.2109375 0.04921875 0.05
1 0.9390625 0.5015625 0.046875 0.05078125
1 0.93984375 0.7875 0.046875 0.05
1 0.9390625 0.5484375 0.046875 0.0515625
0 0.51171875 0.65546875 0.04921875 0.05
1 0.940625 0.36328125 0.046875 0.05234375
1 0.94609375 0.3140625 0.046875 0.05078125
1 0.55703125 0.07421875 0.0484375 0.05078125
1 0.55078125 0.93984375 0.04765625 0.053125
0 0.50625 0.703125 0.04921875 0.05078125
1 0.9390625 0.83515625 0.046875 0.05
1 0.50625 0.1625 0.04921875 0.05078125
1 0.65546875 0.0703125 0.0484375 0.0515625
0 0.1140625 0.06875 0.05 0.0515625
0 0.1640625 0.06953125 0.04765625 0.0515625
1 0.60546875 0.94296875 0.0484375 0.05078125
1 0.50703125 0.11171875 0.046875 0.04921875
0 0.06171875 0.05234375 0.05 0.04921875
1 0.93828125 0.2640625 0.0484375 0.05078125
0 0.06328125 0.153125 0.0515625 0.05703125
1 0.946875 0.2171875 0.046875 0.04921875
1 0.75078125 0.0703125 0.046875 0.0515625
1 0.8453125 0.0796875 0.0484375 0.05234375
0 0.25859375 0.07109375 0.04765625 0.05078125
0 0.31484375 0.07265625 0.046875 0.04921875
0 0.0625 0.10234375 0.05078125 0.053125
0 0.2125 0.071875 0.04921875 0.05078125
1 0.703125 0.0671875 0.04609375 0.05078125
0 0.06484375 0.2046875 0.0515625 0.0484375
0 0.409375 0.071875 0.04765625 0.04921875
1 0.9359375 0.884375 0.046875 0.04921875
0 0.3625 0.071875 0.04921875 0.04921875
0 0.50703125 0.7515625 0.0484375 0.04765625
1 0.79765625 0.0703125 0.046875 0.05234375
1 0.65703125 0.934375 0.04921875 0.05390625
0 0.45703125 0.071875 0.0484375 0.05
1 0.8953125 0.0828125 0.0484375 0.05234375
0 0.0625 0.3515625 0.04921875 0.0515625
0 0.0609375 0.3015625 0.05 0.05390625
1 0.753125 0.9328125 0.0484375 0.05390625
1 0.7984375 0.9359375 0.0484375 0.053125
0 0.065625 0.4015625 0.04921875 0.05
0 0.0609375 0.2515625 0.05 0.0484375
1 0.85 0.9390625 0.04921875 0.053125
1 0.7046875 0.9359375 0.0484375 0.05234375
0 0.0640625 0.45 0.0484375 0.04921875
0 0.5015625 0.8 0.04921875 0.05234375
0 0.0609375 0.4984375 0.04921875 0.05234375
1 0.94296875 0.1671875 0.04765625 0.04921875
1 0.89609375 0.940625 0.04765625 0.05078125
1 0.93828125 0.1171875 0.04765625 0.05
1 0.60234375 0.05390625 0.04765625 0.0515625
1 0.940625 0.93515625 0.04609375 0.05078125
0 0.0609375 0.696875 0.04921875 0.053125
0 0.0578125 0.64765625 0.0484375 0.05234375
0 0.06015625 0.54921875 0.04921875 0.05234375
0 0.50234375 0.85 0.0484375 0.05
0 0.0609375 0.59765625 0.0484375 0.053125
1 0.50703125 0.06171875 0.0484375 0.05078125
0 0.4984375 0.8984375 0.046875 0.04921875
0 0.06875 0.7953125 0.0484375 0.04921875
0 0.453125 0.9484375 0.046875 0.0484375
0 0.065625 0.74609375 0.0484375 0.05078125
0 0.50234375 0.946875 0.04609375 0.05
0 0.309375 0.94453125 0.05 0.05078125
0 0.25546875 0.94375 0.04921875 0.05078125
0 0.40625 0.946875 0.0484375 0.05
0 0.35703125 0.94765625 0.04765625 0.04921875
1 0.940625 0.0671875 0.0453125 0.05078125
0 0.2078125 0.9421875 0.04921875 0.0515625
0 0.0671875 0.84375 0.04921875 0.0515625
0 0.16015625 0.94609375 0.0484375 0.05078125
0 0.1109375 0.94609375 0.04921875 0.05
0 0.06484375 0.89296875 0.0484375 0.0515625
0 0.0640625 0.9421875 0.046875 0.05