1 0.45 0.71328125 0.04453125 0.04921875
0 0.45 0.66484375 0.05234375 0.05
0 0.60859375 0.66328125 0.053125 0.0515625
0 0.4984375 0.659375 0.05234375 0.0515625
0 0.3921875 0.7046875 0.05234375 0.0515625
0 0.29375 0.6671875 0.05234375 0.05078125
0 0.29296875 0.7140625 0.053125 0.0515625
0 0.60859375 0.55703125 0.0515625 0.05
0 0.66328125 0.61015625 0.0515625 0.05
0 0.55625 0.66328125 0.0515625 0.0515625
0 0.45 0.5609375 0.05078125 0.04921875
0 0.4515625 0.50859375 0.0515625 0.05078125
0 0.6625 0.559375 0.0515625 0.05078125
0 0.5046875 0.4546875 0.0515625 0.05078125
0 0.55859375 0.5609375 0.04921875 0.04921875
1 0.2375 0.7625 0.0515625 0.05
0 0.34140625 0.565625 0.05234375 0.05078125
1 0.3421875 0.71171875 0.04921875 0.04921875
0 0.6109375 0.4546875 0.0515625 0.05
0 0.759375 0.7609375 0.05234375 0.0515625
0 0.6625 0.6625 0.05 0.04921875
0 0.709375 0.76328125 0.0515625 0.05078125
0 0.18203125 0.6640625 0.053125 0.053125
0 0.13515625 0.61484375 0.0515625 0.05234375
0 0.71015625 0.56171875 0.05078125 0.05078125
1 0.2375 0.71484375 0.05078125 0.05
0 0.659375 0.50625 0.05078125 0.05078125
0 0.18046875 0.71875 0.053125 0.0515625
0 0.6609375 0.759375 0.05234375 0.0515625
0 0.6578125 0.821875 0.05078125 0.05
0 0.34375 0.7640625 0.053125 0.05
0 0.82421875 0.70703125 0.0515625 0.05078125
1 0.07734375 0.6671875 0.05 0.05
1 0.13125 0.665625 0.05 0.05078125
0 0.2921875 0.76640625 0.0546875 0.0515625
1 0.24140625 0.66484375 0.05 0.05078125
0 0.45546875 0.45234375 0.0515625 0.05234375
0 0.55390625 0.40390625 0.05234375 0.05
1 0.3984375 0.5015625 0.05 0.05
0 0.61015625 0.4046875 0.0515625 0.05
1 0.50234375 0.609375 0.04921875 0.0484375
1 0.61015625 0.6078125 0.04921875 0.04921875
1 0.39765625 0.86796875 0.04921875 0.04921875
1 0.55390625 0.60859375 0.0484375 0.0484375
0 0.60625 0.8609375 0.05078125 0.0515625
0 0.71171875 0.50703125 0.05078125 0.05078125
0 0.34140625 0.5015625 0.05234375 0.05234375
0 0.76875 0.70625 0.05078125 0.05078125
0 0.40078125 0.76015625 0.0515625 0.05078125
1 0.55546875 0.5046875 0.04921875 0.04921875
1 0.6578125 0.9203125 0.05078125 0.04921875
1 0.45078125 0.60859375 0.04921875 0.0484375
1 0.6609375 0.8671875 0.05078125 0.04921875
0 0.60390625 0.35390625 0.0515625 0.05
0 0.72421875 0.34453125 0.05234375 0.05234375
0 0.81171875 0.81328125 0.05 0.0515625
0 0.2421875 0.55859375 0.05234375 0.053125
0 0.8734375 0.65859375 0.0515625 0.05234375
0 0.81953125 0.659375 0.053125 0.05234375
0 0.60859375 0.71328125 0.05234375 0.0515625
0 0.3421875 0.44921875 0.05234375 0.05234375
0 0.66796875 0.2546875 0.05078125 0.0515625
1 0.39296875 0.65546875 0.04921875 0.04765625
1 0.3453125 0.6625 0.05078125 0.04921875
1 0.2921875 0.61328125 0.0515625 0.05
1 0.5046875 0.50390625 0.05078125 0.05
0 0.08046875 0.6140625 0.053125 0.05390625
0 0.771875 0.3484375 0.0515625 0.05078125
0 0.7203125 0.24765625 0.05234375 0.0515625
0 0.18203125 0.7703125 0.0546875 0.05234375
0 0.76640625 0.503125 0.053125 0.05078125
1 0.5546875 0.45234375 0.04921875 0.05
1 0.6109375 0.50859375 0.0484375 0.04765625
1 0.7609375 0.9203125 0.0515625 0.05078125
0 0.8171875 0.29140625 0.0515625 0.05546875
0 0.18828125 0.51484375 0.05234375 0.0515625
0 0.821875 0.3453125 0.0515625 0.05234375
1 0.39453125 0.56328125 0.04921875 0.04921875
1 0.40234375 0.6109375 0.04921875 0.04765625
0 0.7671875 0.453125 0.0515625 0.0515625
0 0.8703125 0.3921875 0.05078125 0.053125
0 0.13515625 0.5109375 0.0515625 0.05234375
0 0.6078125 0.3046875 0.0515625 0.05234375
0 0.396875 0.40390625 0.0515625 0.0484375
1 0.13359375 0.559375 0.05 0.04921875
0 0.77421875 0.39765625 0.0515625 0.05078125
0 0.60859375 0.915625 0.0515625 0.05
1 0.39375 0.45078125 0.05078125 0.0515625
0 0.759375 0.60859375 0.05234375 0.05078125
1 0.81953125 0.76328125 0.0515625 0.05
1 0.86953125 0.86328125 0.05078125 0.0515625
1 0.2390625 0.6109375 0.05 0.04921875
0 0.3515625 0.2484375 0.05234375 0.05390625
0 0.81328125 0.44921875 0.05078125 0.0515625
0 0.6609375 0.303125 0.0515625 0.05078125
1 0.75625 0.81796875 0.05 0.04921875
1 0.29453125 0.24375 0.05 0.05234375
1 0.81484375 0.8640625 0.05 0.0484375
1 0.19140625 0.56328125 0.0484375 0.04921875
0 0.8203125 0.5640625 0.0515625 0.0515625
0 0.92109375 0.3453125 0.053125 0.053125
0 0.2390625 0.2953125 0.0515625 0.05078125
1 0.76015625 0.86875 0.0515625 0.05
0 0.5515625 0.353125 0.05078125 0.05078125
1 0.18359375 0.61171875 0.05 0.04921875
0 0.08203125 0.5578125 0.053125 0.0546875
1 0.928125 0.7640625 0.05078125 0.0515625
1 0.34921875 0.615625 0.05 0.04921875
0 0.97578125 0.65078125 0.0484375 0.05078125
0 0.921875 0.39453125 0.05078125 0.05390625
0 0.86796875 0.50859375 0.05234375 0.0515625
1 0.503125 0.559375 0.04921875 0.05
1 0.9765625 0.69921875 0.04609375 0.0515625
0 0.67265625 0.146875 0.05078125 0.05390625
1 0.70546875 0.81953125 0.05 0.04921875
0 0.240625 0.24453125 0.05234375 0.053125
0 0.553125 0.8625 0.05078125 0.05078125
0 0.2421875 0.19609375 0.0515625 0.05078125
1 0.34921875 0.19375 0.05078125 0.0515625
1 0.87265625 0.76484375 0.05078125 0.05078125
0 0.290625 0.2984375 0.05234375 0.05390625
0 0.29453125 0.14453125 0.0515625 0.0515625
1 0.60390625 0.96328125 0.05 0.05078125
0 0.51015625 0.30390625 0.053125 0.053125
1 0.2984375 0.19453125 0.05078125 0.05234375
0 0.93125 0.60234375 0.05078125 0.053125
0 0.1328125 0.45078125 0.05234375 0.05390625
0 0.6140625 0.2046875 0.04921875 0.05234375
0 0.97421875 0.5578125 0.0515625 0.05
0 0.44296875 0.19140625 0.0515625 0.053125
0 0.72109375 0.1 0.05 0.0515625
1 0.6625 0.203125 0.0484375 0.0515625
1 0.721875 0.2953125 0.04921875 0.05078125
0 0.08046875 0.44609375 0.05234375 0.05546875
0 0.9765625 0.50625 0.04609375 0.0515625
1 0.978125 0.39453125 0.04375 0.05078125
1 0.6625 0.96796875 0.05 0.05078125
0 0.35234375 0.3453125 0.05234375 0.05234375
0 0.4453125 0.14140625 0.05 0.04921875
0 0.39765625 0.25078125 0.05 0.053125
0 0.24140625 0.3421875 0.0515625 0.05078125
0 0.51953125 0.2546875 0.05 0.04921875
1 0.871875 0.33828125 0.05078125 0.05234375
1 0.92265625 0.7015625 0.04921875 0.04765625
0 0.23671875 0.82109375 0.05234375 0.05078125
1 0.76953125 0.29140625 0.04921875 0.0515625
1 0.35 0.1421875 0.05078125 0.0515625
0 0.46328125 0.30625 0.05 0.05234375
0 0.08203125 0.25078125 0.05234375 0.05546875
0 0.13203125 0.246875 0.05390625 0.05234375
0 0.975 0.44375 0.04921875 0.05546875
0 0.3484375 0.8703125 0.05078125 0.05078125
0 0.034375 0.2484375 0.0515625 0.05546875
0 0.51484375 0.09140625 0.05234375 0.05390625
0 0.2984375 0.39296875 0.05234375 0.05234375
1 0.2390625 0.14609375 0.05078125 0.05234375
1 0.87578125 0.71171875 0.05078125 0.05078125
1 0.71796875 0.19296875 0.05078125 0.05234375
0 0.18984375 0.14921875 0.05078125 0.0546875
0 0.34765625 0.0953125 0.0546875 0.0515625
0 0.13984375 0.296875 0.053125 0.05234375
1 0.97734375 0.33828125 0.0453125 0.053125
1 0.86953125 0.1953125 0.05 0.0515625
0 0.02578125 0.19375 0.0515625 0.059375
1 0.92890625 0.6546875 0.05078125 0.0484375
0 0.56171875 0.08671875 0.05 0.05234375
1 0.9265625 0.28984375 0.05 0.05234375
0 0.61875 0.1484375 0.04921875 0.053125
1 0.865625 0.28828125 0.05078125 0.0515625
0 0.72578125 0.04140625 0.05078125 0.0546875
0 0.29609375 0.09375 0.0515625 0.0515625
1 0.72265625 0.14453125 0.05 0.05
0 0.7796875 0.0421875 0.05078125 0.05390625
0 0.18671875 0.4046875 0.05390625 0.0546875
0 0.83125 0.046875 0.0484375 0.05234375
0 0.67265625 0.046875 0.04921875 0.053125
0 0.13828125 0.15078125 0.05234375 0.05546875
1 0.815625 0.2421875 0.05078125 0.0515625
1 0.8765625 0.14140625 0.05078125 0.053125
1 0.7734375 0.09296875 0.04921875 0.05078125
1 0.925 0.2421875 0.05078125 0.053125
1 0.97734375 0.2859375 0.0453125 0.05
0 0.0765625 0.340625 0.053125 0.0546875
0 0.615625 0.0421875 0.05078125 0.05390625
1 0.82734375 0.096875 0.04921875 0.05234375
0 0.02421875 0.384375 0.0484375 0.05625
0 0.509375 0.03828125 0.0515625 0.05234375
1 0.7671875 0.23828125 0.05078125 0.0515625
0 0.02578125 0.134375 0.0515625 0.05625
0 0.925 0.18828125 0.0515625 0.05390625
1 0.8140625 0.1890625 0.05078125 0.05390625
1 0.87890625 0.04453125 0.05078125 0.053125
0 0.5515625 0.96328125 0.05078125 0.05
0 0.1296875 0.87578125 0.05390625 0.05078125
0 0.43984375 0.03359375 0.05 0.05234375
0 0.08125 0.09453125 0.05234375 0.05546875
0 0.93125 0.50859375 0.05078125 0.053125