0 0.4703125 0.7171875 0.046875 0.05703125
0 0.428125 0.6203125 0.04765625 0.05546875
1 0.209375 0.67265625 0.0515625 0.05546875
0 0.21875 0.834375 0.05390625 0.059375
1 0.20859375 0.6203125 0.05234375 0.05703125
1 0.15546875 0.61328125 0.053125 0.059375
1 0.20078125 0.56171875 0.05390625 0.059375
1 0.209375 0.50625 0.05234375 0.0578125
1 0.2671875 0.6203125 0.04921875 0.05546875
1 0.14921875 0.50625 0.053125 0.05859375
1 0.31796875 0.67109375 0.0515625 0.05625
1 0.3140625 0.5640625 0.05234375 0.05625
0 0.1109375 0.778125 0.053125 0.05703125
1 0.10078125 0.66484375 0.05390625 0.06015625
1 0.321875 0.7234375 0.053125 0.05625
1 0.1046875 0.60859375 0.05390625 0.0609375
0 0.1625 0.8453125 0.0515625 0.05546875
1 0.515625 0.4515625 0.05 0.05625
1 0.21640625 0.72578125 0.05234375 0.05546875
0 0.57421875 0.8859375 0.05 0.0546875
1 0.1671875 0.71875 0.05234375 0.05859375
1 0.525 0.6125 0.05 0.05703125
1 0.27265625 0.72109375 0.053125 0.05703125
1 0.4671875 0.44921875 0.0484375 0.053125
1 0.4765625 0.5078125 0.05078125 0.0546875
1 0.2640625 0.4515625 0.0515625 0.0578125
0 0.665625 0.9296875 0.05 0.05546875
0 0.7546875 0.86640625 0.04921875 0.0515625
1 0.109375 0.71796875 0.0546875 0.0609375
1 0.56484375 0.71328125 0.05 0.05546875
1 0.65703125 0.709375 0.05 0.05546875
1 0.47265625 0.56171875 0.05234375 0.05703125
1 0.66484375 0.45390625 0.0484375 0.05546875
1 0.56953125 0.45390625 0.0484375 0.05625
1 0.8203125 0.82578125 0.0515625 0.05625
1 0.475 0.6203125 0.04921875 0.05390625
1 0.5640625 0.76484375 0.05 0.0515625
1 0.2578125 0.509375 0.0515625 0.05703125
1 0.6109375 0.7125 0.0484375 0.05234375
1 0.2671875 0.77421875 0.05390625 0.05859375
0 0.61796875 0.928125 0.0484375 0.0546875
1 0.6703125 0.509375 0.04921875 0.05546875
1 0.4625 0.23671875 0.0484375 0.0578125
1 0.8640625 0.56484375 0.0515625 0.05859375
1 0.81796875 0.775 0.05 0.05625
1 0.66640625 0.759375 0.04921875 0.05546875
1 0.909375 0.559375 0.05 0.05859375
1 0.1625 0.7828125 0.053125 0.0578125
0 0.1109375 0.84140625 0.05234375 0.05546875
1 0.80625 0.65546875 0.04921875 0.05546875
1 0.61328125 0.81796875 0.04765625 0.05703125
1 0.25390625 0.39375 0.05234375 0.0578125
1 0.0515625 0.50703125 0.05390625 0.06015625
1 0.059375 0.7109375 0.0546875 0.06171875
1 0.8171875 0.8765625 0.05 0.05390625
1 0.6671875 0.296875 0.05078125 0.0578125
1 0.14296875 0.39375 0.05390625 0.0578125
1 0.41484375 0.23125 0.05078125 0.059375
1 0.20390625 0.384375 0.0515625 0.05859375
1 0.565625 0.81796875 0.0484375 0.05390625
1 0.7109375 0.8796875 0.05078125 0.05703125
1 0.87265625 0.821875 0.05234375 0.0578125
1 0.90859375 0.771875 0.05 0.0578125
1 0.05703125 0.56484375 0.05625 0.0625
1 0.66328125 0.87578125 0.05 0.0578125
1 0.8140625 0.303125 0.05 0.05546875
1 0.85234375 0.66171875 0.04765625 0.05546875
1 0.709375 0.190625 0.05 0.05390625
1 0.10078125 0.51015625 0.05234375 0.05703125
1 0.36640625 0.221875 0.046875 0.05859375
0 0.05703125 0.83828125 0.0515625 0.05546875
1 0.909375 0.878125 0.04921875 0.05625
1 0.8609375 0.5046875 0.05 0.05703125
1 0.5703125 0.38984375 0.05 0.05703125
1 0.4609375 0.1296875 0.05078125 0.05703125
0 0.96015625 0.7234375 0.0484375 0.05546875
0 0.515625 0.88359375 0.0484375 0.05234375
1 0.34921875 0.171875 0.04921875 0.05546875
1 0.8140625 0.24765625 0.04921875 0.05625
0 0.95625 0.66640625 0.0484375 0.05703125
0 0.20625 0.44140625 0.05078125 0.0578125
1 0.3015625 0.17265625 0.04921875 0.0578125
1 0.06015625 0.7703125 0.05390625 0.059375
0 0.05 0.45 0.053125 0.05859375
1 0.090625 0.3890625 0.053125 0.06015625
1 0.9171875 0.825 0.0484375 0.05546875
1 0.50625 0.1234375 0.05 0.05859375
1 0.715625 0.9328125 0.05234375 0.053125
1 0.9109375 0.50859375 0.04765625 0.053125
0 0.36875 0.5015625 0.05078125 0.05390625
1 0.8625 0.2453125 0.0484375 0.0578125
1 0.9546875 0.55625 0.046875 0.0578125
1 0.95234375 0.78671875 0.04921875 0.059375
1 0.553125 0.12265625 0.046875 0.05625
1 0.8640625 0.18671875 0.05 0.05859375
0 0.0375 0.396875 0.05078125 0.05859375
1 0.696875 0.1390625 0.05078125 0.0578125
1 0.76484375 0.24296875 0.046875 0.05625
0 0.215625 0.8875 0.05 0.0546875
0 0.2546875 0.34140625 0.0515625 0.05390625
1 0.7625 0.91796875 0.0484375 0.053125
1 0.64453125 0.1390625 0.05 0.05625
1 0.35625 0.0703125 0.0515625 0.05703125
1 0.81953125 0.928125 0.046875 0.05625
0 0.175 0.2234375 0.0515625 0.05546875
0 0.165625 0.2828125 0.05078125 0.05625
0 0.96015625 0.60859375 0.04921875 0.05703125
1 0.8671875 0.92890625 0.0484375 0.05703125
0 0.2015625 0.12578125 0.05234375 0.059375
0 0.04375 0.175 0.05234375 0.06015625
0 0.0578125 0.28984375 0.05390625 0.059375
1 0.4046875 0.0640625 0.05 0.05703125
1 0.803125 0.13125 0.0484375 0.059375
1 0.4609375 0.075 0.05 0.05546875
0 0.20234375 0.06875 0.0515625 0.059375
1 0.746875 0.128125 0.0484375 0.05625
0 0.09765625 0.45625 0.0515625 0.05546875
0 0.04453125 0.1171875 0.05234375 0.06015625
0 0.1046875 0.0734375 0.05390625 0.06015625
1 0.9125 0.9375 0.04921875 0.05625
0 0.253125 0.06796875 0.05078125 0.05859375
0 0.153125 0.065625 0.05078125 0.05859375
0 0.2984375 0.11875 0.05078125 0.05390625
0 0.0515625 0.06171875 0.05234375 0.059375
1 0.86875 0.1265625 0.04765625 0.05703125
0 0.3 0.053125 0.05078125 0.05703125
1 0.7125 0.978125 0.04765625 0.04296875
1 0.66640625 0.9796875 0.04921875 0.040625
0 0.10546875 0.0234375 0.0546875 0.046875
1 0.3515625 0.02109375 0.05 0.04140625
0 0.61875 0.97734375 0.046875 0.0453125
0 0.36484375 0.34375 0.0484375 0.05390625
0 0.1046875 0.2296875 0.0515625 0.05625
1 0.5984375 0.1359375 0.04140625 0.05625
1 0.509375 0.23515625 0.04375 0.053125
1 0.55546875 0.23359375 0.04453125 0.053125
1 0.603125 0.240625 0.0453125 0.05703125
1 0.65546875 0.19140625 0.04453125 0.05
1 0.6515625 0.24453125 0.04921875 0.05625
1 0.70703125 0.24453125 0.04609375 0.05390625
1 0.7171875 0.29375 0.0484375 0.05234375
1 0.815625 0.1890625 0.04609375 0.05703125
1 0.71484375 0.3453125 0.04453125 0.05078125
1 0.7625 0.3390625 0.04296875 0.05390625
1 0.80703125 0.35546875 0.0453125 0.053125
1 0.7953125 0.4015625 0.0453125 0.05
1 0.7625 0.44375 0.04609375 0.05625
1 0.80859375 0.45078125 0.04609375 0.053125
1 0.8109375 0.503125 0.0453125 0.05390625
1 0.80546875 0.5609375 0.046875 0.05546875
1 0.821875 0.60859375 0.0453125 0.05234375
1 0.86875 0.61796875 0.0453125 0.05234375
1 0.915625 0.61484375 0.04375 0.053125
1 0.75703125 0.56015625 0.046875 0.0515625
1 0.6140625 0.40546875 0.04375 0.05390625
1 0.65859375 0.3984375 0.04453125 0.0546875
1 0.66640625 0.5625 0.04453125 0.05078125
1 0.6640625 0.6125 0.04609375 0.05
1 0.6703125 0.6625 0.0453125 0.04765625
1 0.66015625 0.809375 0.04375 0.05078125
0 0.21171875 0.778125 0.0484375 0.0515625
0 0.2703125 0.83046875 0.046875 0.05625
0 0.31953125 0.8390625 0.046875 0.0546875
0 0.315625 0.7828125 0.05 0.05703125
0 0.365625 0.78125 0.0484375 0.05390625
0 0.37265625 0.728125 0.046875 0.0546875
0 0.3640625 0.675 0.05 0.05
0 0.41953125 0.715625 0.04609375 0.0546875
0 0.5203125 0.83203125 0.04453125 0.05234375
0 0.51953125 0.78125 0.0484375 0.053125
0 0.51796875 0.7265625 0.046875 0.0546875
0 0.51171875 0.67578125 0.04375 0.05078125
0 0.55859375 0.66328125 0.0453125 0.0515625
0 0.6140625 0.6625 0.04609375 0.05078125
0 0.5734375 0.61328125 0.04609375 0.05234375
0 0.61953125 0.61171875 0.04609375 0.05
0 0.6203125 0.56015625 0.04375 0.0515625
0 0.521875 0.559375 0.0453125 0.05
0 0.525 0.5046875 0.04453125 0.05078125
0 0.57734375 0.50859375 0.04375 0.0546875
0 0.61640625 0.45703125 0.04453125 0.053125
0 0.6234375 0.5078125 0.046875 0.05390625
0 0.36171875 0.60703125 0.046875 0.05546875
0 0.36171875 0.55390625 0.046875 0.0515625
0 0.42421875 0.55234375 0.046875 0.05546875
0 0.4234375 0.4984375 0.04765625 0.05390625
0 0.4203125 0.44609375 0.046875 0.05234375
0 0.31484375 0.5046875 0.05 0.0546875
0 0.3125 0.45078125 0.04765625 0.05234375
0 0.30625 0.3984375 0.0515625 0.05078125
0 0.31015625 0.34140625 0.046875 0.05390625
0 0.4078125 0.3953125 0.0484375 0.0515625
0 0.46484375 0.396875 0.05 0.05546875
0 0.51796875 0.39921875 0.0453125 0.0515625
0 0.31640625 0.28671875 0.05078125 0.05625
0 0.36875 0.2890625 0.05 0.05703125
0 0.421875 0.28828125 0.04765625 0.05390625
0 0.471875 0.28984375 0.046875 0.05078125
0 0.51796875 0.2875 0.04765625 0.05390625
0 0.56640625 0.28671875 0.046875 0.05390625
0 0.61640625 0.290625 0.04453125 0.053125
0 0.41796875 0.34140625 0.046875 0.05625
0 0.465625 0.340625 0.04765625 0.05390625
0 0.51484375 0.34296875 0.05234375 0.0578125
0 0.56875 0.3375 0.046875 0.0515625
0 0.6203125 0.34296875 0.0453125 0.05546875
0 0.66953125 0.34921875 0.04453125 0.05234375
0 0.703125 0.39375 0.04375 0.0515625
0 0.74921875 0.390625 0.04609375 0.053125
0 0.71796875 0.45546875 0.04375 0.053125
0 0.7171875 0.5078125 0.046875 0.053125
0 0.76484375 0.5078125 0.04609375 0.053125
0 0.71171875 0.5609375 0.04609375 0.0515625
0 0.709375 0.61171875 0.04453125 0.05
0 0.7546875 0.61015625 0.04375 0.05078125
0 0.715625 0.66171875 0.046875 0.0515625
0 0.76171875 0.659375 0.04375 0.05
0 0.71484375 0.71328125 0.0453125 0.0546875
0 0.76015625 0.709375 0.04296875 0.053125
0 0.7125 0.765625 0.0453125 0.053125
0 0.759375 0.7625 0.04453125 0.05078125
0 0.75234375 0.8140625 0.04609375 0.053125
0 0.70234375 0.8265625 0.046875 0.0515625
0 0.81015625 0.7234375 0.04765625 0.05234375
0 0.865625 0.7109375 0.04453125 0.053125
0 0.86171875 0.7671875 0.0453125 0.053125
0 0.9109375 0.66875 0.0453125 0.053125
0 0.915625 0.72109375 0.04453125 0.053125
0 0.15859375 0.45 0.04921875 0.05625
0 0.05234375 0.34296875 0.04921875 0.05703125
0 0.103125 0.33828125 0.05078125 0.05703125
0 0.15859375 0.33671875 0.05 0.0546875
0 0.21015625 0.321875 0.05 0.0578125
0 0.09609375 0.175 0.0515625 0.0546875
0 0.14765625 0.17734375 0.0484375 0.05859375
0 0.2046875 0.18203125 0.046875 0.05546875
0 0.253125 0.17578125 0.046875 0.05546875
0 0.2734375 0.225 0.0484375 0.0515625
0 0.32109375 0.2265625 0.04453125 0.0578125
0 0.3625 0.125 0.04453125 0.0578125
0 0.4109375 0.12421875 0.0484375 0.05234375
0 0.40546875 0.17734375 0.05 0.053125
0 0.4546875 0.18359375 0.05078125 0.05390625
0 0.5078125 0.18203125 0.0484375 0.05625
0 0.55625 0.1796875 0.046875 0.05546875
0 0.609375 0.18984375 0.04609375 0.0515625
1 0.31484375 0.61640625 0.0484375 0.053125
0 0.61875 0.86875 0.04375 0.0515625