1 0.7953125 0.64765625 0.053125 0.05625
0 0.03671875 0.8875 0.0578125 0.0546875
1 0.79375 0.8109375 0.05859375 0.05625
1 0.64453125 0.478125 0.05390625 0.053125
1 0.68203125 0.5921875 0.05625 0.0546875
1 0.79609375 0.48359375 0.05703125 0.0546875
0 0.246875 0.8453125 0.0578125 0.0546875
0 0.14765625 0.79609375 0.05625 0.053125
1 0.9515625 0.49296875 0.05390625 0.053125
0 0.50703125 0.959375 0.05859375 0.05546875
1 0.8390625 0.44140625 0.05390625 0.0515625
1 0.89296875 0.49140625 0.05546875 0.0546875
1 0.634375 0.796875 0.05625 0.05625
0 0.35625 0.85234375 0.05625 0.05390625
1 0.63046875 0.85078125 0.05703125 0.05546875
1 0.58125 0.74375 0.0546875 0.053125
1 0.6296875 0.23984375 0.05390625 0.05234375
1 0.58046875 0.79609375 0.05625 0.05546875
1 0.8390625 0.37734375 0.0546875 0.053125
0 0.50703125 0.9015625 0.05625 0.0546875
1 0.4828125 0.690625 0.05390625 0.05234375
1 0.7359375 0.28203125 0.05546875 0.05390625
0 0.240625 0.77265625 0.05546875 0.053125
0 0.05390625 0.62734375 0.05234375 0.053125
1 0.11328125 0.56171875 0.05234375 0.053125
1 0.47109375 0.740625 0.05390625 0.05390625
1 0.5234375 0.74140625 0.05546875 0.05390625
1 0.809375 0.3375 0.05390625 0.05390625
1 0.375 0.6921875 0.0546875 0.053125
1 0.5328125 0.478125 0.05625 0.05390625
1 0.16484375 0.57578125 0.0515625 0.0515625
0 0.07265625 0.28125 0.05390625 0.05
0 0.1859375 0.725 0.05546875 0.053125
1 0.4265625 0.69296875 0.05546875 0.05390625
1 0.80390625 0.2765625 0.05390625 0.05390625
1 0.5609375 0.903125 0.05546875 0.05390625
1 0.4234375 0.58828125 0.05546875 0.053125
1 0.56875 0.9546875 0.0578125 0.05625
0 0.02265625 0.47421875 0.0453125 0.0515625
0 0.021875 0.41953125 0.04375 0.05078125
1 0.5328125 0.03203125 0.0546875 0.05234375
0 0.4109375 0.846875 0.05625 0.05390625
1 0.4796875 0.52421875 0.0546875 0.0515625
1 0.53984375 0.37734375 0.05390625 0.05
1 0.31953125 0.5296875 0.05234375 0.0515625
0 0.040625 0.034375 0.05 0.046875
0 0.57421875 0.853125 0.05625 0.0546875
0 0.10546875 0.62421875 0.05546875 0.0515625
1 0.5796875 0.07890625 0.0515625 0.0515625
0 0.07265625 0.22421875 0.05234375 0.0484375
1 0.9078125 0.8734375 0.059375 0.05703125
1 0.6859375 0.2328125 0.0546875 0.053125
1 0.32421875 0.63359375 0.053125 0.0515625
0 0.059375 0.57265625 0.053125 0.0515625
1 0.2171875 0.5765625 0.0546875 0.053125
0 0.953125 0.4421875 0.0546875 0.0515625
1 0.4296875 0.53828125 0.0546875 0.0515625
1 0.26953125 0.58203125 0.053125 0.0515625
1 0.43046875 0.040625 0.053125 0.05234375
0 0.51953125 0.84453125 0.05625 0.0546875
1 0.375 0.64375 0.05546875 0.05234375
1 0.371875 0.59453125 0.0546875 0.05234375
0 0.8921875 0.43671875 0.05390625 0.05078125
1 0.61640625 0.90703125 0.05625 0.0546875
1 0.8453125 0.2296875 0.053125 0.05234375
0 0.128125 0.125 0.053125 0.04921875
1 0.5390625 0.42734375 0.0546875 0.05078125
1 0.5390625 0.18515625 0.0546875 0.0515625
1 0.478125 0.47578125 0.05390625 0.05078125
1 0.48125 0.375 0.05546875 0.05078125
0 0.96328125 0.23359375 0.05234375 0.05078125
1 0.31953125 0.58515625 0.053125 0.0515625
1 0.68984375 0.03203125 0.0515625 0.04609375
1 0.68671875 0.1296875 0.0546875 0.0515625
1 0.78984375 0.175 0.05234375 0.0515625
1 0.790625 0.22578125 0.05234375 0.0515625
0 0.95390625 0.34375 0.05390625 0.05234375
0 0.134375 0.071875 0.053125 0.04921875
0 0.51640625 0.79296875 0.05546875 0.053125
1 0.68828125 0.07890625 0.053125 0.05078125
1 0.3265625 0.2140625 0.053125 0.05078125
1 0.3765625 0.2796875 0.0546875 0.05390625
1 0.478125 0.325 0.0546875 0.05078125
1 0.38203125 0.0296875 0.0515625 0.0515625
0 0.0640625 0.37890625 0.05078125 0.05
0 0.3140625 0.73515625 0.05546875 0.053125
1 0.47734375 0.08671875 0.05390625 0.04921875
0 0.06015625 0.51875 0.053125 0.053125
0 0.45625 0.7890625 0.05546875 0.053125
1 0.68046875 0.18359375 0.05546875 0.05
0 0.7390625 0.23203125 0.05234375 0.05
0 0.74921875 0.02578125 0.05234375 0.0484375
0 0.95703125 0.134375 0.05546875 0.05234375
0 0.40390625 0.79609375 0.0546875 0.0546875
0 0.1671875 0.628125 0.0546875 0.053125
0 0.21875 0.425 0.05234375 0.04921875
0 0.8921875 0.38515625 0.053125 0.0515625
0 0.1734375 0.278125 0.05234375 0.04921875
1 0.63203125 0.0796875 0.05234375 0.0515625
0 0.9125 0.2828125 0.05546875 0.053125
0 0.9484375 0.39140625 0.05390625 0.0515625
0 0.86328125 0.33359375 0.0546875 0.0515625
0 0.32109375 0.2734375 0.053125 0.05078125
1 0.53203125 0.13046875 0.0546875 0.0515625
0 0.365625 0.74375 0.0546875 0.053125
0 0.79609375 0.128125 0.05234375 0.046875
0 0.17109375 0.17734375 0.0546875 0.0484375
0 0.740625 0.07578125 0.053125 0.04921875
1 0.37421875 0.228125 0.05234375 0.05
1 0.3765625 0.08125 0.0515625 0.05
0 0.3234375 0.68515625 0.05390625 0.05234375
0 0.85859375 0.2828125 0.05234375 0.05078125
0 0.371875 0.53515625 0.053125 0.05
0 0.7390625 0.178125 0.053125 0.05078125
0 0.903125 0.13359375 0.0546875 0.0515625
0 0.41875 0.74453125 0.05625 0.05546875
0 0.21875 0.6265625 0.05546875 0.05234375
0 0.184375 0.03046875 0.05078125 0.04921875
1 0.4171875 0.13046875 0.053125 0.0484375
0 0.84375 0.17890625 0.05078125 0.0484375
1 0.4796875 0.27578125 0.053125 0.04921875
1 0.41953125 0.17734375 0.05390625 0.05
0 0.11328125 0.3671875 0.0515625 0.04921875
1 0.4828125 0.228125 0.053125 0.05078125
0 0.95390625 0.18515625 0.05546875 0.0515625
0 0.740625 0.128125 0.05234375 0.04921875
0 0.27109375 0.63203125 0.05546875 0.053125
0 0.90078125 0.23515625 0.05234375 0.05
0 0.1671875 0.47578125 0.0546875 0.05078125
0 0.11875 0.459375 0.053125 0.05078125
0 0.2265625 0.12578125 0.04921875 0.046875
0 0.271875 0.68203125 0.053125 0.0515625
0 0.27734375 0.21796875 0.05078125 0.046875
1 0.47578125 0.13359375 0.05390625 0.04921875
1 0.3265625 0.075 0.05078125 0.04921875
0 0.21171875 0.5265625 0.0546875 0.05
0 0.26875 0.5328125 0.0546875 0.05078125
0 0.16171875 0.37734375 0.05234375 0.05078125
0 0.33203125 0.03046875 0.05 0.0453125
0 0.2703125 0.48203125 0.053125 0.05078125
0 0.89921875 0.184375 0.05390625 0.0515625
0 0.2234375 0.31484375 0.05234375 0.05
0 0.425 0.48046875 0.05390625 0.04921875
0 0.47890625 0.42734375 0.05546875 0.05
0 0.37421875 0.48515625 0.05390625 0.05078125
0 0.17578125 0.2296875 0.0515625 0.04609375
1 0.47578125 0.18046875 0.05390625 0.0484375
0 0.43359375 0.228125 0.05078125 0.04765625
0 0.234375 0.03203125 0.04921875 0.0484375
0 0.428125 0.275 0.05234375 0.04921875
0 0.32109375 0.48046875 0.05390625 0.04921875
0 0.1125 0.5125 0.053125 0.05078125
0 0.27734375 0.0765625 0.05234375 0.04921875
0 0.37109375 0.43671875 0.053125 0.04921875
0 0.275 0.125 0.053125 0.04765625
0 0.42734375 0.4296875 0.053125 0.05
0 0.2828125 0.03125 0.05234375 0.04765625
0 0.27578125 0.16953125 0.053125 0.04765625
0 0.1609375 0.5265625 0.05546875 0.05078125
0 0.42265625 0.3765625 0.05390625 0.05
1 0.328125 0.16796875 0.05390625 0.05
0 0.32265625 0.42265625 0.05234375 0.05
0 0.215625 0.3765625 0.05234375 0.05
0 0.36640625 0.3890625 0.05234375 0.046875
0 0.32109375 0.328125 0.05234375 0.04921875
0 0.42421875 0.3265625 0.0515625 0.04765625
0 0.37109375 0.33515625 0.053125 0.0484375
0 0.2671875 0.37265625 0.053125 0.05
1 0.32578125 0.11953125 0.0515625 0.0453125
0 0.27109375 0.3265625 0.05234375 0.0484375
0 0.3171875 0.375 0.0515625 0.04921875