0 0.4546875 0.46015625 0.05078125 0.04296875
1 0.028125 0.7359375 0.0546875 0.0484375
0 0.59921875 0.50859375 0.05078125 0.0453125
0 0.34296875 0.45078125 0.0515625 0.04453125
0 0.50234375 0.50703125 0.05078125 0.04296875
0 0.29296875 0.459375 0.05078125 0.04609375
0 0.4515625 0.51171875 0.05078125 0.0453125
0 0.55078125 0.55390625 0.05 0.04375
1 0.0828125 0.73828125 0.05234375 0.0484375
0 0.659375 0.5515625 0.0515625 0.04453125
0 0.70546875 0.59375 0.05078125 0.04453125
0 0.4953125 0.596875 0.05 0.04375
0 0.29765625 0.5046875 0.053125 0.04609375
1 0.13828125 0.740625 0.053125 0.0484375
0 0.5515625 0.64375 0.05 0.04453125
1 0.959375 0.74921875 0.053125 0.04921875
1 0.1859375 0.6859375 0.053125 0.04765625
0 0.3953125 0.4125 0.05234375 0.0453125
0 0.446875 0.55625 0.05078125 0.04375
0 0.7609375 0.5921875 0.053125 0.04453125
0 0.3921875 0.6 0.05 0.04375
0 0.61015625 0.64375 0.05078125 0.04453125
1 0.07578125 0.88359375 0.0546875 0.0484375
0 0.28984375 0.54765625 0.05234375 0.04453125
0 0.33984375 0.59375 0.0515625 0.04296875
0 0.43984375 0.63828125 0.04921875 0.0421875
1 0.85625 0.74296875 0.05234375 0.0484375
0 0.8109375 0.64140625 0.05234375 0.0453125
1 0.23671875 0.60390625 0.05390625 0.04765625
0 0.70390625 0.63984375 0.05078125 0.04453125
1 0.23515625 0.5546875 0.05390625 0.0484375
1 0.240625 0.45078125 0.05234375 0.046875
1 0.94921875 0.8875 0.05390625 0.0484375
1 0.753125 0.5484375 0.05234375 0.046875
1 0.2875 0.59296875 0.05234375 0.04765625
1 0.2453125 0.50546875 0.05234375 0.04609375
1 0.9078125 0.74296875 0.05234375 0.04921875
1 0.13359375 0.88671875 0.05390625 0.04921875
0 0.76015625 0.68828125 0.0515625 0.04375
0 0.240625 0.6859375 0.0515625 0.04453125
0 0.290625 0.68671875 0.05234375 0.04375
0 0.8046875 0.740625 0.0515625 0.0453125
0 0.4 0.6921875 0.05078125 0.04296875
1 0.89765625 0.88359375 0.05390625 0.04921875
0 0.5 0.6890625 0.05078125 0.04375
1 0.75078125 0.45859375 0.05234375 0.046875
0 0.65546875 0.690625 0.0515625 0.04296875
1 0.6078125 0.55390625 0.0515625 0.046875
0 0.55 0.6921875 0.05078125 0.04453125
1 0.1859375 0.884375 0.053125 0.0484375
0 0.34453125 0.68671875 0.0515625 0.04296875
1 0.2375 0.884375 0.05390625 0.0484375
0 0.60546875 0.6890625 0.05078125 0.04375
1 0.79609375 0.8828125 0.05390625 0.04921875
0 0.1890625 0.73125 0.05234375 0.0453125
0 0.45078125 0.69296875 0.05078125 0.04375
1 0.7453125 0.88203125 0.05390625 0.04921875
1 0.33984375 0.89140625 0.0546875 0.0484375
1 0.28828125 0.88203125 0.053125 0.0484375
1 0.390625 0.89296875 0.05390625 0.04765625
1 0.846875 0.88203125 0.05234375 0.04921875
1 0.69375 0.88203125 0.05234375 0.04765625
1 0.64296875 0.8796875 0.05390625 0.04921875
1 0.5421875 0.88125 0.05234375 0.04765625
1 0.5921875 0.87578125 0.05234375 0.0484375
0 0.70546875 0.7828125 0.05078125 0.04609375
0 0.65546875 0.78828125 0.05234375 0.04609375
1 0.4921875 0.88515625 0.05390625 0.0484375
1 0.44140625 0.88515625 0.053125 0.0484375
0 0.553125 0.7921875 0.05234375 0.04453125
0 0.76015625 0.78046875 0.05234375 0.0453125
0 0.403125 0.78984375 0.0515625 0.04375
0 0.45390625 0.78828125 0.05078125 0.04453125
0 0.503125 0.79140625 0.0515625 0.04375
0 0.30390625 0.77890625 0.053125 0.04453125
0 0.35546875 0.78203125 0.0515625 0.04453125
1 0.75 0.3640625 0.0515625 0.04765625
0 0.603125 0.7921875 0.05078125 0.04453125
0 0.253125 0.78046875 0.0515625 0.04453125
0 0.2015625 0.77890625 0.0515625 0.0453125