0 0.503125 0.7078125 0.05078125 0.05078125
1 0.1359375 0.91796875 0.05625 0.053125
0 0.45 0.5515625 0.05234375 0.04921875
0 0.39921875 0.603125 0.053125 0.04921875
1 0.03203125 0.9171875 0.0515625 0.053125
1 0.81484375 0.91484375 0.053125 0.053125
1 0.86796875 0.915625 0.05390625 0.053125
1 0.34609375 0.9171875 0.053125 0.0515625
1 0.91875 0.8625 0.05390625 0.05234375
0 0.39765625 0.49921875 0.053125 0.04765625
0 0.55390625 0.49921875 0.0515625 0.0484375
1 0.7109375 0.96640625 0.05546875 0.0515625
0 0.3453125 0.5515625 0.053125 0.0484375
0 0.5015625 0.446875 0.05234375 0.04921875
0 0.29140625 0.3421875 0.0515625 0.05
1 0.3984375 0.91796875 0.053125 0.053125
0 0.23828125 0.39453125 0.05234375 0.05
0 0.34609375 0.65625 0.05234375 0.04921875
1 0.1359375 0.8640625 0.05390625 0.05234375
0 0.18984375 0.65546875 0.05390625 0.0515625
1 0.96953125 0.75859375 0.05234375 0.0515625
0 0.3453125 0.446875 0.053125 0.05078125
1 0.1875 0.8640625 0.05390625 0.05234375
1 0.18671875 0.5 0.0546875 0.0515625
1 0.2421875 0.8640625 0.0546875 0.05234375
1 0.71171875 0.9140625 0.05390625 0.0515625
1 0.29375 0.8640625 0.0546875 0.05234375
0 0.396875 0.39453125 0.05390625 0.05
0 0.8640625 0.18671875 0.05078125 0.05078125
0 0.55546875 0.65546875 0.05234375 0.04921875
0 0.86484375 0.3953125 0.05234375 0.04921875
1 0.084375 0.86328125 0.053125 0.05234375
1 0.2921875 0.70859375 0.0546875 0.0515625
0 0.55546875 0.86328125 0.0515625 0.04765625
0 0.4984375 0.23828125 0.05234375 0.05
0 0.60625 0.55078125 0.05078125 0.0484375
0 0.55390625 0.60234375 0.0515625 0.05
0 0.23828125 0.28984375 0.053125 0.05
0 0.34453125 0.3953125 0.053125 0.0515625
0 0.65703125 0.55 0.05234375 0.04921875
0 0.7078125 0.23828125 0.05234375 0.05
1 0.91875 0.809375 0.053125 0.053125
1 0.66015625 0.91484375 0.053125 0.053125
0 0.86640625 0.6546875 0.053125 0.05
0 0.0796875 0.18515625 0.05234375 0.05234375
0 0.50078125 0.3953125 0.0515625 0.0484375
0 0.55546875 0.8109375 0.05234375 0.05
0 0.1875 0.39453125 0.05390625 0.05078125
1 0.13359375 0.39453125 0.05390625 0.0515625
1 0.55390625 0.75859375 0.05234375 0.0515625
1 0.86640625 0.75625 0.0515625 0.05
0 0.03203125 0.86484375 0.05234375 0.05078125
0 0.65703125 0.44609375 0.053125 0.04921875
0 0.29453125 0.65546875 0.053125 0.04921875
0 0.5 0.34296875 0.053125 0.04921875
1 0.81328125 0.6546875 0.05546875 0.05390625
0 0.39609375 0.3421875 0.05390625 0.04921875
1 0.29296875 0.5515625 0.05546875 0.05234375
0 0.6078125 0.70625 0.05234375 0.04921875
0 0.60859375 0.91484375 0.05234375 0.05
0 0.08515625 0.81328125 0.053125 0.0515625
1 0.7625 0.8625 0.05390625 0.0515625
1 0.60625 0.8625 0.05390625 0.053125
0 0.2921875 0.603125 0.053125 0.05078125
0 0.03203125 0.65703125 0.053125 0.05234375
1 0.3984375 0.8640625 0.05546875 0.0515625
0 0.4515625 0.915625 0.053125 0.04921875
0 0.759375 0.23828125 0.053125 0.05078125
0 0.96875 0.4984375 0.05234375 0.05078125
0 0.81484375 0.60234375 0.053125 0.05
0 0.40078125 0.96796875 0.0515625 0.05
1 0.96953125 0.70703125 0.05234375 0.053125
1 0.60625 0.7578125 0.05234375 0.05078125
0 0.2421875 0.70859375 0.05390625 0.05078125
0 0.76328125 0.75859375 0.05234375 0.05
1 0.1359375 0.8109375 0.0546875 0.05234375
1 0.18671875 0.4453125 0.053125 0.05
0 0.6578125 0.4984375 0.05234375 0.0484375
0 0.2890625 0.08046875 0.053125 0.05078125
1 0.08359375 0.71015625 0.05625 0.05546875
0 0.915625 0.60234375 0.0515625 0.05
0 0.0328125 0.76015625 0.053125 0.05
0 0.8640625 0.290625 0.05234375 0.05
1 0.134375 0.71015625 0.05390625 0.053125
0 0.81484375 0.8625 0.05234375 0.05
0 0.7109375 0.70703125 0.05234375 0.05078125
0 0.9171875 0.5515625 0.0515625 0.05078125
1 0.71171875 0.8625 0.0546875 0.05234375
1 0.96953125 0.65546875 0.053125 0.05390625
0 0.60625 0.65546875 0.05234375 0.05
1 0.9171875 0.6546875 0.053125 0.05234375
1 0.76171875 0.60234375 0.0546875 0.05234375
0 0.18515625 0.23828125 0.053125 0.05078125
0 0.8140625 0.446875 0.05390625 0.05
0 0.6609375 0.8109375 0.053125 0.05078125
1 0.18828125 0.709375 0.05546875 0.0546875
0 0.65546875 0.1859375 0.05234375 0.04921875
0 0.659375 0.70625 0.05234375 0.04921875
0 0.1328125 0.18515625 0.0546875 0.0515625
0 0.8140625 0.55078125 0.053125 0.0484375
0 0.4515625 0.8109375 0.05234375 0.05
0 0.1859375 0.3421875 0.053125 0.05078125
0 0.81484375 0.81015625 0.053125 0.05234375
1 0.76328125 0.809375 0.0546875 0.05390625
0 0.1859375 0.290625 0.0546875 0.05078125
1 0.86640625 0.70546875 0.053125 0.0515625
0 0.66015625 0.8625 0.053125 0.0484375
0 0.9171875 0.4984375 0.05234375 0.05078125
0 0.39375 0.1328125 0.05078125 0.05
1 0.659375 0.75859375 0.0546875 0.05234375
1 0.29140625 0.49921875 0.05390625 0.0515625
0 0.8640625 0.3421875 0.05234375 0.04921875
0 0.190625 0.81171875 0.0546875 0.05078125
1 0.3421875 0.2375 0.0546875 0.053125
1 0.08203125 0.65546875 0.05546875 0.05390625
0 0.446875 0.1859375 0.053125 0.05
0 0.4984375 0.18671875 0.053125 0.05
1 0.34375 0.49921875 0.0546875 0.053125
1 0.24140625 0.65625 0.05625 0.05390625
0 0.03203125 0.7078125 0.05234375 0.04921875
0 0.7109375 0.8109375 0.053125 0.05
0 0.71171875 0.75859375 0.053125 0.05078125
0 0.39921875 0.81171875 0.053125 0.05
0 0.084375 0.7609375 0.0546875 0.05234375
0 0.240625 0.76015625 0.053125 0.05078125
0 0.759375 0.13359375 0.053125 0.05
0 0.1375 0.76015625 0.0546875 0.0515625
0 0.81328125 0.49921875 0.053125 0.04921875
1 0.03125 0.603125 0.0515625 0.05546875
0 0.24296875 0.81171875 0.05546875 0.05078125
0 0.4984375 0.08125 0.05234375 0.05078125
0 0.86640625 0.603125 0.053125 0.05
0 0.759375 0.18671875 0.05390625 0.05
1 0.7078125 0.290625 0.05390625 0.053125
1 0.1875 0.603125 0.053125 0.053125
1 0.0828125 0.603125 0.05546875 0.053125
0 0.60859375 0.9671875 0.0515625 0.04921875
1 0.8140625 0.75859375 0.053125 0.05078125
1 0.55078125 0.44765625 0.053125 0.0515625
0 0.6546875 0.134375 0.05234375 0.05
0 0.66015625 0.96640625 0.053125 0.05078125
0 0.29296875 0.8125 0.0546875 0.05
0 0.184375 0.1328125 0.05390625 0.0515625
0 0.60234375 0.13359375 0.0515625 0.04921875
0 0.4515625 0.8640625 0.0546875 0.04921875
1 0.446875 0.23828125 0.05234375 0.05078125
1 0.96875 0.603125 0.053125 0.053125
0 0.55 0.08046875 0.0515625 0.04921875
0 0.1890625 0.759375 0.05390625 0.05078125
0 0.2359375 0.08046875 0.053125 0.0515625
1 0.71015625 0.65546875 0.05390625 0.0546875
1 0.2890625 0.290625 0.0546875 0.05234375
1 0.6046875 0.49921875 0.053125 0.0515625
1 0.446875 0.34375 0.053125 0.0515625
0 0.34609375 0.8640625 0.05234375 0.04921875
0 0.44609375 0.13359375 0.05234375 0.05078125
1 0.70703125 0.39296875 0.05234375 0.05234375
1 0.34296875 0.34140625 0.05390625 0.05234375
1 0.759375 0.70859375 0.0546875 0.05234375
1 0.55078125 0.23828125 0.053125 0.05234375
1 0.13359375 0.34140625 0.053125 0.05078125
1 0.76171875 0.5484375 0.05390625 0.04921875
1 0.240625 0.60234375 0.0546875 0.05234375
0 0.3453125 0.81171875 0.05234375 0.05
1 0.07890625 0.1328125 0.05390625 0.053125
0 0.1328125 0.1328125 0.05546875 0.0515625
1 0.75859375 0.290625 0.05390625 0.05234375
1 0.65859375 0.6546875 0.05390625 0.05234375
1 0.81171875 0.39375 0.053125 0.0515625
1 0.13359375 0.290625 0.0546875 0.053125
1 0.13203125 0.23828125 0.05546875 0.0546875
1 0.6578125 0.60234375 0.053125 0.05078125
1 0.3953125 0.290625 0.053125 0.0515625
1 0.603125 0.23828125 0.05234375 0.05234375
1 0.6546875 0.23984375 0.053125 0.053125
1 0.5515625 0.39375 0.053125 0.04921875
1 0.28984375 0.184375 0.05390625 0.0515625
1 0.23671875 0.23828125 0.05546875 0.0546875
1 0.96875 0.54921875 0.053125 0.053125
1 0.5 0.2890625 0.05390625 0.0515625
1 0.6046875 0.60234375 0.05234375 0.05078125
1 0.39453125 0.184375 0.05390625 0.0515625
1 0.65546875 0.39375 0.05234375 0.0515625
1 0.76171875 0.4984375 0.0546875 0.05078125
1 0.759375 0.446875 0.0546875 0.0515625
1 0.603125 0.446875 0.05234375 0.05078125
1 0.5515625 0.34140625 0.053125 0.05
1 0.07734375 0.07890625 0.0515625 0.0515625
1 0.23671875 0.18515625 0.05390625 0.0515625
1 0.18515625 0.18671875 0.05390625 0.05234375
1 0.8125 0.340625 0.053125 0.05
1 0.2359375 0.13203125 0.0546875 0.053125
1 0.13046875 0.0796875 0.05390625 0.053125
1 0.1828125 0.08203125 0.05625 0.05390625
1 0.7046875 0.1875 0.053125 0.053125
1 0.81171875 0.28984375 0.053125 0.05078125
1 0.55 0.18515625 0.053125 0.0515625
1 0.55 0.1328125 0.0546875 0.05234375
1 0.4984375 0.13125 0.053125 0.0515625
1 0.60234375 0.184375 0.053125 0.0515625
1 0.34140625 0.184375 0.04921875 0.05