0 0.96171875 0.60078125 0.0515625 0.05
1 0.7078125 0.55859375 0.05078125 0.04921875
1 0.6578125 0.565625 0.05078125 0.04921875
1 0.70390625 0.5109375 0.05078125 0.04921875
1 0.75625 0.453125 0.0515625 0.04921875
1 0.60859375 0.5578125 0.05 0.04921875
1 0.653125 0.5171875 0.05078125 0.04921875
1 0.50234375 0.64765625 0.05078125 0.0484375
1 0.7 0.41640625 0.05078125 0.04921875
1 0.3625 0.59296875 0.05078125 0.0484375
1 0.48828125 0.69375 0.05 0.04765625
1 0.396875 0.55546875 0.0515625 0.05
1 0.75078125 0.40625 0.05078125 0.0484375
1 0.34765625 0.70625 0.05234375 0.0515625
1 0.54296875 0.459375 0.05078125 0.05
1 0.5921875 0.4546875 0.05 0.05078125
1 0.44140625 0.71015625 0.05078125 0.05
1 0.6546875 0.4640625 0.0515625 0.05
1 0.6484375 0.61875 0.05078125 0.0484375
1 0.59765625 0.65703125 0.05078125 0.04921875
1 0.34921875 0.49921875 0.0515625 0.05
1 0.35078125 0.65 0.053125 0.05078125
1 0.7078125 0.4625 0.05078125 0.04921875
1 0.70390625 0.76875 0.05078125 0.0484375
1 0.759375 0.76484375 0.05234375 0.0484375
1 0.453125 0.65546875 0.0515625 0.05078125
1 0.30703125 0.60234375 0.05078125 0.0484375
1 0.5609375 0.56328125 0.05 0.0484375
1 0.44765625 0.503125 0.04921875 0.04765625
1 0.60078125 0.50390625 0.04921875 0.0484375
1 0.60234375 0.4 0.05 0.04921875
1 0.65390625 0.7640625 0.05078125 0.04921875
1 0.5484375 0.7171875 0.0515625 0.04921875
1 0.2984375 0.45 0.0515625 0.04921875
1 0.44296875 0.7609375 0.05078125 0.05
1 0.29375 0.38671875 0.05234375 0.04921875
1 0.296875 0.7046875 0.0515625 0.04921875
1 0.39765625 0.4546875 0.0515625 0.04921875
1 0.6515625 0.40859375 0.0515625 0.05078125
1 0.1953125 0.66171875 0.05234375 0.05078125
1 0.75390625 0.35859375 0.05234375 0.05
1 0.13984375 0.6578125 0.053125 0.0515625
1 0.3953125 0.4046875 0.05078125 0.046875
1 0.49375 0.453125 0.05 0.04765625
1 0.5484375 0.76484375 0.05234375 0.0484375
1 0.12734375 0.603125 0.053125 0.05234375
1 0.3890625 0.76875 0.0515625 0.05
1 0.346875 0.546875 0.05 0.04921875
1 0.1421875 0.703125 0.05234375 0.05078125
1 0.34140625 0.7578125 0.0515625 0.04921875
1 0.80546875 0.81796875 0.05234375 0.04921875
1 0.19296875 0.709375 0.05078125 0.05078125
1 0.13125 0.5546875 0.053125 0.05078125
1 0.246875 0.61171875 0.053125 0.05
1 0.7515625 0.8125 0.05078125 0.04765625
1 0.2375 0.390625 0.05234375 0.04921875
1 0.5515625 0.50703125 0.05078125 0.05
1 0.4421875 0.81328125 0.05078125 0.05
1 0.28828125 0.4953125 0.0515625 0.04921875
1 0.4515625 0.60703125 0.05078125 0.04921875
1 0.23046875 0.4921875 0.05234375 0.05
1 0.1875 0.34765625 0.0515625 0.04921875
1 0.284375 0.290625 0.0515625 0.0484375
1 0.09453125 0.703125 0.05234375 0.05078125
1 0.2859375 0.33828125 0.05234375 0.04765625
1 0.6546875 0.3578125 0.05 0.05
1 0.3921875 0.81640625 0.05234375 0.04921875
1 0.3984375 0.50390625 0.05078125 0.05
1 0.07421875 0.6015625 0.0515625 0.0515625
1 0.1328125 0.5015625 0.0515625 0.04921875
1 0.13671875 0.3515625 0.0515625 0.05
1 0.13515625 0.75859375 0.053125 0.05
1 0.28984375 0.24453125 0.05234375 0.05
1 0.184375 0.446875 0.053125 0.05078125
1 0.17734375 0.39375 0.0515625 0.05
1 0.7484375 0.7078125 0.0515625 0.04921875
1 0.74375 0.3125 0.0515625 0.04765625
1 0.0875 0.340625 0.0515625 0.05
1 0.19140625 0.29375 0.05234375 0.04921875
1 0.79375 0.3078125 0.0515625 0.05
0 0.9578125 0.44921875 0.0515625 0.04921875
1 0.45390625 0.8671875 0.0515625 0.05
1 0.8578125 0.86171875 0.05390625 0.05078125
1 0.5015625 0.5984375 0.05 0.04609375
1 0.07578125 0.53359375 0.05234375 0.05078125
1 0.04296875 0.71171875 0.053125 0.0515625
1 0.91484375 0.803125 0.053125 0.05
1 0.70390625 0.8640625 0.05078125 0.04765625
1 0.809375 0.7625 0.05 0.046875
1 0.8078125 0.86484375 0.05234375 0.0484375
1 0.13515625 0.1984375 0.053125 0.0515625
1 0.03828125 0.5625 0.053125 0.0515625
1 0.1421875 0.24609375 0.0515625 0.05
1 0.3484375 0.8546875 0.0515625 0.046875
1 0.08125 0.38828125 0.05234375 0.05078125
0 0.85234375 0.6078125 0.0515625 0.04921875
1 0.23203125 0.20703125 0.0515625 0.05
0 0.96171875 0.86640625 0.05078125 0.04765625
1 0.91328125 0.8578125 0.05234375 0.05
0 0.96953125 0.24765625 0.05 0.04921875
0 0.915625 0.1984375 0.04921875 0.04765625
1 0.28203125 0.1953125 0.05234375 0.04921875
1 0.0703125 0.2953125 0.053125 0.05078125
1 0.08515625 0.19921875 0.05234375 0.05234375
0 0.8515625 0.66015625 0.0515625 0.05
1 0.08515625 0.84453125 0.05234375 0.0515625
0 0.9703125 0.8046875 0.05 0.04921875
1 0.54765625 0.8171875 0.05234375 0.04921875
1 0.0453125 0.7609375 0.053125 0.05
0 0.96328125 0.3 0.0515625 0.05078125
0 0.9625 0.4 0.0515625 0.04921875
0 0.696875 0.60859375 0.0515625 0.0484375
1 0.034375 0.346875 0.0515625 0.05078125
1 0.44765625 0.91328125 0.05234375 0.04921875
1 0.040625 0.66484375 0.05234375 0.05078125
0 0.853125 0.5546875 0.05234375 0.05
1 0.24296875 0.9 0.05234375 0.05
1 0.7609375 0.26796875 0.05234375 0.05
0 0.76015625 0.56484375 0.05078125 0.04609375
1 0.85703125 0.90703125 0.0515625 0.05
1 0.0875 0.1484375 0.0515625 0.05078125
1 0.025 0.25390625 0.04921875 0.0515625
0 0.90703125 0.7078125 0.05 0.04921875
0 0.49296875 0.08671875 0.04921875 0.0484375
1 0.13984375 0.91484375 0.05390625 0.05078125
0 0.8 0.70546875 0.0515625 0.04921875
0 0.971875 0.3515625 0.05 0.0515625
0 0.39609375 0.14453125 0.05078125 0.0484375
0 0.59296875 0.91796875 0.05 0.0484375
1 0.03671875 0.40859375 0.05390625 0.05390625
0 0.85625 0.45234375 0.0515625 0.0484375
0 0.85390625 0.06875 0.05078125 0.0484375
0 0.871875 0.25390625 0.05 0.04921875
0 0.6453125 0.67109375 0.0515625 0.04921875
1 0.021875 0.2015625 0.04375 0.053125
0 0.925 0.3390625 0.05078125 0.05078125
0 0.85234375 0.5046875 0.05234375 0.04921875
0 0.81328125 0.1859375 0.05 0.0484375
0 0.4515625 0.2984375 0.04765625 0.046875
0 0.88203125 0.15390625 0.05 0.05
0 0.60234375 0.7109375 0.05078125 0.04921875
0 0.2890625 0.64765625 0.05 0.04921875
0 0.18359375 0.03984375 0.05 0.05
0 0.69375 0.0203125 0.04921875 0.03984375
0 0.96484375 0.7625 0.0421875 0.04140625
1 0.0375 0.85390625 0.0515625 0.0515625
0 0.54375 0.096875 0.04921875 0.05078125
0 0.84765625 0.11875 0.05078125 0.05
0 0.76796875 0.01875 0.05 0.0375
0 0.3296875 0.03046875 0.0484375 0.0484375
0 0.13359375 0.80546875 0.05078125 0.0484375
0 0.1921875 0.24140625 0.05078125 0.05078125
0 0.85625 0.715625 0.0515625 0.05078125
0 0.90703125 0.753125 0.0515625 0.04921875
0 0.6 0.0390625 0.03984375 0.03984375
1 0.078125 0.1 0.0515625 0.05
0 0.28046875 0.04375 0.0484375 0.04921875
0 0.3375 0.9609375 0.05 0.04609375
0 0.54765625 0.15390625 0.04765625 0.04921875
1 0.75546875 0.9546875 0.0515625 0.05078125
0 0.24453125 0.665625 0.04921875 0.0484375
1 0.79375 0.23046875 0.0515625 0.05
0 0.34765625 0.4515625 0.0515625 0.05078125
1 0.1765625 0.0890625 0.05078125 0.05078125
0 0.55546875 0.03828125 0.0484375 0.0484375
0 0.3390625 0.240625 0.0515625 0.05
0 0.44765625 0.23984375 0.046875 0.0484375
0 0.75234375 0.5015625 0.05078125 0.04765625
1 0.1265625 0.09453125 0.0515625 0.0515625
1 0.24140625 0.2546875 0.05 0.0484375
0 0.12890625 0.86796875 0.05234375 0.05078125
0 0.2890625 0.91953125 0.05078125 0.04921875
0 0.80078125 0.5078125 0.05234375 0.04921875
0 0.1890625 0.75703125 0.05 0.0484375
0 0.44609375 0.44375 0.05234375 0.05078125
0 0.6546875 0.86484375 0.0515625 0.04921875
0 0.4984375 0.9125 0.05078125 0.04765625
0 0.340625 0.1890625 0.05078125 0.05
0 0.54453125 0.2984375 0.04921875 0.04921875
0 0.55390625 0.87578125 0.05 0.04921875
0 0.803125 0.4046875 0.0515625 0.0484375
0 0.6515625 0.29296875 0.04921875 0.04921875
0 0.48671875 0.19609375 0.040625 0.03984375
0 0.28671875 0.09453125 0.040625 0.04375
0 0.334375 0.3015625 0.05078125 0.05
0 0.496875 0.25703125 0.04921875 0.04921875
0 0.3421875 0.13828125 0.04921875 0.05
0 0.45859375 0.9609375 0.05 0.046875
0 0.396875 0.953125 0.0484375 0.04765625
0 0.34453125 0.39921875 0.0515625 0.05078125
0 0.85859375 0.81171875 0.05078125 0.0484375
0 0.59921875 0.7640625 0.05234375 0.05078125
0 0.80390625 0.35390625 0.05 0.0484375
0 0.82265625 0.26796875 0.0484375 0.0484375
0 0.80625 0.45 0.0515625 0.04765625
0 0.228125 0.1015625 0.0484375 0.0484375
0 0.5453125 0.2515625 0.0484375 0.04921875
0 0.7046875 0.18828125 0.05 0.05
1 0.7359375 0.91328125 0.0453125 0.0421875
0 0.64375 0.19609375 0.04921875 0.04921875
0 0.290625 0.140625 0.04921875 0.0515625
0 0.4046875 0.8625 0.05078125 0.04921875
0 0.1859375 0.1859375 0.05 0.05078125
0 0.85859375 0.765625 0.05078125 0.0484375
0 0.2984375 0.86484375 0.05234375 0.05
1 0.23203125 0.9515625 0.0515625 0.0484375
0 0.50390625 0.86328125 0.05078125 0.04921875
0 0.1859375 0.13984375 0.05078125 0.05234375
1 0.02578125 0.10625 0.05078125 0.05234375
0 0.503125 0.40546875 0.05078125 0.04921875
0 0.44453125 0.396875 0.05 0.04921875
0 0.3890625 0.35625 0.05 0.04921875
0 0.59765625 0.81875 0.0515625 0.04921875
0 0.20078125 0.8578125 0.05078125 0.05078125
0 0.18984375 0.9046875 0.0515625 0.05078125
0 0.54375 0.19765625 0.04140625 0.04140625
1 0.70546875 0.9640625 0.0515625 0.0484375
0 0.709375 0.27578125 0.04921875 0.04921875
0 0.4984375 0.3578125 0.05 0.04921875
0 0.553125 0.35234375 0.05 0.04921875
0 0.6921875 0.321875 0.05078125 0.04921875
0 0.18203125 0.959375 0.05078125 0.0484375
0 0.234375 0.1484375 0.0515625 0.053125
0 0.60390625 0.3515625 0.05078125 0.04765625
0 0.55234375 0.40078125 0.0515625 0.04921875
1 0.8046875 0.96640625 0.05 0.04765625
0 0.284375 0.7515625 0.053125 0.05078125
0 0.84609375 0.30390625 0.03984375 0.03984375
0 0.6296875 0.24140625 0.04765625 0.04765625
0 0.29140625 0.7984375 0.05234375 0.05078125
0 0.69609375 0.8171875 0.0515625 0.04921875
1 0.90390625 0.9546875 0.05234375 0.04921875
0 0.2390625 0.7984375 0.05078125 0.05078125
0 0.703125 0.36953125 0.0515625 0.0484375
0 0.58515625 0.23125 0.0421875 0.0421875
0 0.34296875 0.8078125 0.0515625 0.05
1 0.13046875 0.9609375 0.05234375 0.04921875
0 0.646875 0.81328125 0.0515625 0.05
0 0.25078125 0.84453125 0.05234375 0.0515625
0 0.2421875 0.7125 0.0515625 0.05
0 0.6015625 0.19375 0.0375 0.03828125
0 0.3953125 0.90859375 0.04140625 0.04140625
1 0.13828125 0.1484375 0.0515625 0.04921875
1 0.18203125 0.5109375 0.05078125 0.04765625
0 0.746875 0.21484375 0.0515625 0.0484375
0 0.68046875 0.2375 0.05078125 0.04765625
0 0.2390625 0.75546875 0.0390625 0.03984375