1 0.8703125 0.56796875 0.08203125 0.06484375
0 0.07890625 0.60703125 0.0828125 0.0609375
1 0.7484375 0.6359375 0.0875 0.06328125
1 0.82890625 0.428125 0.08046875 0.0625
1 0.946875 0.4890625 0.078125 0.06484375
1 0.7484375 0.48671875 0.08828125 0.0609375
0 0.07734375 0.78515625 0.0859375 0.0609375
0 0.1859375 0.54765625 0.08515625 0.059375
0 0.17734375 0.690625 0.08203125 0.06484375
0 0.07421875 0.54609375 0.08359375 0.06015625
1 0.77578125 0.7765625 0.0859375 0.065625
1 0.753125 0.71015625 0.08828125 0.0640625
0 0.14296875 0.84140625 0.08203125 0.06328125
1 0.6453125 0.6140625 0.0875 0.06328125
0 0.553125 0.628125 0.078125 0.06328125
1 0.5515625 0.7 0.08515625 0.06640625
1 0.665625 0.86796875 0.0890625 0.071875
1 0.5515625 0.775 0.090625 0.06796875
0 0.465625 0.63203125 0.08046875 0.06171875
0 0.2546875 0.8421875 0.08984375 0.06640625
0 0.359375 0.840625 0.08671875 0.0671875
1 0.65703125 0.6984375 0.08984375 0.06796875
1 0.66875 0.76796875 0.08984375 0.06796875
0 0.0921875 0.43125 0.0765625 0.06015625
0 0.3671875 0.6234375 0.078125 0.065625
0 0.0734375 0.4890625 0.08203125 0.05703125
0 0.27421875 0.68828125 0.084375 0.059375
0 0.4734375 0.49375 0.075 0.05546875
0 0.57265625 0.5578125 0.075 0.059375
0 0.28828125 0.6234375 0.0796875 0.06640625
1 0.45 0.76171875 0.0859375 0.0703125
0 0.09453125 0.246875 0.07890625 0.053125
0 0.2734375 0.5546875 0.08203125 0.059375
1 0.37421875 0.703125 0.08828125 0.06328125
0 0.2625 0.77265625 0.08671875 0.065625
1 0.7203125 0.42265625 0.08125 0.05703125
0 0.15390625 0.91640625 0.08515625 0.0734375
1 0.45078125 0.8578125 0.0859375 0.07421875
0 0.24375 0.92265625 0.08984375 0.0734375
0 0.3578125 0.5578125 0.0796875 0.05625
1 0.35234375 0.76953125 0.0859375 0.06953125
1 0.6421875 0.4984375 0.08359375 0.06015625
1 0.6328125 0.4328125 0.08125 0.059375
0 0.36640625 0.4890625 0.07578125 0.0578125
1 0.53203125 0.4234375 0.08359375 0.0609375
0 0.2734375 0.484375 0.08125 0.05546875
1 0.61484375 0.31171875 0.0828125 0.05546875
1 0.18828125 0.4875 0.0796875 0.06328125
0 0.08125 0.371875 0.08125 0.05625
1 0.6515625 0.5546875 0.08046875 0.0578125
0 0.18046875 0.36796875 0.0765625 0.0546875
1 0.46484375 0.9296875 0.096875 0.06953125
1 0.3546875 0.23671875 0.0765625 0.05859375
0 0.6390625 0.38046875 0.075 0.0546875
0 0.44609375 0.43828125 0.07578125 0.0578125
0 0.3703125 0.9390625 0.0890625 0.07265625
1 0.69375 0.3046875 0.07734375 0.05625
0 0.5609375 0.5015625 0.07734375 0.05546875
1 0.10390625 0.2984375 0.07578125 0.06171875
0 0.46015625 0.37890625 0.0734375 0.05859375
1 0.725 0.365625 0.078125 0.0609375
1 0.1859375 0.42421875 0.0828125 0.06015625
1 0.36875 0.30546875 0.0734375 0.059375
0 0.36953125 0.42890625 0.07421875 0.05859375
1 0.2640625 0.2375 0.08046875 0.05625
1 0.5234375 0.23984375 0.07578125 0.05625
1 0.5296875 0.3015625 0.07734375 0.05859375
0 0.1875 0.18984375 0.0765625 0.053125
1 0.25625 0.31484375 0.084375 0.0578125
1 0.2734375 0.18515625 0.075 0.05546875
1 0.44765625 0.2484375 0.07421875 0.05859375
0 0.365625 0.37265625 0.075 0.05390625
0 0.53828125 0.36796875 0.07265625 0.05859375
1 0.2828125 0.42421875 0.078125 0.059375
0 0.4515625 0.315625 0.071875 0.05625
0 0.10625 0.19140625 0.075 0.05703125
1 0.1765625 0.24296875 0.075 0.0578125
1 0.1765625 0.31015625 0.0734375 0.06015625
1 0.2703125 0.36875 0.08125 0.05625
0 0.2796875 0.1328125 0.0734375 0.05234375