0 0.48984375 0.49296875 0.0703125 0.06875
1 0.35234375 0.63828125 0.07421875 0.0703125
0 0.36875 0.490625 0.071875 0.06796875
1 0.28203125 0.6296875 0.071875 0.06953125
1 0.646875 0.65546875 0.0734375 0.0703125
1 0.57734375 0.64140625 0.07265625 0.06953125
1 0.365625 0.70703125 0.07578125 0.071875
0 0.56328125 0.49296875 0.0734375 0.06953125
1 0.43515625 0.7203125 0.071875 0.0703125
1 0.21484375 0.70859375 0.07578125 0.06953125
0 0.56640625 0.5703125 0.07421875 0.06875
0 0.35546875 0.56796875 0.0734375 0.06875
0 0.6390625 0.49453125 0.07265625 0.06875
0 0.2828125 0.559375 0.07421875 0.06953125
0 0.225 0.49375 0.07421875 0.06796875
0 0.503125 0.35390625 0.071875 0.06953125
0 0.64140625 0.565625 0.0734375 0.06875
1 0.7203125 0.740625 0.07578125 0.071875
0 0.725 0.5015625 0.075 0.06875
0 0.72265625 0.575 0.075 0.06953125
0 0.28125 0.41875 0.07421875 0.06796875
0 0.20625 0.571875 0.07578125 0.06953125
0 0.21171875 0.640625 0.07578125 0.06953125
0 0.6390625 0.42578125 0.0734375 0.06953125
0 0.359375 0.35546875 0.07421875 0.06953125
0 0.56015625 0.4265625 0.07265625 0.06875
0 0.13203125 0.5734375 0.07421875 0.06953125
0 0.421875 0.42578125 0.071875 0.0671875
1 0.20625 0.7765625 0.075 0.07109375
1 0.428125 0.5640625 0.07109375 0.06953125
1 0.4984375 0.559375 0.07265625 0.06953125
0 0.80546875 0.5765625 0.0734375 0.06875
1 0.5046875 0.79375 0.07265625 0.071875
1 0.80625 0.65546875 0.075 0.0703125
0 0.14453125 0.4046875 0.07421875 0.06953125
0 0.43984375 0.26796875 0.07109375 0.06796875
1 0.57890625 0.73125 0.07578125 0.07265625
0 0.5671875 0.2828125 0.071875 0.06875
0 0.72578125 0.646875 0.07578125 0.07109375
0 0.2984375 0.27890625 0.07109375 0.0671875
1 0.43359375 0.7890625 0.07265625 0.07109375
0 0.14375 0.71640625 0.07421875 0.0703125
0 0.7046875 0.35 0.0734375 0.06875
1 0.721875 0.4265625 0.0734375 0.06953125
0 0.0625 0.63125 0.071875 0.07109375
0 0.2109375 0.34140625 0.075 0.06953125
0 0.646875 0.28203125 0.071875 0.06953125
1 0.80390625 0.425 0.07421875 0.06796875
1 0.66484375 0.79453125 0.07421875 0.06953125
1 0.2796875 0.853125 0.07265625 0.0703125
0 0.06640625 0.484375 0.07265625 0.06953125
1 0.81015625 0.503125 0.07421875 0.06875
0 0.13984375 0.8015625 0.07421875 0.06953125
1 0.88046875 0.425 0.07421875 0.06953125
1 0.28515625 0.19296875 0.071875 0.06953125
1 0.50859375 0.8671875 0.07421875 0.071875
1 0.20859375 0.85546875 0.07421875 0.071875
1 0.88359375 0.5765625 0.075 0.06875
0 0.06484375 0.7140625 0.071875 0.06953125
0 0.13671875 0.26328125 0.075 0.06953125
0 0.07109375 0.35390625 0.07265625 0.06953125
0 0.64296875 0.2140625 0.0734375 0.06875
0 0.3515625 0.21484375 0.07265625 0.06796875
1 0.21328125 0.2 0.07265625 0.06796875
1 0.721875 0.27265625 0.0734375 0.0703125
1 0.88515625 0.728125 0.07421875 0.0703125
0 0.50078125 0.20390625 0.0734375 0.06796875
1 0.5953125 0.8765625 0.071875 0.07109375
1 0.28984375 0.12265625 0.071875 0.06953125
1 0.7125 0.20390625 0.0734375 0.06875
1 0.22421875 0.26640625 0.07109375 0.06640625
1 0.3640625 0.13046875 0.071875 0.06875
1 0.80546875 0.7890625 0.0734375 0.06875
1 0.86484375 0.20703125 0.0734375 0.06796875
1 0.51640625 0.1234375 0.07265625 0.06796875
1 0.14765625 0.1265625 0.07265625 0.06875
1 0.8703125 0.27421875 0.07421875 0.0703125
1 0.946875 0.2796875 0.0734375 0.06875
1 0.946875 0.3609375 0.0734375 0.06953125
1 0.715625 0.134375 0.07421875 0.06875
1 0.43671875 0.1296875 0.0703125 0.06796875
0 0.1390625 0.871875 0.0765625 0.07109375
1 0.0734375 0.209375 0.07265625 0.06953125
1 0.78671875 0.29375 0.07265625 0.06796875
0 0.14609375 0.1953125 0.07421875 0.06953125
0 0.06875 0.86796875 0.07421875 0.07109375
1 0.43515625 0.06328125 0.071875 0.0671875
1 0.3546875 0.9328125 0.075 0.07109375
0 0.58515625 0.1375 0.07265625 0.06875
1 0.571875 0.0625 0.071875 0.06640625
1 0.93671875 0.1234375 0.0734375 0.06953125
1 0.2046875 0.9390625 0.07578125 0.071875
1 0.28359375 0.0515625 0.07109375 0.06796875
1 0.86015625 0.0578125 0.07109375 0.06796875
1 0.7765625 0.0578125 0.071875 0.06796875
1 0.43828125 0.93671875 0.0734375 0.07109375
1 0.1453125 0.05703125 0.07265625 0.06875
1 0.065625 0.06015625 0.0703125 0.06796875
0 0.1328125 0.940625 0.075 0.06953125