0 0.334375 0.77734375 0.06484375 0.0625
1 0.103125 0.70078125 0.07109375 0.0640625
0 0.34140625 0.703125 0.06875 0.06171875
0 0.5015625 0.69453125 0.06640625 0.059375
0 0.26171875 0.70546875 0.06875 0.06015625
1 0.1 0.621875 0.071875 0.06328125
0 0.571875 0.77265625 0.0671875 0.0609375
0 0.496875 0.85 0.06875 0.06015625
0 0.5734375 0.84921875 0.0671875 0.0609375
1 0.18828125 0.6078125 0.06953125 0.06328125
0 0.42421875 0.69453125 0.0671875 0.05859375
0 0.34140625 0.61875 0.0671875 0.059375
0 0.2578125 0.62421875 0.06796875 0.06015625
0 0.34375 0.8515625 0.06875 0.06171875
0 0.17890625 0.6984375 0.0703125 0.0609375
0 0.65546875 0.70546875 0.06796875 0.06015625
0 0.65234375 0.78671875 0.06796875 0.06015625
1 0.834375 0.8453125 0.06953125 0.0640625
1 0.1109375 0.54921875 0.0703125 0.0640625
1 0.825 0.778125 0.07109375 0.0671875
1 0.0390625 0.553125 0.06796875 0.06171875
0 0.50859375 0.5515625 0.06484375 0.05859375
0 0.7375 0.78359375 0.06953125 0.0625
0 0.57890625 0.6203125 0.06484375 0.05859375
0 0.3375 0.5578125 0.06796875 0.059375
1 0.74296875 0.84765625 0.07109375 0.0640625
0 0.6578125 0.6234375 0.06640625 0.05859375
0 0.2546875 0.5515625 0.06796875 0.059375
1 0.7453125 0.7 0.06796875 0.06171875
1 0.91640625 0.709375 0.06953125 0.06328125
1 0.1859375 0.478125 0.07109375 0.06328125
1 0.6625 0.85078125 0.06953125 0.0640625
1 0.8234375 0.61796875 0.06875 0.0625
1 0.27734375 0.41015625 0.06953125 0.06171875
1 0.09765625 0.48203125 0.0703125 0.0625
0 0.4984375 0.47578125 0.06796875 0.0609375
0 0.1046875 0.7640625 0.06953125 0.06171875
1 0.359375 0.40078125 0.06875 0.0625
1 0.10390625 0.33828125 0.06796875 0.0625
1 0.02578125 0.7046875 0.0515625 0.06328125
0 0.34921875 0.4828125 0.06640625 0.05859375
1 0.8296875 0.69140625 0.06953125 0.0640625
1 0.7296875 0.553125 0.06953125 0.06328125
0 0.18125 0.54375 0.06875 0.0609375
1 0.58359375 0.55078125 0.0671875 0.06328125
1 0.65625 0.54609375 0.06796875 0.0625
1 0.42421875 0.334375 0.06796875 0.06328125
1 0.73359375 0.47421875 0.0671875 0.06328125
0 0.6671875 0.92734375 0.06796875 0.06171875
1 0.50625 0.33671875 0.0671875 0.06328125
1 0.896875 0.41171875 0.0671875 0.0625
1 0.815625 0.54921875 0.06875 0.0640625
0 0.5796875 0.928125 0.06875 0.06171875
1 0.16953125 0.3296875 0.07109375 0.0625
1 0.584375 0.3390625 0.065625 0.06328125
1 0.81875 0.4109375 0.06796875 0.06171875
0 0.2734375 0.48203125 0.06640625 0.059375
1 0.35390625 0.32890625 0.06875 0.0640625
0 0.590625 0.40546875 0.06484375 0.059375
1 0.0328125 0.32421875 0.06484375 0.06328125
0 0.7484375 0.625 0.0671875 0.059375
0 0.75859375 0.91953125 0.06796875 0.0609375
1 0.7375 0.3375 0.0671875 0.06328125
0 0.67265625 0.40859375 0.065625 0.06015625
1 0.834375 0.91328125 0.06953125 0.0640625
0 0.50625 0.4 0.06640625 0.0609375
0 0.4359375 0.4078125 0.06484375 0.059375
0 0.41171875 0.92890625 0.06796875 0.06171875
1 0.11484375 0.25703125 0.06875 0.06171875
1 0.97734375 0.6390625 0.0453125 0.0640625
1 0.503125 0.26171875 0.06640625 0.0625
1 0.3484375 0.26640625 0.06796875 0.06015625
1 0.97109375 0.4046875 0.05703125 0.06171875
0 0.7375 0.40390625 0.065625 0.06015625
1 0.184375 0.196875 0.06640625 0.0609375
1 0.2703125 0.19140625 0.06640625 0.06015625
1 0.97734375 0.48359375 0.0453125 0.0640625
1 0.7296875 0.275 0.06640625 0.06171875
1 0.64140625 0.27421875 0.06640625 0.059375
1 0.6546875 0.209375 0.06640625 0.06171875
1 0.978125 0.559375 0.04375 0.06328125
1 0.51640625 0.19375 0.0671875 0.06015625
1 0.728125 0.13046875 0.0671875 0.06171875
1 0.88671875 0.12890625 0.06640625 0.06171875
1 0.8140625 0.13125 0.0671875 0.06171875
1 0.58359375 0.12421875 0.065625 0.06015625
0 0.6625 0.32890625 0.06640625 0.06015625
1 0.34375 0.13671875 0.065625 0.06015625
1 0.9640625 0.12578125 0.06640625 0.06328125
1 0.8 0.0484375 0.0640625 0.0609375
1 0.6421875 0.04921875 0.065625 0.0609375
1 0.71171875 0.04609375 0.065625 0.06015625