0 0.8625 0.5359375 0.05234375 0.0484375
1 0.028125 0.46015625 0.053125 0.0484375
0 0.82890625 0.440625 0.05234375 0.04453125
0 0.76640625 0.34765625 0.05078125 0.04375
1 0.0359375 0.27109375 0.0515625 0.0484375
0 0.85390625 0.228125 0.05234375 0.0484375
0 0.928125 0.61796875 0.0515625 0.04609375
0 0.8421875 0.30390625 0.0515625 0.04609375
0 0.76875 0.4421875 0.0515625 0.04375
1 0.0859375 0.4546875 0.05390625 0.0484375
0 0.8359375 0.3515625 0.05078125 0.0453125
0 0.50546875 0.45390625 0.05078125 0.04453125
1 0.1265625 0.2203125 0.05234375 0.0484375
0 0.7703125 0.78828125 0.05234375 0.04609375
1 0.08671875 0.26796875 0.05234375 0.0484375
0 0.678125 0.6390625 0.05078125 0.04453125
1 0.0859375 0.31640625 0.05390625 0.04765625
1 0.18828125 0.36328125 0.0515625 0.046875
0 0.7671875 0.62265625 0.05234375 0.0453125
0 0.9234375 0.78671875 0.0515625 0.04765625
1 0.0890625 0.4078125 0.053125 0.04765625
1 0.1421875 0.50390625 0.05390625 0.0484375
0 0.69140625 0.14765625 0.05078125 0.04453125
0 0.71015625 0.29921875 0.0515625 0.0453125
1 0.090625 0.36328125 0.053125 0.04765625
1 0.19375 0.21015625 0.05390625 0.04921875
0 0.6625 0.49921875 0.05078125 0.04453125
1 0.3578125 0.65078125 0.0515625 0.04765625
1 0.14140625 0.40859375 0.053125 0.04609375
1 0.19296875 0.6546875 0.05234375 0.04765625
0 0.8625 0.6625 0.05078125 0.0453125
0 0.08359375 0.60078125 0.053125 0.04609375
0 0.70234375 0.39140625 0.05078125 0.0453125
0 0.81796875 0.62421875 0.0515625 0.04609375
1 0.24453125 0.31328125 0.05234375 0.046875
1 0.240625 0.26484375 0.05390625 0.0484375
0 0.7046875 0.72734375 0.05078125 0.0453125
0 0.50703125 0.553125 0.05078125 0.04453125
0 0.5453125 0.16171875 0.05234375 0.04609375
0 0.70078125 0.43828125 0.0515625 0.04375
1 0.2953125 0.21796875 0.053125 0.0484375
0 0.5578125 0.5453125 0.05 0.0453125
0 0.5 0.35234375 0.05 0.04453125
1 0.4046875 0.16484375 0.05390625 0.0484375
0 0.715625 0.2546875 0.05078125 0.04609375
1 0.25078125 0.50625 0.053125 0.04609375
0 0.39921875 0.3046875 0.05078125 0.04609375
0 0.9265625 0.21015625 0.0515625 0.046875
0 0.396875 0.45234375 0.0515625 0.04453125
0 0.61328125 0.696875 0.05078125 0.0453125
1 0.240625 0.36328125 0.053125 0.0484375
1 0.19453125 0.409375 0.05234375 0.04609375
0 0.0265625 0.22421875 0.0515625 0.04921875
1 0.24375 0.2171875 0.05234375 0.04609375
0 0.39375 0.40546875 0.05234375 0.04453125
1 0.19453125 0.596875 0.053125 0.0484375
1 0.25390625 0.59765625 0.05390625 0.046875
0 0.29140625 0.359375 0.053125 0.04609375
1 0.1375 0.11640625 0.05234375 0.0484375
0 0.6609375 0.10078125 0.05078125 0.046875
0 0.3421875 0.40234375 0.0515625 0.0453125
0 0.3984375 0.4984375 0.05078125 0.04375
1 0.0859375 0.7515625 0.05234375 0.0484375
1 0.25234375 0.709375 0.053125 0.04765625
1 0.35 0.16484375 0.053125 0.0484375
0 0.653125 0.4078125 0.04921875 0.0453125
0 0.6140625 0.6015625 0.05 0.04375
0 0.86875 0.61796875 0.0515625 0.04765625
0 0.92890625 0.8375 0.0515625 0.04765625
1 0.1875 0.15625 0.05234375 0.05
0 0.03125 0.50546875 0.053125 0.04765625
0 0.08984375 0.5 0.05390625 0.04609375
1 0.45625 0.7875 0.053125 0.046875
0 0.6125 0.55546875 0.05078125 0.04453125
0 0.6125 0.509375 0.04921875 0.04296875
1 0.2 0.50234375 0.05234375 0.04609375
0 0.66484375 0.69609375 0.05078125 0.046875
1 0.45546875 0.740625 0.05234375 0.04765625
0 0.13828125 0.4546875 0.05390625 0.04765625
0 0.0328125 0.55234375 0.053125 0.046875
0 0.4546875 0.159375 0.05078125 0.04453125
1 0.1921875 0.54765625 0.05234375 0.04609375
0 0.8265625 0.84609375 0.05234375 0.04609375
0 0.91953125 0.16484375 0.0515625 0.04609375
1 0.30625 0.64375 0.0515625 0.0453125
0 0.453125 0.5984375 0.05 0.0453125
0 0.6 0.3484375 0.05 0.0453125
1 0.09375 0.80078125 0.05390625 0.0484375
1 0.3546875 0.746875 0.05234375 0.046875
0 0.61328125 0.253125 0.04921875 0.0453125
0 0.55859375 0.7875 0.0515625 0.0453125
1 0.290625 0.1140625 0.053125 0.0484375
0 0.64765625 0.20859375 0.05 0.04453125
0 0.2421875 0.4578125 0.05390625 0.04609375
0 0.29375 0.26484375 0.05234375 0.046875
1 0.40546875 0.74765625 0.05234375 0.046875
0 0.55390625 0.403125 0.05078125 0.0453125
0 0.50859375 0.11640625 0.05234375 0.04609375
0 0.24609375 0.40859375 0.05390625 0.046875
1 0.1875 0.11015625 0.0515625 0.0484375
1 0.240625 0.1140625 0.053125 0.04765625
0 0.509375 0.73671875 0.053125 0.046875
1 0.3421875 0.11875 0.053125 0.04765625
0 0.509375 0.63828125 0.05078125 0.0453125
1 0.61953125 0.8328125 0.0515625 0.04765625
1 0.3015625 0.74609375 0.053125 0.0484375
0 0.1421875 0.55625 0.05390625 0.04765625
1 0.5671875 0.83828125 0.053125 0.0484375
0 0.65703125 0.7453125 0.0515625 0.046875
1 0.34140625 0.06953125 0.05390625 0.04765625
1 0.2453125 0.06796875 0.053125 0.0484375
0 0.353125 0.53828125 0.0515625 0.04375
0 0.5046875 0.21171875 0.05078125 0.04609375
1 0.5078125 0.78984375 0.05234375 0.046875
0 0.3 0.31328125 0.053125 0.046875
0 0.0390625 0.7 0.05390625 0.0484375
0 0.87578125 0.83984375 0.0515625 0.0453125
1 0.3015625 0.89140625 0.05234375 0.046875
1 0.09765625 0.84609375 0.05390625 0.0484375
0 0.07578125 0.2171875 0.05078125 0.04765625
0 0.30625 0.50625 0.0515625 0.04375
0 0.02734375 0.1203125 0.0515625 0.04765625
0 0.3578125 0.5953125 0.0515625 0.0453125
1 0.4609375 0.8328125 0.05390625 0.04765625
0 0.1390625 0.16328125 0.053125 0.0484375
1 0.25703125 0.65703125 0.05234375 0.0453125
0 0.55390625 0.259375 0.05078125 0.04609375
0 0.25 0.55078125 0.05234375 0.0453125
1 0.24296875 0.7546875 0.05390625 0.04765625
1 0.56328125 0.88984375 0.0515625 0.046875
1 0.146875 0.8015625 0.05390625 0.04765625
0 0.66484375 0.25234375 0.05 0.046875
1 0.3109375 0.79140625 0.05390625 0.046875
0 0.55 0.3578125 0.05234375 0.046875
0 0.1890625 0.459375 0.05390625 0.046875
0 0.92109375 0.11796875 0.0515625 0.0453125
1 0.3015625 0.8375 0.053125 0.04765625
0 0.4046875 0.2546875 0.0515625 0.046875
0 0.503125 0.2625 0.0515625 0.046875
0 0.0875 0.1703125 0.05234375 0.04921875
0 0.39375 0.11953125 0.053125 0.04609375
1 0.5140625 0.83671875 0.053125 0.04765625
0 0.03359375 0.7453125 0.053125 0.04765625
0 0.41015625 0.6375 0.0515625 0.0453125
1 0.15546875 0.89609375 0.05234375 0.046875
0 0.39296875 0.0703125 0.053125 0.04609375
0 0.784375 0.88359375 0.05234375 0.04453125
0 0.34765625 0.21015625 0.0515625 0.04609375
0 0.14375 0.60234375 0.053125 0.04609375
0 0.0359375 0.8 0.053125 0.04765625
0 0.6703125 0.840625 0.05234375 0.046875
0 0.61640625 0.7875 0.05234375 0.0453125
0 0.6671875 0.7953125 0.05234375 0.046875
0 0.29921875 0.6890625 0.053125 0.046875
0 0.66015625 0.05078125 0.0515625 0.0453125
0 0.50625 0.06953125 0.05234375 0.0453125
0 0.09140625 0.70546875 0.053125 0.04765625
0 0.14296875 0.64765625 0.05234375 0.0453125
1 0.5109375 0.93046875 0.05234375 0.04765625
0 0.34453125 0.25859375 0.0515625 0.04609375
0 0.45234375 0.26875 0.05 0.0453125
0 0.56171875 0.2125 0.05078125 0.0453125
0 0.30234375 0.55390625 0.05234375 0.04609375
1 0.09765625 0.8953125 0.053125 0.04765625
0 0.39765625 0.209375 0.0515625 0.046875
1 0.04140625 0.90078125 0.05390625 0.046875
0 0.50625 0.68984375 0.05234375 0.04609375
0 0.7328125 0.884375 0.05078125 0.04453125
1 0.1984375 0.83828125 0.053125 0.04765625
1 0.246875 0.846875 0.05390625 0.04765625
0 0.30625 0.59921875 0.053125 0.0453125
0 0.60390625 0.39296875 0.05078125 0.0453125
0 0.084375 0.12109375 0.053125 0.04765625
0 0.35234375 0.696875 0.053125 0.046875
0 0.25078125 0.7984375 0.05390625 0.046875
0 0.66796875 0.8859375 0.053125 0.04609375
0 0.0453125 0.8546875 0.053125 0.046875
0 0.1421875 0.7109375 0.0546875 0.0484375
0 0.2015625 0.7 0.0546875 0.0484375
0 0.459375 0.6421875 0.0515625 0.0453125
0 0.20078125 0.79140625 0.05390625 0.046875
1 0.61640625 0.9359375 0.0515625 0.04765625
0 0.403125 0.70078125 0.0515625 0.0453125
0 0.1421875 0.75625 0.0546875 0.046875
0 0.61640625 0.88828125 0.05234375 0.0453125
0 0.19140625 0.0609375 0.05234375 0.04765625
0 0.19140625 0.7453125 0.05390625 0.0484375
0 0.45390625 0.6921875 0.0515625 0.0453125
1 0.56171875 0.93984375 0.0515625 0.046875
1 0.30234375 0.93828125 0.05234375 0.04609375
0 0.6765625 0.94296875 0.0515625 0.0453125
0 0.08671875 0.071875 0.0515625 0.046875
0 0.1375 0.0703125 0.05390625 0.046875