1 0.7875 0.72734375 0.0546875 0.05078125
0 0.8296875 0.4734375 0.05546875 0.05
1 0.8421875 0.7265625 0.05546875 0.053125
0 0.50703125 0.4765625 0.05390625 0.04765625
0 0.1796875 0.4671875 0.05625 0.0484375
0 0.3375 0.37734375 0.0546875 0.04921875
1 0.95390625 0.728125 0.05625 0.05390625
1 0.88828125 0.68046875 0.05625 0.0515625
0 0.815625 0.1828125 0.05234375 0.046875
0 0.5046875 0.784375 0.05546875 0.0515625
0 0.7171875 0.17734375 0.05390625 0.0453125
0 0.15546875 0.7828125 0.059375 0.05390625
1 0.55234375 0.321875 0.053125 0.0484375
1 0.496875 0.26875 0.0515625 0.04765625
1 0.6015625 0.3078125 0.053125 0.0484375
0 0.29609375 0.184375 0.05234375 0.04453125
1 0.95 0.6140625 0.05546875 0.0515625
1 0.07734375 0.1734375 0.0515625 0.046875
1 0.43671875 0.171875 0.05234375 0.04609375
0 0.02578125 0.26953125 0.0515625 0.0484375
0 0.2625 0.8359375 0.05859375 0.053125
1 0.17734375 0.121875 0.053125 0.04765625
1 0.49765625 0.2171875 0.05234375 0.046875
1 0.29296875 0.1203125 0.05234375 0.046875
1 0.0734375 0.121875 0.053125 0.0484375
1 0.0234375 0.121875 0.046875 0.04765625
1 0.44375 0.1203125 0.0515625 0.046875
0 0.8984375 0.7296875 0.05859375 0.05390625
0 0.6046875 0.2640625 0.053125 0.04609375
0 0.125 0.22578125 0.0546875 0.046875
0 0.79375 0.784375 0.05703125 0.053125
1 0.07421875 0.0734375 0.0515625 0.04765625
0 0.07109375 0.21875 0.05390625 0.04765625
0 0.96171875 0.7875 0.0578125 0.05390625
0 0.02578125 0.18125 0.0515625 0.046875
1 0.13203125 0.08046875 0.053125 0.04765625
0 0.553125 0.2703125 0.053125 0.0484375
0 0.1828125 0.171875 0.0546875 0.04609375
0 0.4984375 0.171875 0.05234375 0.04609375
0 0.4953125 0.12578125 0.05234375 0.04609375
0 0.54921875 0.22265625 0.05390625 0.046875
0 0.85 0.784375 0.05703125 0.0546875
0 0.90625 0.7921875 0.0578125 0.053125
0 0.13046875 0.17421875 0.05390625 0.046875
0 0.12734375 0.13125 0.05546875 0.04609375
1 0.99296875 0.68203125 0.0140625 0.0484375