0 0.503125 0.48984375 0.05078125 0.04921875
1 0.0375 0.659375 0.053125 0.0546875
1 0.965625 0.653125 0.053125 0.05234375
0 0.18984375 0.79765625 0.05390625 0.053125
0 0.8734375 0.79609375 0.05546875 0.05390625
0 0.021875 0.315625 0.04375 0.053125
1 0.04765625 0.43515625 0.0515625 0.05
1 0.0515625 0.3671875 0.05234375 0.0515625
1 0.98203125 0.36796875 0.0359375 0.0484375
1 0.0671875 0.41015625 0.05546875 0.04921875
0 0.9453125 0.59375 0.05546875 0.05390625
0 0.97734375 0.45546875 0.04453125 0.05078125
0 0.98515625 0.74296875 0.0296875 0.0515625
0 0.984375 0.6015625 0.03125 0.04921875
0 0.98515625 0.42109375 0.0296875 0.0453125