0 0.23671875 0.5453125 0.0515625 0.0484375
1 0.3890625 0.54921875 0.05078125 0.0484375
1 0.43828125 0.55546875 0.05078125 0.0484375
1 0.3390625 0.55 0.0515625 0.04765625
1 0.48984375 0.55 0.05 0.046875
0 0.1875 0.490625 0.05234375 0.05
1 0.59296875 0.59453125 0.0515625 0.04921875
1 0.2484375 0.39921875 0.05234375 0.04921875
1 0.54609375 0.54375 0.0515625 0.04921875
0 0.2921875 0.71015625 0.053125 0.0484375
1 0.69921875 0.4390625 0.05078125 0.0484375
1 0.3 0.3875 0.05234375 0.05
1 0.6484375 0.43359375 0.05078125 0.04765625
1 0.69609375 0.33515625 0.0515625 0.04921875
1 0.55546875 0.28671875 0.05 0.04921875
1 0.6421875 0.58828125 0.05 0.04765625
1 0.696875 0.3921875 0.05234375 0.05
1 0.59140625 0.65546875 0.0515625 0.05
1 0.34375 0.60078125 0.053125 0.05
0 0.2921875 0.65 0.05390625 0.05
1 0.6984375 0.6421875 0.05234375 0.04921875
1 0.69609375 0.59296875 0.0515625 0.0484375
1 0.65 0.54375 0.05078125 0.04765625
0 0.28828125 0.5453125 0.05234375 0.0515625
1 0.6359375 0.4984375 0.053125 0.0484375
1 0.34765625 0.646875 0.053125 0.04921875
1 0.34765625 0.44609375 0.053125 0.04921875
0 0.19140625 0.43828125 0.05234375 0.0484375
1 0.490625 0.17734375 0.0515625 0.04921875
1 0.3390625 0.503125 0.05234375 0.0484375
1 0.18984375 0.38515625 0.05234375 0.05078125
0 0.13828125 0.38125 0.0515625 0.05
1 0.35390625 0.39765625 0.05234375 0.04765625
1 0.8625 0.64765625 0.05234375 0.05
1 0.6078125 0.28671875 0.04921875 0.0484375
1 0.54609375 0.803125 0.05078125 0.05
1 0.29140625 0.240625 0.05234375 0.04921875
1 0.64453125 0.7046875 0.05234375 0.04921875
0 0.28828125 0.4421875 0.053125 0.04921875
1 0.74765625 0.60078125 0.05234375 0.05
0 0.184375 0.6921875 0.0515625 0.0484375
1 0.6484375 0.753125 0.053125 0.05
1 0.903125 0.5984375 0.05078125 0.05
1 0.803125 0.44765625 0.05234375 0.05
1 0.5921875 0.76015625 0.05234375 0.04921875
0 0.3859375 0.80625 0.053125 0.04921875
1 0.340625 0.23046875 0.05234375 0.04921875
0 0.29140625 0.79765625 0.05234375 0.0484375
1 0.69453125 0.703125 0.05234375 0.04921875
1 0.76640625 0.228125 0.05 0.0484375
1 0.5953125 0.8140625 0.05 0.05078125
1 0.91484375 0.490625 0.053125 0.0515625
0 0.284375 0.33984375 0.05234375 0.0484375
1 0.853125 0.60078125 0.05390625 0.0515625
1 0.7171875 0.23203125 0.05078125 0.0484375
1 0.3359375 0.3359375 0.053125 0.04921875
1 0.91171875 0.2921875 0.05234375 0.05234375
0 0.13359375 0.23984375 0.05234375 0.05
0 0.18046875 0.32734375 0.05078125 0.04765625
1 0.815625 0.18515625 0.05234375 0.0515625
1 0.340625 0.18125 0.05390625 0.05078125
1 0.49609375 0.2796875 0.0515625 0.05
0 0.2875 0.49765625 0.05390625 0.05078125
1 0.53828125 0.85859375 0.0515625 0.04921875
1 0.86015625 0.346875 0.05234375 0.05
0 0.29296875 0.60234375 0.05234375 0.05
1 0.23125 0.33984375 0.053125 0.05078125
1 0.4859375 0.86015625 0.05234375 0.05
1 0.79765625 0.7078125 0.05234375 0.04921875
1 0.90859375 0.7046875 0.05234375 0.05
1 0.54453125 0.17734375 0.0515625 0.0484375
0 0.6 0.54375 0.05 0.046875
0 0.1328125 0.18671875 0.05234375 0.05
1 0.64375 0.86328125 0.05390625 0.0515625
1 0.80703125 0.1203125 0.0515625 0.04921875
1 0.9015625 0.24296875 0.05234375 0.0515625
0 0.44140625 0.75234375 0.0515625 0.0484375
1 0.9125 0.1859375 0.05234375 0.05078125
0 0.2890625 0.18046875 0.05078125 0.04765625
0 0.1859375 0.28125 0.0515625 0.04765625
1 0.91015625 0.34609375 0.0515625 0.05078125
0 0.29453125 0.2875 0.0515625 0.0484375
1 0.44609375 0.22578125 0.0515625 0.05
0 0.540625 0.753125 0.0515625 0.04765625
0 0.434375 0.85234375 0.0515625 0.04765625
1 0.95234375 0.240625 0.05390625 0.0515625
1 0.75625 0.078125 0.0515625 0.0484375
1 0.65234375 0.17890625 0.05234375 0.05
1 0.35078125 0.69375 0.05390625 0.04921875
0 0.49453125 0.80546875 0.0515625 0.04765625
1 0.396875 0.07265625 0.05234375 0.0484375
0 0.08125 0.28046875 0.0515625 0.04921875
1 0.65 0.06484375 0.0515625 0.04921875
1 0.9671875 0.553125 0.05234375 0.05
0 0.24140625 0.28046875 0.05078125 0.0484375
0 0.8625 0.753125 0.053125 0.04921875
0 0.19140625 0.79375 0.053125 0.04921875
1 0.59296875 0.921875 0.05234375 0.05078125
0 0.08125 0.13125 0.0515625 0.05
1 0.48671875 0.90546875 0.05234375 0.04921875
1 0.403125 0.14296875 0.053125 0.05078125
0 0.746875 0.38984375 0.0515625 0.04765625
1 0.640625 0.1234375 0.053125 0.05
1 0.90859375 0.1390625 0.0515625 0.04921875
0 0.7 0.54375 0.0515625 0.04765625
0 0.81171875 0.8015625 0.05234375 0.04765625
1 0.4359375 0.91484375 0.05234375 0.04921875
0 0.35078125 0.1328125 0.05078125 0.046875
1 0.96015625 0.65625 0.0546875 0.05234375
1 0.65078125 0.9265625 0.05234375 0.05078125
0 0.540625 0.69453125 0.0515625 0.04765625
0 0.1421875 0.128125 0.0515625 0.05078125
0 0.809375 0.3453125 0.05078125 0.046875
1 0.59765625 0.05703125 0.0515625 0.0484375
0 0.59375 0.70859375 0.05 0.04765625
0 0.8 0.60078125 0.05234375 0.0484375
0 0.75703125 0.759375 0.05234375 0.04765625
1 0.18359375 0.17734375 0.05234375 0.04921875
0 0.80078125 0.65546875 0.05234375 0.04921875
0 0.2421875 0.23359375 0.05078125 0.04765625
0 0.74765625 0.65234375 0.05234375 0.04921875
1 0.2453125 0.08125 0.05234375 0.04765625
0 0.3796875 0.915625 0.053125 0.04921875
1 0.4890625 0.05703125 0.05234375 0.04921875
0 0.915625 0.753125 0.0515625 0.04921875
0 0.29765625 0.08515625 0.05 0.04765625
0 0.240625 0.17578125 0.05078125 0.05
1 0.540625 0.1265625 0.05390625 0.05
0 0.6515625 0.8125 0.053125 0.04921875
1 0.80703125 0.07421875 0.05078125 0.04765625
1 0.9625 0.1890625 0.0515625 0.05
0 0.70234375 0.865625 0.053125 0.05
0 0.8609375 0.2890625 0.0515625 0.0484375
1 0.70859375 0.921875 0.053125 0.0515625
0 0.7 0.7515625 0.05234375 0.04921875
0 0.7453125 0.71015625 0.05390625 0.0484375
0 0.753125 0.54921875 0.05234375 0.04765625
1 0.134375 0.08125 0.05234375 0.04921875
0 0.75234375 0.33359375 0.0515625 0.0484375
0 0.96953125 0.5046875 0.05078125 0.04921875
0 0.70859375 0.81171875 0.05234375 0.04921875
0 0.8609375 0.2140625 0.0515625 0.04921875
0 0.6921875 0.49765625 0.0515625 0.046875
0 0.8546875 0.5453125 0.0515625 0.04921875
1 0.96796875 0.70390625 0.05234375 0.04921875
1 0.7046875 0.02578125 0.05078125 0.046875
0 0.815625 0.2359375 0.05 0.04765625
1 0.12890625 0.44296875 0.053125 0.05
0 0.34765625 0.0765625 0.0515625 0.04765625
1 0.959375 0.0765625 0.0515625 0.04921875
0 0.7625 0.49765625 0.05234375 0.04765625
0 0.19140625 0.125 0.053125 0.04921875
0 0.08046875 0.0796875 0.05234375 0.0484375
0 0.8640625 0.49765625 0.05234375 0.0484375
0 0.8078125 0.2828125 0.05078125 0.04765625
0 0.8578125 0.4421875 0.053125 0.0484375
0 0.85625 0.7015625 0.05234375 0.0484375
0 0.859375 0.39453125 0.0515625 0.0484375
0 0.2421875 0.12890625 0.05234375 0.04921875
0 0.75625 0.28671875 0.05078125 0.04609375
0 0.96640625 0.44921875 0.05078125 0.04765625
0 0.19453125 0.0703125 0.0515625 0.04921875
0 0.91171875 0.440625 0.05234375 0.04921875
0 0.80390625 0.5515625 0.053125 0.04921875
0 0.86640625 0.1671875 0.0515625 0.04921875
0 0.9625 0.3890625 0.05234375 0.05
0 0.759375 0.91015625 0.053125 0.05
0 0.8140625 0.5046875 0.0515625 0.0484375
0 0.9625 0.3390625 0.05234375 0.05
0 0.909375 0.39453125 0.05234375 0.0484375
0 0.8578125 0.11953125 0.05234375 0.04921875
1 0.753125 0.021875 0.05 0.04375
0 0.5359375 0.07421875 0.0515625 0.0453125
0 0.7484375 0.45078125 0.0515625 0.046875
0 0.9640625 0.2921875 0.053125 0.05
0 0.86015625 0.07265625 0.05234375 0.0484375
1 0.24375 0.03359375 0.05390625 0.04921875
1 0.13203125 0.03359375 0.053125 0.04765625
1 0.4078125 0.025 0.0515625 0.04609375
0 0.38671875 0.96796875 0.05234375 0.04921875
0 0.81015625 0.02109375 0.0515625 0.0421875
1 0.60859375 0.971875 0.0515625 0.04921875
0 0.9140625 0.02578125 0.0515625 0.04765625
1 0.96640625 0.03125 0.0515625 0.0484375
0 0.1859375 0.02109375 0.05078125 0.04140625
0 0.86328125 0.02578125 0.05234375 0.046875
1 0.5453125 0.975 0.05234375 0.0484375
1 0.4421875 0.96875 0.05234375 0.05
0 0.3421875 0.02265625 0.05078125 0.04375
0 0.759375 0.97265625 0.053125 0.0484375
1 0.65546875 0.01953125 0.0484375 0.0390625
1 0.65703125 0.28125 0.04921875 0.05
1 0.70703125 0.28515625 0.04921875 0.0484375
1 0.9109375 0.5515625 0.05 0.0484375
1 0.9078125 0.0890625 0.05234375 0.0484375