1 0.4515625 0.69140625 0.03359375 0.0359375
1 0.3046875 0.69296875 0.034375 0.03828125
0 0.303125 0.6421875 0.03359375 0.03359375
0 0.2546875 0.6921875 0.03359375 0.0328125
0 0.25390625 0.59375 0.034375 0.0328125
1 0.20546875 0.59296875 0.034375 0.034375
0 0.30390625 0.54453125 0.034375 0.03359375
0 0.2046875 0.690625 0.03359375 0.034375
1 0.40234375 0.59375 0.03671875 0.0359375
0 0.2046875 0.49375 0.0328125 0.03359375
1 0.40234375 0.64296875 0.0359375 0.0359375
0 0.2046875 0.6421875 0.034375 0.03515625
1 0.15546875 0.690625 0.034375 0.03515625
0 0.2546875 0.49453125 0.03515625 0.034375
1 0.30390625 0.78984375 0.03515625 0.03515625
0 0.15546875 0.5921875 0.034375 0.03515625
1 0.40234375 0.54609375 0.03515625 0.0328125
1 0.10625 0.64140625 0.03515625 0.0359375
1 0.353125 0.740625 0.03515625 0.034375
1 0.20546875 0.740625 0.03359375 0.03515625
1 0.45078125 0.496875 0.034375 0.03203125
1 0.20625 0.54375 0.03515625 0.03515625
0 0.2546875 0.44609375 0.034375 0.034375
0 0.40234375 0.39765625 0.03515625 0.03359375
1 0.50078125 0.5453125 0.034375 0.034375
0 0.403125 0.44609375 0.03515625 0.03359375
0 0.25390625 0.6421875 0.03359375 0.034375
0 0.30390625 0.396875 0.034375 0.03359375
0 0.50078125 0.3984375 0.034375 0.0328125
1 0.55 0.496875 0.03515625 0.03359375
0 0.5015625 0.49453125 0.03359375 0.03046875
0 0.55 0.4484375 0.03359375 0.03125
0 0.353125 0.49453125 0.03359375 0.0328125
0 0.40234375 0.30078125 0.034375 0.0328125
1 0.15625 0.64140625 0.03515625 0.0359375
1 0.7953125 0.596875 0.0359375 0.03515625
0 0.3046875 0.34765625 0.034375 0.03359375
0 0.4515625 0.35 0.03359375 0.03203125
1 0.59921875 0.64453125 0.03671875 0.03671875
1 0.84375 0.5984375 0.034375 0.034375
0 0.25546875 0.34765625 0.03359375 0.03359375
1 0.15546875 0.54453125 0.0359375 0.034375
0 0.403125 0.34921875 0.03515625 0.03359375
1 0.10703125 0.49453125 0.034375 0.034375
1 0.2546875 0.740625 0.034375 0.03515625
0 0.353125 0.3 0.034375 0.0328125
1 0.696875 0.69609375 0.03671875 0.03359375
0 0.20625 0.346875 0.034375 0.03359375
1 0.696875 0.54765625 0.03515625 0.03515625
0 0.10703125 0.44375 0.034375 0.034375
1 0.15625 0.49453125 0.03515625 0.034375
0 0.50078125 0.4484375 0.034375 0.03203125
0 0.30546875 0.2515625 0.03515625 0.034375
0 0.79375 0.3046875 0.034375 0.0328125
1 0.7453125 0.50078125 0.034375 0.03359375
1 0.1078125 0.39609375 0.03515625 0.03515625
1 0.696875 0.49921875 0.03515625 0.034375
1 0.8921875 0.54765625 0.034375 0.03359375
1 0.79453125 0.50078125 0.03515625 0.03359375
1 0.79375 0.403125 0.034375 0.0328125
0 0.84296875 0.403125 0.03359375 0.0328125
0 0.50078125 0.69375 0.034375 0.0328125
1 0.05625 0.5921875 0.034375 0.03515625
1 0.15703125 0.3484375 0.03515625 0.034375
0 0.74375 0.30390625 0.0328125 0.0328125
0 0.8421875 0.35390625 0.0328125 0.03359375
1 0.50078125 0.35078125 0.03515625 0.03203125
0 0.15546875 0.396875 0.034375 0.0328125
0 0.25546875 0.25 0.034375 0.034375
0 0.353125 0.78984375 0.03515625 0.03359375
1 0.1078125 0.2984375 0.03515625 0.03359375
1 0.40234375 0.253125 0.03515625 0.03203125
1 0.89140625 0.5 0.03515625 0.03515625
0 0.353125 0.203125 0.03359375 0.0328125
0 0.403125 0.15546875 0.034375 0.0328125
1 0.4515625 0.20546875 0.03515625 0.03203125
0 0.30546875 0.203125 0.034375 0.03359375
0 0.5 0.15625 0.034375 0.0328125
0 0.4515625 0.15546875 0.034375 0.0328125
0 0.88984375 0.30625 0.03359375 0.03359375
0 0.30546875 0.15390625 0.03515625 0.03359375
0 0.7921875 0.25625 0.03359375 0.0328125
0 0.54921875 0.2046875 0.03359375 0.03203125
1 0.93984375 0.5015625 0.03359375 0.034375
0 0.8921875 0.596875 0.0328125 0.03515625
0 0.5984375 0.20546875 0.034375 0.0328125
1 0.35390625 0.253125 0.034375 0.03203125
1 0.88984375 0.35625 0.03515625 0.0328125
1 0.50078125 0.20546875 0.03515625 0.03203125
0 0.0578125 0.3953125 0.034375 0.03515625
0 0.6953125 0.20625 0.034375 0.0328125
0 0.15625 0.2984375 0.03359375 0.0328125
0 0.15625 0.44609375 0.03515625 0.03359375
0 0.646875 0.20625 0.03359375 0.0328125
1 0.9390625 0.40546875 0.03359375 0.0328125
1 0.05703125 0.4453125 0.034375 0.034375
0 0.74296875 0.20859375 0.03359375 0.0328125
0 0.15625 0.25078125 0.034375 0.034375
0 0.88984375 0.25859375 0.03359375 0.03359375
1 0.54921875 0.15703125 0.034375 0.03203125
0 0.20703125 0.153125 0.0359375 0.034375
0 0.20625 0.2015625 0.034375 0.034375
1 0.15703125 0.20078125 0.0359375 0.0328125
1 0.93828125 0.3078125 0.03359375 0.0328125
0 0.7921875 0.1609375 0.034375 0.03359375
1 0.10859375 0.1515625 0.034375 0.0328125
1 0.1578125 0.153125 0.03515625 0.03203125
0 0.25546875 0.20234375 0.034375 0.034375
1 0.5984375 0.11015625 0.03515625 0.0328125
0 0.840625 0.209375 0.034375 0.03359375
0 0.2546875 0.54375 0.0328125 0.03203125
0 0.2078125 0.1046875 0.03515625 0.03515625
0 0.88984375 0.21015625 0.03359375 0.034375
0 0.840625 0.16171875 0.034375 0.034375
0 0.83984375 0.1125 0.03359375 0.03203125
0 0.93671875 0.2109375 0.03359375 0.03359375
1 0.059375 0.15078125 0.034375 0.0328125
0 0.8890625 0.1625 0.0328125 0.03359375
0 0.1578125 0.10390625 0.034375 0.034375
0 0.10859375 0.10234375 0.03515625 0.0359375
1 0.1546875 0.940625 0.03515625 0.03046875
1 0.64609375 0.06171875 0.034375 0.03203125
1 0.05546875 0.93984375 0.034375 0.03125
0 0.059375 0.1015625 0.03515625 0.034375
1 0.84296875 0.4515625 0.03203125 0.0375
1 0.6953125 0.4015625 0.034375 0.034375
1 0.5984375 0.45 0.0359375 0.034375
1 0.50078125 0.64375 0.03203125 0.0375
1 0.3515625 0.69375 0.0328125 0.034375
1 0.40234375 0.69296875 0.03515625 0.0359375
1 0.453125 0.59609375 0.03203125 0.03515625
1 0.55 0.2546875 0.034375 0.034375
1 0.59765625 0.25546875 0.03359375 0.03046875
1 0.646875 0.25625 0.0328125 0.03203125
1 0.6953125 0.25703125 0.03203125 0.0296875
1 0.74453125 0.25703125 0.03359375 0.03125
1 0.59921875 0.3046875 0.0328125 0.03203125
1 0.45234375 0.303125 0.034375 0.03359375
1 0.55 0.35234375 0.03515625 0.03125
1 0.59921875 0.35234375 0.03359375 0.03359375
1 0.54921875 0.4015625 0.034375 0.03359375
1 0.64765625 0.40234375 0.03359375 0.034375
1 0.7453125 0.3546875 0.03125 0.03203125
1 0.55 0.6453125 0.034375 0.03359375
1 0.6484375 0.69375 0.0359375 0.034375
1 0.74609375 0.64609375 0.03359375 0.034375
1 0.69765625 0.596875 0.03515625 0.03515625
1 0.890625 0.40390625 0.034375 0.03359375
1 0.10625 0.54375 0.03359375 0.034375
1 0.696875 0.3046875 0.0328125 0.03203125
1 0.059375 0.24921875 0.034375 0.034375
1 0.10859375 0.25 0.0328125 0.034375
1 0.05859375 0.34765625 0.03203125 0.034375
1 0.45234375 0.25390625 0.034375 0.03203125