0 0.728125 0.70625 0.06015625 0.06640625
1 0.2796875 0.70390625 0.06171875 0.0640625
1 0.4171875 0.86015625 0.0625 0.0640625
1 0.50546875 0.70859375 0.0609375 0.06328125
1 0.43203125 0.7125 0.06015625 0.0640625
1 0.365625 0.7109375 0.06015625 0.0625
1 0.26484375 0.56328125 0.0609375 0.06484375
1 0.06171875 0.6390625 0.0609375 0.06640625
1 0.2765625 0.49140625 0.06171875 0.0671875
1 0.42265625 0.7953125 0.06171875 0.065625
0 0.5796875 0.69453125 0.05859375 0.06171875
1 0.4265625 0.48125 0.0609375 0.0640625
1 0.0625 0.7234375 0.06015625 0.065625
1 0.42109375 0.5609375 0.0625 0.0640625
0 0.63671875 0.41015625 0.05859375 0.06328125
1 0.2625 0.64453125 0.06015625 0.0640625
1 0.05625 0.79140625 0.06171875 0.0671875
1 0.05703125 0.859375 0.06171875 0.065625
1 0.43515625 0.63671875 0.0609375 0.0640625
0 0.7125 0.32109375 0.059375 0.06328125
1 0.059375 0.5640625 0.06171875 0.06640625
1 0.29375 0.34140625 0.059375 0.06328125
0 0.78828125 0.26640625 0.05859375 0.0625
1 0.421875 0.4078125 0.06171875 0.06328125
1 0.275 0.41640625 0.06015625 0.0609375
1 0.27421875 0.9328125 0.0625 0.065625
1 0.4078125 0.9421875 0.0625 0.06484375
0 0.58125 0.80625 0.059375 0.0625
1 0.42265625 0.33203125 0.0609375 0.06328125
0 0.56328125 0.8703125 0.05859375 0.0609375
1 0.0546875 0.41640625 0.0609375 0.06484375
1 0.053125 0.346875 0.06015625 0.0640625
1 0.20703125 0.92890625 0.0609375 0.06484375
0 0.5640625 0.334375 0.05859375 0.06328125
1 0.34375 0.93828125 0.0625 0.065625
0 0.496875 0.6421875 0.06015625 0.0640625
0 0.4921875 0.78984375 0.06015625 0.06328125
1 0.125 0.93125 0.06171875 0.06484375
0 0.49375 0.56015625 0.06015625 0.0625
0 0.49375 0.86015625 0.0609375 0.06328125
1 0.428125 0.25625 0.0609375 0.06484375
1 0.2046875 0.20546875 0.059375 0.06171875
1 0.50625 0.1859375 0.059375 0.06171875
1 0.2875 0.27265625 0.059375 0.0625
0 0.57578125 0.54765625 0.0578125 0.06171875
0 0.4890625 0.40390625 0.059375 0.06015625
0 0.509375 0.48203125 0.06015625 0.0625
0 0.57265625 0.6203125 0.0578125 0.0609375
1 0.3515625 0.19453125 0.0609375 0.0625
1 0.05703125 0.28515625 0.06015625 0.06484375
1 0.28984375 0.20625 0.059375 0.0625
0 0.7234375 0.1890625 0.0578125 0.0625
0 0.665625 0.19375 0.059375 0.0640625
0 0.49140625 0.9546875 0.06015625 0.0625
0 0.58828125 0.1875 0.0578125 0.0625
1 0.43046875 0.18828125 0.0609375 0.0625
0 0.559375 0.253125 0.059375 0.06171875
1 0.053125 0.2140625 0.06015625 0.065625
1 0.50703125 0.125 0.059375 0.06015625
1 0.0609375 0.1328125 0.06015625 0.065625
1 0.04296875 0.93671875 0.0609375 0.065625
0 0.7125 0.11875 0.059375 0.06328125
0 0.5765625 0.10234375 0.05859375 0.0609375
1 0.20390625 0.05234375 0.059375 0.0625
1 0.48203125 0.0609375 0.059375 0.06328125
0 0.48671875 0.3390625 0.06015625 0.06171875
1 0.26953125 0.04921875 0.06015625 0.0625
0 0.48125 0.26875 0.059375 0.0625
1 0.34609375 0.05 0.06015625 0.0625
0 0.7140625 0.04765625 0.059375 0.0625
1 0.0640625 0.059375 0.05859375 0.0640625
1 0.12421875 0.04296875 0.059375 0.06484375
1 0.4234375 0.03125 0.059375 0.0609375
0 0.5671875 0.0296875 0.05859375 0.05859375
1 0.05546875 0.4953125 0.0609375 0.06796875