1 0.6421875 0.4625 0.04453125 0.04921875
0 0.29921875 0.4625 0.0484375 0.0515625
1 0.6359375 0.56171875 0.04765625 0.0515625
1 0.684375 0.41484375 0.046875 0.05234375
0 0.34765625 0.5125 0.04765625 0.05078125
1 0.54609375 0.51640625 0.0484375 0.053125
0 0.2484375 0.4640625 0.04765625 0.0515625
1 0.5875 0.56640625 0.04765625 0.05234375
1 0.69296875 0.50625 0.046875 0.0515625
1 0.64375 0.3625 0.04765625 0.05390625
1 0.5484375 0.35703125 0.0484375 0.053125
0 0.4921875 0.5125 0.046875 0.05078125
1 0.64765625 0.5140625 0.04765625 0.0515625
1 0.74296875 0.55625 0.04921875 0.053125
1 0.49375 0.3578125 0.0484375 0.053125
0 0.39921875 0.509375 0.04765625 0.05
1 0.7390625 0.5 0.04921875 0.053125
1 0.48984375 0.41015625 0.0484375 0.05234375
1 0.5859375 0.4 0.0484375 0.053125
1 0.59921875 0.353125 0.0484375 0.0546875
1 0.6421875 0.61484375 0.04921875 0.05234375
0 0.2 0.40859375 0.046875 0.05234375
1 0.54296875 0.56953125 0.04765625 0.0515625
1 0.540625 0.41015625 0.0484375 0.05390625
0 0.446875 0.5171875 0.04765625 0.0515625
0 0.24453125 0.409375 0.04921875 0.0546875
1 0.26640625 0.57109375 0.04765625 0.05234375
1 0.73671875 0.35234375 0.0484375 0.05390625
1 0.73515625 0.6109375 0.0484375 0.05234375
1 0.68671875 0.6125 0.04765625 0.05234375
0 0.446875 0.5671875 0.04765625 0.04921875
1 0.49609375 0.3046875 0.04765625 0.05390625
1 0.54375 0.46328125 0.046875 0.0515625
1 0.4984375 0.56640625 0.04765625 0.0515625
1 0.7828125 0.40546875 0.04921875 0.05390625
1 0.20859375 0.51875 0.04921875 0.053125
0 0.4015625 0.5609375 0.04765625 0.05
1 0.2546875 0.51640625 0.04921875 0.053125
1 0.45078125 0.4578125 0.04921875 0.05234375
1 0.784375 0.45546875 0.0484375 0.0515625
0 0.303125 0.35546875 0.04765625 0.05078125
1 0.39453125 0.459375 0.04921875 0.053125
1 0.5421875 0.30078125 0.0484375 0.05390625
1 0.15234375 0.525 0.05 0.053125
1 0.353125 0.56328125 0.0484375 0.0515625
1 0.203125 0.4640625 0.04765625 0.05234375
0 0.31328125 0.7203125 0.046875 0.0515625
0 0.40390625 0.6640625 0.04765625 0.04921875
1 0.69140625 0.30546875 0.0484375 0.0546875
0 0.6421875 0.30625 0.046875 0.05234375
1 0.21328125 0.625 0.04921875 0.0515625
1 0.4984375 0.6171875 0.04765625 0.0515625
1 0.38984375 0.4078125 0.0484375 0.05390625
0 0.44765625 0.3578125 0.04765625 0.0515625
0 0.59609375 0.3 0.04609375 0.05078125
0 0.4453125 0.6203125 0.04765625 0.05
1 0.34609375 0.46171875 0.04921875 0.05390625
0 0.64296875 0.7140625 0.04765625 0.0484375
1 0.59609375 0.6671875 0.0484375 0.05234375
1 0.30234375 0.6171875 0.04921875 0.0515625
0 0.39765625 0.303125 0.04765625 0.05078125
1 0.29921875 0.40546875 0.04765625 0.05234375
0 0.159375 0.36484375 0.0484375 0.05390625
1 0.7359375 0.29609375 0.0484375 0.0546875
1 0.7359375 0.4078125 0.04765625 0.053125
1 0.15625 0.575 0.05 0.05234375
0 0.403125 0.35703125 0.04765625 0.0515625
0 0.540625 0.665625 0.04609375 0.0484375
0 0.45 0.30546875 0.0484375 0.05234375
1 0.10546875 0.528125 0.04921875 0.05390625
1 0.7921875 0.303125 0.04921875 0.05390625
0 0.78984375 0.50625 0.04765625 0.05078125
0 0.4515625 0.6703125 0.046875 0.05
1 0.40078125 0.61015625 0.04765625 0.05234375
1 0.35390625 0.35390625 0.04921875 0.0546875
1 0.6890625 0.678125 0.0484375 0.05078125
1 0.5921875 0.24765625 0.0484375 0.05234375
1 0.3515625 0.30390625 0.04921875 0.0546875
1 0.115625 0.62265625 0.04921875 0.05234375
0 0.2578125 0.31171875 0.04765625 0.05234375
0 0.359375 0.7234375 0.04765625 0.0515625
1 0.49453125 0.4625 0.04765625 0.05234375
1 0.5421875 0.24921875 0.04921875 0.0546875
0 0.29765625 0.20078125 0.04921875 0.05234375
1 0.15625 0.42109375 0.05 0.05390625
1 0.7390625 0.7125 0.04921875 0.0515625
0 0.64140625 0.66484375 0.04765625 0.05
1 0.6984375 0.76640625 0.0484375 0.0515625
0 0.30234375 0.77265625 0.04609375 0.05078125
1 0.78828125 0.5609375 0.04921875 0.05234375
1 0.30078125 0.5140625 0.0484375 0.053125
0 0.4515625 0.7203125 0.04765625 0.04921875
1 0.3046875 0.25390625 0.05 0.05390625
0 0.24296875 0.35859375 0.04765625 0.053125
1 0.30390625 0.30390625 0.0484375 0.0546875
1 0.11015625 0.46875 0.05 0.0546875
0 0.83515625 0.50078125 0.0484375 0.05078125
0 0.73359375 0.2421875 0.04765625 0.05234375
0 0.3953125 0.77265625 0.04765625 0.05078125
0 0.5109375 0.76171875 0.046875 0.05
1 0.26796875 0.675 0.0484375 0.0515625
1 0.1625 0.625 0.05 0.053125
1 0.35703125 0.615625 0.0484375 0.05078125
1 0.49609375 0.66875 0.046875 0.05234375
0 0.7875 0.66484375 0.0484375 0.05
0 0.83359375 0.34765625 0.04765625 0.053125
1 0.11328125 0.36171875 0.05078125 0.05546875
0 0.65 0.7640625 0.04765625 0.04921875
1 0.2203125 0.67421875 0.0484375 0.0515625
1 0.596875 0.7171875 0.04765625 0.0515625
1 0.21328125 0.771875 0.0484375 0.0515625
1 0.31171875 0.66796875 0.04765625 0.0515625
1 0.73203125 0.6609375 0.04765625 0.05078125
0 0.35 0.25078125 0.0484375 0.05078125
1 0.43515625 0.40703125 0.0484375 0.053125
0 0.48984375 0.2515625 0.04765625 0.0515625
1 0.3578125 0.66796875 0.0484375 0.05234375
0 0.8328125 0.55 0.04765625 0.0515625
0 0.8296875 0.60234375 0.0484375 0.05234375
0 0.83515625 0.45078125 0.04765625 0.0515625
1 0.11015625 0.415625 0.05078125 0.05546875
1 0.784375 0.71640625 0.0484375 0.0515625
0 0.83515625 0.39765625 0.0484375 0.0515625
0 0.15234375 0.3015625 0.0484375 0.053125
0 0.54375 0.81875 0.046875 0.05
0 0.34921875 0.81796875 0.0484375 0.05
0 0.84140625 0.296875 0.04921875 0.05390625
1 0.55 0.715625 0.04765625 0.05234375
0 0.55234375 0.1953125 0.046875 0.053125
0 0.25703125 0.77734375 0.046875 0.05078125
1 0.25625 0.25703125 0.05 0.0546875
0 0.83671875 0.65234375 0.04921875 0.0515625
1 0.05703125 0.4046875 0.05 0.05546875
0 0.1046875 0.3046875 0.04921875 0.05390625
0 0.44453125 0.20234375 0.0484375 0.05390625
1 0.15859375 0.72421875 0.05 0.053125
0 0.690625 0.1515625 0.0484375 0.05390625
0 0.20234375 0.26328125 0.04921875 0.053125
0 0.8390625 0.7015625 0.0484375 0.05
1 0.746875 0.7671875 0.04921875 0.05234375
1 0.7921875 0.76640625 0.04921875 0.05234375
0 0.39765625 0.21171875 0.04765625 0.053125
1 0.55625 0.7640625 0.0484375 0.0515625
1 0.646875 0.09765625 0.05 0.0546875
0 0.203125 0.2109375 0.0484375 0.0546875
0 0.7375 0.15234375 0.04921875 0.053125
0 0.10234375 0.253125 0.0484375 0.053125
0 0.24296875 0.15625 0.0484375 0.0546875
1 0.121875 0.6734375 0.0515625 0.053125
0 0.39453125 0.15234375 0.04921875 0.05390625
1 0.20859375 0.82109375 0.05 0.053125
0 0.8375 0.75703125 0.0484375 0.05078125
1 0.26953125 0.725 0.0484375 0.0515625
0 0.4453125 0.25390625 0.04765625 0.053125
0 0.14921875 0.20234375 0.0484375 0.0546875
0 0.346875 0.19921875 0.0484375 0.05390625
0 0.4984375 0.82109375 0.04765625 0.05
1 0.5890625 0.8203125 0.04921875 0.05234375
0 0.88359375 0.4453125 0.04921875 0.0515625
0 0.49453125 0.140625 0.046875 0.05390625
0 0.8828125 0.6546875 0.0484375 0.05078125
0 0.40234375 0.8234375 0.046875 0.04921875
1 0.74296875 0.09609375 0.04921875 0.0546875
1 0.06328125 0.67890625 0.04921875 0.05234375
0 0.29140625 0.1484375 0.04921875 0.0546875
1 0.06484375 0.4546875 0.05 0.05546875
1 0.6515625 0.81484375 0.04921875 0.0515625
0 0.784375 0.1484375 0.05 0.053125
0 0.1953125 0.1578125 0.04921875 0.0546875
0 0.69375 0.1 0.0484375 0.053125
1 0.0578125 0.35234375 0.04921875 0.0546875
0 0.05859375 0.3015625 0.04921875 0.0546875
0 0.59296875 0.09453125 0.04609375 0.0515625
0 0.4546875 0.86875 0.04765625 0.0515625
0 0.3625 0.871875 0.0484375 0.0515625
1 0.125 0.7828125 0.05078125 0.05390625
1 0.74375 0.815625 0.0484375 0.05078125
0 0.8875 0.2953125 0.04921875 0.053125
0 0.88203125 0.7703125 0.0484375 0.05078125
1 0.34453125 0.40859375 0.0484375 0.053125
0 0.8828125 0.19921875 0.05 0.0546875
1 0.83515625 0.09296875 0.05 0.05390625
1 0.83671875 0.14609375 0.04921875 0.05390625
0 0.3125 0.87578125 0.046875 0.0515625
1 0.06015625 0.57578125 0.05 0.053125
1 0.2515625 0.20703125 0.04921875 0.0546875
0 0.546875 0.090625 0.04765625 0.053125
0 0.8328125 0.8203125 0.046875 0.05
1 0.78984375 0.0890625 0.05 0.05546875
1 0.49453125 0.715625 0.046875 0.05078125
1 0.2171875 0.57578125 0.04921875 0.0515625
0 0.55625 0.86640625 0.046875 0.0515625
1 0.303125 0.821875 0.04765625 0.0515625
0 0.23984375 0.0921875 0.0484375 0.0546875
1 0.7890625 0.8140625 0.0484375 0.05078125
1 0.8796875 0.8234375 0.04921875 0.05234375
0 0.4390625 0.09453125 0.04765625 0.0515625
1 0.06875 0.73203125 0.05 0.05390625
1 0.65 0.865625 0.04765625 0.05078125
1 0.6015625 0.86796875 0.046875 0.05078125
0 0.38984375 0.09609375 0.0484375 0.05390625
1 0.25859375 0.82734375 0.04765625 0.0515625
0 0.34140625 0.09375 0.0484375 0.05234375
0 0.88203125 0.14296875 0.04921875 0.0546875
1 0.5984375 0.040625 0.05 0.05546875
0 0.2859375 0.0953125 0.04921875 0.05390625
0 0.928125 0.7609375 0.04765625 0.0515625
0 0.92890625 0.71171875 0.04765625 0.05390625
1 0.73828125 0.04375 0.05 0.0546875
0 0.921875 0.80859375 0.0484375 0.0515625
1 0.175 0.87578125 0.05 0.05234375
1 0.06953125 0.83984375 0.05 0.05390625
1 0.784375 0.8640625 0.0484375 0.05078125
1 0.690625 0.0453125 0.0484375 0.053125
1 0.64375 0.0390625 0.0484375 0.0546875
0 0.55625 0.9171875 0.046875 0.04921875
1 0.2671875 0.878125 0.0484375 0.0515625
0 0.0953125 0.14453125 0.04921875 0.05546875
0 0.4578125 0.91875 0.0484375 0.0515625
1 0.884375 0.0890625 0.05 0.05390625
0 0.74609375 0.915625 0.046875 0.05
1 0.221875 0.8671875 0.04921875 0.0515625
1 0.69453125 0.8734375 0.04765625 0.05
1 0.60625 0.76953125 0.0484375 0.0515625
0 0.928125 0.221875 0.04921875 0.05625
0 0.790625 0.91484375 0.04921875 0.05234375
0 0.9328125 0.2984375 0.04765625 0.053125
1 0.11875 0.88046875 0.05 0.05390625
0 0.3578125 0.9234375 0.0484375 0.0515625
0 0.05 0.20390625 0.05 0.0546875
1 0.73984375 0.865625 0.0484375 0.0515625
1 0.928125 0.1015625 0.05078125 0.05546875
1 0.84453125 0.87109375 0.04921875 0.05078125
1 0.6046875 0.91796875 0.04765625 0.05078125
0 0.140625 0.09453125 0.0484375 0.05390625
0 0.51015625 0.9203125 0.04765625 0.04921875
1 0.27109375 0.92578125 0.04765625 0.05078125
0 0.93125 0.603125 0.04765625 0.053125
0 0.8359375 0.9203125 0.04921875 0.05234375
0 0.93046875 0.39921875 0.04765625 0.0515625
0 0.93203125 0.5125 0.0484375 0.05234375
0 0.5484375 0.0359375 0.04921875 0.053125
1 0.83671875 0.04140625 0.04921875 0.0546875
1 0.88984375 0.87109375 0.0484375 0.0515625
0 0.3140625 0.93359375 0.04765625 0.0515625
0 0.88203125 0.921875 0.0484375 0.053125
1 0.075 0.8921875 0.05078125 0.053125
1 0.928125 0.15546875 0.05078125 0.05625
0 0.38984375 0.040625 0.04765625 0.053125
0 0.50078125 0.0328125 0.04765625 0.053125
1 0.93359375 0.859375 0.0484375 0.05234375
1 0.790625 0.0359375 0.05 0.0546875
0 0.28359375 0.0421875 0.046875 0.053125
0 0.1875 0.046875 0.0484375 0.05546875
1 0.16640625 0.93671875 0.05 0.05390625
0 0.9265625 0.92109375 0.04765625 0.0515625
1 0.11640625 0.93515625 0.04921875 0.05234375
0 0.0390625 0.09609375 0.0484375 0.05546875
0 0.646875 0.96640625 0.04765625 0.05
0 0.09375 0.04375 0.0484375 0.0546875
1 0.9546875 0.05546875 0.05078125 0.05546875
0 0.45625 0.96953125 0.04765625 0.05
0 0.80390625 0.9625 0.04765625 0.05078125
0 0.55625 0.9734375 0.0484375 0.04921875
0 0.3671875 0.975 0.0484375 0.0484375
1 0.60078125 0.9703125 0.04765625 0.0515625
1 0.26875 0.975 0.0484375 0.05
0 0.84921875 0.96875 0.0484375 0.04921875
0 0.31640625 0.98046875 0.04765625 0.0390625
1 0.2140625 0.9765625 0.05 0.046875
0 0.8953125 0.9703125 0.046875 0.0484375
1 0.16484375 0.98046875 0.05 0.03828125
1 0.07265625 0.98359375 0.046875 0.03203125
0 0.64921875 0.91484375 0.04453125 0.04921875
0 0.69375 0.92109375 0.04453125 0.0484375
0 0.69765625 0.95859375 0.05 0.040625
0 0.64375 0.15078125 0.04296875 0.05546875
0 0.59765625 0.19609375 0.04453125 0.05234375
0 0.64375 0.2015625 0.04765625 0.05234375
0 0.640625 0.25390625 0.04609375 0.05234375
0 0.68671875 0.2546875 0.04375 0.0546875
0 0.7796875 0.2 0.04609375 0.0515625
0 0.8265625 0.196875 0.046875 0.05546875
0 0.78828125 0.25078125 0.0515625 0.053125
0 0.54921875 0.14375 0.04609375 0.053125
0 0.7828125 0.353125 0.0453125 0.05078125
1 0.59140625 0.61640625 0.04609375 0.04921875
1 0.69921875 0.8234375 0.04375 0.04921875
0 0.784375 0.61328125 0.04453125 0.05078125