1 0.5015625 0.60546875 0.04765625 0.046875
0 0.1890625 0.54921875 0.0515625 0.04765625
0 0.2421875 0.5609375 0.05234375 0.04765625
0 0.1359375 0.55078125 0.0546875 0.0484375
0 0.0859375 0.553125 0.05234375 0.04765625
1 0.4515625 0.60625 0.053125 0.05
0 0.3 0.5640625 0.053125 0.046875
0 0.396875 0.55546875 0.05234375 0.04765625
0 0.24140625 0.51171875 0.05390625 0.0484375
0 0.4484375 0.55 0.05234375 0.04765625
1 0.55 0.59609375 0.05078125 0.0484375
0 0.18984375 0.50078125 0.053125 0.05
1 0.40078125 0.60390625 0.053125 0.04921875
0 0.34609375 0.54765625 0.053125 0.04921875
1 0.3046875 0.61171875 0.0546875 0.05
0 0.24375 0.3984375 0.05234375 0.05
1 0.5046875 0.5578125 0.0546875 0.05078125
0 0.24765625 0.46015625 0.0546875 0.05
0 0.34296875 0.5 0.05234375 0.05
0 0.034375 0.54609375 0.05390625 0.04921875
1 0.196875 0.603125 0.05234375 0.04921875
1 0.2484375 0.60859375 0.05390625 0.05
0 0.14453125 0.34765625 0.053125 0.05
0 0.14609375 0.45078125 0.05390625 0.05
0 0.0859375 0.49765625 0.05625 0.0515625
1 0.6 0.60859375 0.0515625 0.046875
0 0.1953125 0.45390625 0.05390625 0.0515625
0 0.39609375 0.4578125 0.053125 0.04921875
0 0.2921875 0.384375 0.05234375 0.0484375
1 0.35234375 0.5921875 0.0515625 0.046875
0 0.29609375 0.44453125 0.053125 0.05
1 0.65546875 0.54375 0.0546875 0.05234375
1 0.7140625 0.59609375 0.0546875 0.05078125
0 0.45078125 0.4953125 0.05390625 0.05
0 0.19296875 0.396875 0.0546875 0.0515625
1 0.55390625 0.54140625 0.05234375 0.04921875
1 0.65546875 0.6 0.05234375 0.04921875
0 0.603125 0.5515625 0.05234375 0.046875
0 0.4 0.3984375 0.05234375 0.04921875
0 0.09375 0.3421875 0.05390625 0.05
0 0.3453125 0.45234375 0.053125 0.05078125
0 0.0859375 0.39296875 0.0546875 0.05078125
1 0.54609375 0.44921875 0.05234375 0.0484375
0 0.034375 0.49921875 0.053125 0.05078125
1 0.7078125 0.7015625 0.05546875 0.04921875
1 0.55 0.40234375 0.053125 0.05078125
0 0.1953125 0.34765625 0.053125 0.05078125
1 0.14609375 0.5984375 0.0546875 0.05078125
0 0.03515625 0.35 0.053125 0.05078125
0 0.4953125 0.45078125 0.05390625 0.05
0 0.3953125 0.3390625 0.0515625 0.04765625
0 0.29453125 0.33671875 0.05234375 0.05
1 0.49921875 0.50546875 0.05390625 0.05078125
0 0.24765625 0.353125 0.053125 0.05078125
0 0.034375 0.446875 0.053125 0.0515625
0 0.3484375 0.3953125 0.05390625 0.05078125
0 0.18984375 0.2 0.053125 0.05
1 0.86796875 0.41015625 0.05390625 0.0515625
0 0.4453125 0.4484375 0.0546875 0.0515625
0 0.54765625 0.49609375 0.05234375 0.0484375
1 0.7546875 0.9078125 0.0546875 0.05
0 0.14453125 0.29765625 0.05234375 0.0515625
1 0.2484375 0.25625 0.053125 0.05078125
0 0.44921875 0.38984375 0.05390625 0.05078125
0 0.13984375 0.2015625 0.05078125 0.0484375
0 0.04296875 0.29140625 0.05078125 0.0484375
1 0.44765625 0.2453125 0.05234375 0.05078125
1 0.14296875 0.7984375 0.05390625 0.05
0 0.60234375 0.3953125 0.0546875 0.0515625
0 0.35 0.30859375 0.05234375 0.0484375
0 0.09921875 0.153125 0.05390625 0.053125
1 0.13046875 0.6421875 0.05703125 0.0515625
0 0.09296875 0.29453125 0.0546875 0.0515625
1 0.18984375 0.24921875 0.053125 0.0515625
1 0.65703125 0.81484375 0.0546875 0.05
1 0.1140625 0.83984375 0.05390625 0.05
0 0.759375 0.69609375 0.0546875 0.04921875
1 0.925 0.3015625 0.053125 0.05078125
0 0.9171875 0.80625 0.053125 0.04921875
0 0.44765625 0.340625 0.0515625 0.04921875
0 0.759375 0.80234375 0.053125 0.05
0 0.86640625 0.80078125 0.05390625 0.05
1 0.49921875 0.403125 0.05546875 0.0515625
0 0.70390625 0.74921875 0.0546875 0.05
0 0.24375 0.30546875 0.0515625 0.04921875
1 0.09453125 0.6 0.05390625 0.05
0 0.08203125 0.19921875 0.05390625 0.0515625
0 0.74921875 0.859375 0.053125 0.04765625
0 0.85859375 0.9 0.05625 0.0515625
0 0.96953125 0.84765625 0.05390625 0.05078125
0 0.60078125 0.496875 0.05234375 0.046875
1 0.090625 0.79609375 0.05390625 0.05078125
0 0.19609375 0.153125 0.053125 0.05078125
1 0.69921875 0.85 0.0546875 0.05078125
0 0.0859375 0.2453125 0.0546875 0.053125
0 0.70546875 0.546875 0.05234375 0.0484375
0 0.921875 0.7078125 0.0546875 0.04921875
0 0.96484375 0.9 0.05546875 0.0515625
0 0.04765625 0.15 0.0546875 0.053125
1 0.753125 0.30234375 0.05546875 0.0515625
1 0.8078125 0.90546875 0.05546875 0.05
0 0.19375 0.29609375 0.0515625 0.05
0 0.0390625 0.22890625 0.0515625 0.0515625
1 0.35078125 0.209375 0.05390625 0.0515625
1 0.91796875 0.4046875 0.05234375 0.0515625
0 0.39921875 0.290625 0.05234375 0.05
1 0.659375 0.48515625 0.0546875 0.05
0 0.75859375 0.503125 0.05390625 0.0484375
1 0.8171875 0.39921875 0.0546875 0.05078125
0 0.75703125 0.65 0.0546875 0.05
1 0.25234375 0.80859375 0.0546875 0.0515625
1 0.6984375 0.89765625 0.0546875 0.04921875
0 0.70625 0.79765625 0.05625 0.05
0 0.08984375 0.10390625 0.05390625 0.0515625
1 0.7046875 0.653125 0.0546875 0.05
0 0.809375 0.85703125 0.05390625 0.04921875
1 0.4984375 0.25546875 0.053125 0.0515625
1 0.18984375 0.7515625 0.0546875 0.05078125
0 0.29375 0.2890625 0.053125 0.05
0 0.8140625 0.60078125 0.05390625 0.0484375
0 0.14609375 0.10390625 0.05234375 0.04921875
1 0.29765625 0.240625 0.05390625 0.05234375
0 0.8125 0.6984375 0.05390625 0.0484375
0 0.9125 0.9078125 0.0546875 0.0484375
1 0.87109375 0.303125 0.05546875 0.05078125
1 0.13515625 0.7046875 0.05546875 0.05078125
1 0.13671875 0.25078125 0.0546875 0.053125
1 0.8625 0.2578125 0.053125 0.05078125
0 0.96328125 0.74921875 0.05703125 0.053125
0 0.86015625 0.853125 0.05390625 0.05078125
1 0.75859375 0.25 0.05390625 0.0515625
0 0.81015625 0.54765625 0.0546875 0.04921875
1 0.03671875 0.59609375 0.05390625 0.0515625
1 0.55390625 0.25625 0.05234375 0.0515625
1 0.96953125 0.40703125 0.05234375 0.0515625
0 0.39765625 0.24375 0.05234375 0.05
1 0.81015625 0.25625 0.05390625 0.05078125
1 0.4953125 0.353125 0.05390625 0.05
1 0.30078125 0.19296875 0.05390625 0.0515625
0 0.20546875 0.1046875 0.05234375 0.0484375
1 0.7078125 0.25 0.05390625 0.0515625
0 0.96953125 0.60078125 0.05390625 0.05078125
0 0.9703125 0.69921875 0.053125 0.05078125
1 0.7609375 0.34921875 0.0546875 0.04921875
1 0.1890625 0.853125 0.05390625 0.05078125
0 0.96796875 0.79765625 0.053125 0.05078125
1 0.24609375 0.20859375 0.05546875 0.0515625
0 0.34921875 0.25859375 0.05234375 0.04921875
0 0.45078125 0.29375 0.053125 0.05
0 0.8609375 0.946875 0.0546875 0.04921875
1 0.5015625 0.1078125 0.0515625 0.04921875
1 0.35546875 0.15234375 0.0546875 0.05234375
1 0.653125 0.7625 0.0546875 0.05078125
1 0.65625 0.19921875 0.0546875 0.05234375
0 0.6078125 0.446875 0.05546875 0.05078125
1 0.96796875 0.25078125 0.05625 0.05234375
1 0.19375 0.89921875 0.053125 0.04921875
0 0.9671875 0.54765625 0.05703125 0.0515625
0 0.03671875 0.096875 0.053125 0.05078125
0 0.4 0.1953125 0.05234375 0.04921875
1 0.07109375 0.896875 0.05234375 0.0515625
0 0.08671875 0.0546875 0.053125 0.05078125
1 0.08515625 0.74921875 0.05390625 0.05
1 0.2578125 0.109375 0.0546875 0.05234375
1 0.91875 0.203125 0.05234375 0.05078125
1 0.55625 0.1453125 0.053125 0.0515625
0 0.86484375 0.55390625 0.05703125 0.05
0 0.86484375 0.60234375 0.05390625 0.04921875
1 0.50078125 0.30625 0.0546875 0.05078125
1 0.35546875 0.10234375 0.053125 0.05078125
1 0.60625 0.153125 0.05390625 0.0515625
1 0.45078125 0.2 0.053125 0.05
0 0.91171875 0.659375 0.05625 0.0515625
0 0.91875 0.60234375 0.05390625 0.0484375
0 0.1359375 0.0453125 0.053125 0.05
1 0.503125 0.20546875 0.053125 0.0515625
1 0.246875 0.159375 0.0546875 0.05
1 0.8109375 0.95234375 0.0546875 0.04921875
1 0.6125 0.0984375 0.0546875 0.05234375
0 0.8625 0.65 0.05546875 0.04921875
1 0.04140625 0.81328125 0.053125 0.04921875
1 0.60546875 0.2 0.053125 0.05
1 0.03359375 0.69296875 0.0546875 0.05078125
1 0.03984375 0.9359375 0.0546875 0.0515625
1 0.09609375 0.94375 0.05390625 0.05
0 0.9734375 0.4546875 0.053125 0.05234375
0 0.9734375 0.50078125 0.053125 0.0515625
1 0.86875 0.196875 0.0546875 0.0515625
0 0.8171875 0.209375 0.053125 0.05
0 0.6515625 0.0515625 0.0515625 0.05078125
1 0.91875 0.1109375 0.05390625 0.0515625
1 0.19921875 0.0515625 0.05390625 0.05234375
1 0.19921875 0.946875 0.0546875 0.05
1 0.86875 0.09921875 0.0546875 0.05234375
0 0.91875 0.453125 0.05625 0.0515625
1 0.55390625 0.20078125 0.05234375 0.05078125
1 0.96171875 0.1578125 0.05703125 0.053125
1 0.9734375 0.203125 0.053125 0.04921875
0 0.8171875 0.15859375 0.053125 0.0515625
0 0.8578125 0.50625 0.05625 0.05078125
0 0.5 0.0515625 0.0515625 0.04921875
1 0.39765625 0.0578125 0.05546875 0.0515625
0 0.96875 0.95 0.05625 0.04921875
0 0.86796875 0.0484375 0.05390625 0.05234375
1 0.8703125 0.1484375 0.0546875 0.05
0 0.81640625 0.103125 0.0546875 0.053125
0 0.6 0.04765625 0.05234375 0.05078125
1 0.45859375 0.14921875 0.05390625 0.05234375
0 0.7640625 0.05078125 0.053125 0.05078125
0 0.55 0.0515625 0.05390625 0.05078125
1 0.4515625 0.10078125 0.05390625 0.0515625
0 0.81640625 0.053125 0.05625 0.053125
1 0.92109375 0.046875 0.05546875 0.05390625
1 0.45 0.05234375 0.053125 0.05
1 0.51328125 0.8453125 0.0546875 0.05078125
1 0.4078125 0.1484375 0.053125 0.05078125
1 0.2515625 0.0546875 0.05390625 0.0515625
1 0.97578125 0.0515625 0.04765625 0.0515625
0 0.76328125 0.6015625 0.04609375 0.04765625
0 0.55078125 0.30625 0.04921875 0.0484375
0 0.54609375 0.35390625 0.05234375 0.05
0 0.70625 0.49921875 0.05 0.04765625
0 0.6609375 0.43671875 0.05234375 0.046875
0 0.71171875 0.4515625 0.05 0.04921875
0 0.76328125 0.4546875 0.0515625 0.046875
0 0.8140625 0.45078125 0.05 0.04921875
0 0.86640625 0.45859375 0.05234375 0.04765625
0 0.596875 0.34765625 0.05 0.05
0 0.6484375 0.34453125 0.05390625 0.0484375
0 0.70078125 0.3546875 0.0515625 0.0484375
0 0.70625 0.40390625 0.0515625 0.04921875
0 0.75859375 0.4046875 0.04921875 0.0484375
0 0.6046875 0.24921875 0.05 0.05078125
0 0.65625 0.24765625 0.05078125 0.04609375
0 0.65 0.29375 0.04921875 0.04609375
0 0.7 0.30234375 0.0515625 0.0484375
0 0.75859375 0.20078125 0.04921875 0.046875
0 0.70859375 0.19296875 0.05 0.0484375
0 0.5609375 0.0984375 0.0484375 0.04609375
0 0.65703125 0.15 0.04921875 0.04921875
0 0.70859375 0.14296875 0.0515625 0.0484375
0 0.66328125 0.1015625 0.04921875 0.05
0 0.71328125 0.0953125 0.05 0.04765625
0 0.7640625 0.09921875 0.04921875 0.04921875