0 0.125 0.54140625 0.0515625 0.05546875
1 0.23671875 0.4828125 0.05546875 0.0515625
1 0.2796875 0.4390625 0.0546875 0.05
1 0.33046875 0.5359375 0.053125 0.05078125
0 0.1296875 0.69296875 0.05234375 0.05390625
1 0.43828125 0.428125 0.05625 0.0515625
1 0.32890625 0.3953125 0.0546875 0.05234375
1 0.18125 0.6890625 0.05546875 0.05234375
0 0.11953125 0.2921875 0.0515625 0.05390625
1 0.3296875 0.48671875 0.05546875 0.04765625
1 0.17890625 0.64453125 0.05546875 0.05
1 0.48125 0.5375 0.053125 0.04765625
1 0.47734375 0.38203125 0.05390625 0.05078125
1 0.528125 0.4734375 0.0578125 0.05
1 0.43203125 0.6375 0.05234375 0.0515625
1 0.53203125 0.53046875 0.0546875 0.0515625
1 0.38125 0.62578125 0.05625 0.053125
1 0.2359375 0.746875 0.0546875 0.053125
1 0.8546875 0.53125 0.05390625 0.0515625
1 0.3328125 0.7375 0.05546875 0.05234375
1 0.384375 0.4421875 0.05625 0.053125
1 0.68984375 0.63515625 0.05703125 0.05390625
1 0.48125 0.63828125 0.05234375 0.05078125
1 0.2171875 0.79453125 0.0546875 0.05390625
1 0.36953125 0.79453125 0.0515625 0.05078125
1 0.27734375 0.28515625 0.05859375 0.0515625
1 0.3203125 0.79609375 0.05390625 0.0515625
1 0.80078125 0.6390625 0.0578125 0.05703125
1 0.746875 0.69921875 0.05703125 0.0546875
0 0.13203125 0.784375 0.053125 0.05546875
1 0.6421875 0.74609375 0.05390625 0.0515625
1 0.5796875 0.18125 0.053125 0.05078125
1 0.70546875 0.74140625 0.05390625 0.053125
1 0.1890625 0.84609375 0.05390625 0.0515625
1 0.74453125 0.64140625 0.05546875 0.0546875
1 0.74609375 0.78828125 0.05546875 0.05234375
1 0.86015625 0.64609375 0.05859375 0.05703125
1 0.28046875 0.2359375 0.05546875 0.046875
1 0.26953125 0.79609375 0.05234375 0.05234375
1 0.28203125 0.8453125 0.0546875 0.0515625
1 0.6390625 0.690625 0.05546875 0.05390625
0 0.0765625 0.83984375 0.05234375 0.0546875
1 0.12890625 0.83828125 0.05546875 0.05390625
0 0.95390625 0.846875 0.05390625 0.05546875
1 0.7015625 0.84765625 0.05546875 0.0515625
1 0.9 0.4296875 0.05546875 0.0546875
1 0.38046875 0.33203125 0.05546875 0.053125
1 0.8078125 0.74921875 0.0546875 0.05078125
1 0.4359375 0.73828125 0.0515625 0.0515625
1 0.86015625 0.7484375 0.0546875 0.05234375
1 0.80234375 0.85078125 0.05625 0.0515625
1 0.90703125 0.69296875 0.05546875 0.05234375
1 0.2859375 0.1453125 0.0546875 0.0515625
1 0.278125 0.8953125 0.0546875 0.05
1 0.7921875 0.22421875 0.0546875 0.04921875
0 0.8421875 0.121875 0.05390625 0.0546875
0 0.171875 0.13046875 0.053125 0.05390625
1 0.33125 0.1859375 0.05625 0.0546875
0 0.96015625 0.3765625 0.0515625 0.0515625
1 0.9546875 0.42890625 0.0546875 0.05390625
0 0.225 0.53984375 0.0515625 0.05390625
1 0.696875 0.90078125 0.05546875 0.053125
0 0.22421875 0.9015625 0.0546875 0.05234375
0 0.171875 0.18984375 0.0515625 0.053125
0 0.27578125 0.534375 0.05625 0.05546875
1 0.56875 0.0796875 0.05078125 0.0484375
1 0.7984375 0.90546875 0.05625 0.05390625
0 0.90390625 0.9140625 0.0546875 0.05234375
0 0.27578125 0.64296875 0.05234375 0.05
1 0.91015625 0.590625 0.05625 0.05625
0 0.32890625 0.9015625 0.053125 0.0515625
0 0.18671875 0.596875 0.05234375 0.04765625
0 0.07421875 0.8953125 0.05078125 0.05078125
1 0.1234375 0.9015625 0.0515625 0.0515625
0 0.32890625 0.33984375 0.0515625 0.053125
0 0.17421875 0.33984375 0.0546875 0.0515625
1 0.85078125 0.909375 0.05625 0.05546875
0 0.28203125 0.090625 0.05234375 0.05078125
0 0.18359375 0.48515625 0.0515625 0.04921875
1 0.33125 0.08828125 0.05234375 0.05078125
0 0.8578125 0.58515625 0.05234375 0.0515625
0 0.634375 0.078125 0.05234375 0.0484375
0 0.8515625 0.796875 0.05546875 0.05546875
0 0.5375 0.9046875 0.04921875 0.05
0 0.43046875 0.89765625 0.0515625 0.05234375
0 0.9046875 0.3765625 0.05546875 0.0515625
0 0.915625 0.73984375 0.05390625 0.05390625
0 0.475 0.490625 0.05625 0.05234375
0 0.1765625 0.43671875 0.05 0.046875
1 0.58515625 0.95 0.053125 0.05546875
0 0.184375 0.74140625 0.0546875 0.0515625
0 0.853125 0.85234375 0.05546875 0.05390625
0 0.2296875 0.09140625 0.05234375 0.04765625
0 0.7953125 0.1765625 0.053125 0.05
1 0.28046875 0.946875 0.05546875 0.0546875
0 0.27578125 0.34296875 0.05234375 0.05234375
0 0.36796875 0.84296875 0.05234375 0.0515625
0 0.915625 0.79140625 0.0546875 0.05078125
0 0.7375 0.1734375 0.05234375 0.0515625
0 0.48359375 0.90234375 0.05078125 0.0515625
0 0.85234375 0.33203125 0.05390625 0.0484375
0 0.43203125 0.53984375 0.04765625 0.05
0 0.23203125 0.69609375 0.05546875 0.05078125
0 0.47421875 0.790625 0.05078125 0.0484375
0 0.56875 0.13046875 0.05625 0.05234375
1 0.6375 0.94921875 0.0546875 0.05625
0 0.57890625 0.53671875 0.05234375 0.05078125
1 0.465625 0.17890625 0.0546875 0.05703125
0 0.6328125 0.43046875 0.05859375 0.05546875
0 0.58828125 0.63359375 0.0515625 0.046875
0 0.59609375 0.846875 0.05234375 0.05390625
0 0.2296875 0.23828125 0.05390625 0.053125
0 0.65 0.8515625 0.0515625 0.05
0 0.22890625 0.13984375 0.05234375 0.04609375
0 0.54375 0.75234375 0.04921875 0.04921875
0 0.28515625 0.74921875 0.05390625 0.04921875
0 0.48203125 0.33203125 0.04921875 0.04765625
0 0.528125 0.5828125 0.0515625 0.0484375
0 0.221875 0.2875 0.0515625 0.04921875
0 0.37890625 0.5328125 0.05390625 0.046875
0 0.6359375 0.89765625 0.053125 0.04921875
0 0.33203125 0.58671875 0.05078125 0.04921875
0 0.2796875 0.39296875 0.05078125 0.046875
0 0.284375 0.6953125 0.05390625 0.05
0 0.5328125 0.3296875 0.0515625 0.0515625
0 0.69609375 0.7953125 0.0515625 0.053125
0 0.6375 0.53828125 0.0515625 0.05
0 0.59140625 0.7921875 0.0515625 0.05
0 0.64453125 0.79453125 0.05234375 0.0515625
0 0.49453125 0.73515625 0.05 0.04765625
0 0.68828125 0.33203125 0.053125 0.05546875
0 0.746875 0.4875 0.05859375 0.05234375
0 0.57734375 0.23203125 0.05 0.05
0 0.6453125 0.58828125 0.05390625 0.04921875
0 0.75 0.5921875 0.05703125 0.05078125
0 0.84453125 0.2265625 0.0515625 0.046875
0 0.421875 0.7859375 0.05390625 0.05078125
0 0.5328125 0.634375 0.05234375 0.046875
0 0.6875 0.53046875 0.05625 0.05234375
0 0.53359375 0.6828125 0.0546875 0.0484375
0 0.6359375 0.32890625 0.0515625 0.04765625
0 0.73984375 0.53828125 0.05625 0.0515625
0 0.5890625 0.68515625 0.0515625 0.05
0 0.4296875 0.3328125 0.0515625 0.05
0 0.3796875 0.684375 0.05234375 0.05546875
1 0.22578125 0.33203125 0.04921875 0.046875
1 0.5828125 0.384375 0.05078125 0.0515625
0 0.84375 0.2734375 0.053125 0.05078125
0 0.32890625 0.6375 0.0484375 0.0484375
0 0.43046875 0.68828125 0.05 0.05
0 0.48125 0.68828125 0.05 0.04765625
0 0.590625 0.7390625 0.05 0.05234375
0 0.63984375 0.63828125 0.05 0.053125
0 0.68828125 0.48203125 0.053125 0.053125
0 0.80234375 0.53359375 0.0515625 0.053125
0 0.80546875 0.584375 0.05390625 0.053125
0 0.85 0.38046875 0.05390625 0.04609375
0 0.62734375 0.12890625 0.0515625 0.04921875
0 0.6296875 0.17890625 0.04609375 0.04921875
0 0.67890625 0.18515625 0.0515625 0.0484375
0 0.73828125 0.22890625 0.0515625 0.0484375
0 0.6328125 0.2296875 0.0515625 0.0515625
0 0.57890625 0.2828125 0.05078125 0.04921875
0 0.6328125 0.28203125 0.0484375 0.0484375
0 0.63515625 0.3765625 0.05234375 0.0484375
0 0.42578125 0.37890625 0.0515625 0.0453125
0 0.17421875 0.38984375 0.0515625 0.04765625
1 0.33125 0.6890625 0.0453125 0.0453125
1 0.38359375 0.7421875 0.04921875 0.04921875
1 0.80078125 0.8 0.0484375 0.04921875
1 0.3828125 0.57890625 0.05 0.04609375
1 0.478125 0.58828125 0.0484375 0.04765625
1 0.22734375 0.38203125 0.05234375 0.05078125
1 0.22734375 0.43359375 0.05078125 0.04921875
1 0.53046875 0.384375 0.053125 0.0546875
1 0.58125 0.43984375 0.05078125 0.0484375
1 0.58359375 0.48984375 0.0515625 0.04765625
1 0.63671875 0.48828125 0.04921875 0.053125
1 0.3828125 0.3921875 0.05 0.0453125
1 0.69921875 0.58203125 0.053125 0.053125
1 0.22265625 0.18828125 0.04921875 0.04765625
1 0.27421875 0.18828125 0.0484375 0.04921875
1 0.52109375 0.0890625 0.05078125 0.04765625
1 0.52109375 0.1375 0.05078125 0.04921875
1 0.51875 0.1859375 0.05234375 0.04921875
1 0.52578125 0.23359375 0.05 0.0453125
1 0.52890625 0.28203125 0.05078125 0.0484375
1 0.68515625 0.23125 0.05234375 0.05078125
1 0.684375 0.27890625 0.05390625 0.05078125
1 0.7390625 0.2796875 0.05234375 0.053125
1 0.7921875 0.2765625 0.053125 0.05546875
1 0.7390625 0.33203125 0.053125 0.05234375
1 0.79375 0.33203125 0.053125 0.05
1 0.68671875 0.3859375 0.05 0.0484375
1 0.68671875 0.434375 0.05078125 0.05
1 0.73828125 0.4328125 0.04921875 0.0515625
1 0.79296875 0.38515625 0.05546875 0.05078125
1 0.790625 0.4328125 0.0546875 0.046875
1 0.8453125 0.4296875 0.053125 0.0484375
1 0.80234375 0.48203125 0.0515625 0.05234375
1 0.85546875 0.478125 0.053125 0.05078125
1 0.5828125 0.33203125 0.05234375 0.05234375