0 0.5390625 0.61015625 0.05078125 0.04609375
1 0.58984375 0.6078125 0.05078125 0.046875
0 0.6515625 0.6625 0.05234375 0.04765625
0 0.50234375 0.56875 0.05234375 0.04609375
1 0.5984375 0.51640625 0.05078125 0.04765625
1 0.65 0.51171875 0.05078125 0.04765625
0 0.6 0.66796875 0.05078125 0.0453125
1 0.64453125 0.6078125 0.05234375 0.04765625
1 0.69609375 0.60859375 0.0515625 0.04765625
1 0.54609375 0.5140625 0.05 0.04765625
1 0.70234375 0.6609375 0.0515625 0.046875
0 0.70234375 0.709375 0.053125 0.046875
0 0.75546875 0.7078125 0.05390625 0.046875
1 0.5015625 0.4671875 0.0515625 0.04765625
1 0.6078125 0.46015625 0.0515625 0.04765625
1 0.446875 0.45703125 0.053125 0.0484375
1 0.70546875 0.56328125 0.05234375 0.0484375
1 0.35625 0.41328125 0.0515625 0.04765625
0 0.29609375 0.60625 0.0546875 0.04609375
1 0.40546875 0.415625 0.0515625 0.0484375
1 0.80390625 0.7171875 0.053125 0.0484375
0 0.5484375 0.559375 0.05078125 0.046875
1 0.24375 0.5953125 0.0515625 0.046875
1 0.69453125 0.46015625 0.05234375 0.04765625
1 0.7625 0.50625 0.053125 0.04765625
0 0.49609375 0.51640625 0.0515625 0.046875
0 0.75625 0.6546875 0.0546875 0.04765625
0 0.75859375 0.6078125 0.0546875 0.046875
1 0.7609375 0.453125 0.05390625 0.04765625
0 0.30625 0.6578125 0.05234375 0.0453125
1 0.19921875 0.79609375 0.0515625 0.046875
0 0.2953125 0.50390625 0.053125 0.046875
1 0.2 0.75234375 0.05078125 0.04609375
0 0.60859375 0.40546875 0.05390625 0.04921875
1 0.86796875 0.61015625 0.0546875 0.0484375
1 0.8125 0.446875 0.05390625 0.05
0 0.82109375 0.55859375 0.05234375 0.04609375
0 0.29609375 0.4546875 0.0546875 0.04921875
1 0.2515625 0.74765625 0.0515625 0.04609375
0 0.19140625 0.509375 0.053125 0.04609375
0 0.55390625 0.46796875 0.0515625 0.046875
1 0.24375 0.546875 0.05234375 0.046875
1 0.23671875 0.7 0.0515625 0.04609375
0 0.2984375 0.79609375 0.05390625 0.0453125
0 0.2953125 0.5609375 0.053125 0.04609375
0 0.55546875 0.415625 0.05234375 0.04921875
1 0.14453125 0.80234375 0.05390625 0.0484375
0 0.30234375 0.84453125 0.05390625 0.04765625
0 0.1953125 0.4546875 0.05390625 0.04765625
0 0.4 0.35625 0.05234375 0.0484375
1 0.24375 0.79140625 0.053125 0.04765625
0 0.35078125 0.3625 0.05390625 0.05
0 0.85 0.75703125 0.053125 0.04765625
0 0.75859375 0.55390625 0.0546875 0.04765625
1 0.87265625 0.51015625 0.05390625 0.0484375
1 0.45546875 0.4109375 0.05078125 0.046875
0 0.5046875 0.41796875 0.05234375 0.0484375
1 0.25 0.85 0.05390625 0.0484375
1 0.24453125 0.49609375 0.05390625 0.04921875
1 0.146875 0.8546875 0.053125 0.0484375
1 0.70234375 0.41015625 0.053125 0.04765625
1 0.8546875 0.65625 0.05234375 0.0484375
0 0.46015625 0.35625 0.05234375 0.04765625
1 0.090625 0.80625 0.053125 0.04765625
1 0.86015625 0.71171875 0.05390625 0.04921875
0 0.5125 0.3578125 0.05234375 0.04921875
1 0.66328125 0.31875 0.0515625 0.04921875
0 0.30078125 0.7515625 0.0546875 0.04765625
1 0.878125 0.56328125 0.05390625 0.0484375
1 0.246875 0.65546875 0.0515625 0.0453125
0 0.30546875 0.409375 0.053125 0.0484375
1 0.0921875 0.7546875 0.05234375 0.046875
0 0.29140625 0.70625 0.05234375 0.04609375
1 0.51171875 0.3109375 0.04921875 0.04765625
1 0.7 0.35625 0.053125 0.04921875
1 0.56171875 0.309375 0.05078125 0.04921875
1 0.82109375 0.4015625 0.053125 0.0484375
0 0.815625 0.4984375 0.05390625 0.04765625
1 0.146875 0.709375 0.05390625 0.04765625
1 0.30078125 0.3578125 0.0515625 0.0484375
1 0.4625 0.3125 0.0515625 0.04765625
0 0.24921875 0.3125 0.053125 0.0484375
1 0.6125 0.31015625 0.0515625 0.05
0 0.5671875 0.3578125 0.053125 0.04921875
1 0.86640625 0.46328125 0.05078125 0.046875
1 0.40546875 0.309375 0.05234375 0.04921875
1 0.459375 0.20625 0.053125 0.04921875
0 0.34609375 0.21796875 0.053125 0.04765625
1 0.3484375 0.26640625 0.05234375 0.04921875
1 0.3984375 0.25546875 0.053125 0.05
1 0.20390625 0.3578125 0.0515625 0.0484375
1 0.09296875 0.703125 0.053125 0.04765625
1 0.14921875 0.36328125 0.053125 0.05
1 0.2984375 0.2640625 0.053125 0.05
1 0.0359375 0.80078125 0.053125 0.04765625
1 0.24140625 0.2625 0.053125 0.04921875
1 0.82421875 0.3484375 0.053125 0.0484375
0 0.2453125 0.90625 0.05390625 0.0453125
0 0.34921875 0.3125 0.053125 0.04921875
0 0.61875 0.359375 0.053125 0.04921875
1 0.18984375 0.2625 0.05234375 0.05
1 0.39765625 0.209375 0.05234375 0.04921875
0 0.2953125 0.2140625 0.0546875 0.05
1 0.24453125 0.4015625 0.05078125 0.04609375
1 0.24453125 0.44921875 0.05234375 0.0484375
1 0.3 0.309375 0.05078125 0.046875
0 0.196875 0.853125 0.05390625 0.04765625
0 0.090625 0.84921875 0.05390625 0.046875
0 0.1953125 0.89921875 0.05390625 0.046875
1 0.76328125 0.296875 0.0546875 0.04921875
1 0.5125 0.2015625 0.0515625 0.0484375
0 0.66875 0.16015625 0.05234375 0.04921875
0 0.815625 0.8140625 0.053125 0.04765625
1 0.56328125 0.209375 0.0515625 0.05
0 0.29375 0.9 0.04921875 0.04609375
0 0.69921875 0.8125 0.05390625 0.046875
0 0.76171875 0.2484375 0.05546875 0.04921875
1 0.140625 0.9 0.053125 0.04765625
1 0.61640625 0.25859375 0.05234375 0.05
0 0.0875 0.896875 0.05390625 0.0484375
1 0.86328125 0.3078125 0.05234375 0.04921875
0 0.45546875 0.1546875 0.053125 0.04921875
0 0.34453125 0.89921875 0.053125 0.04921875
0 0.040625 0.86015625 0.05390625 0.04765625
0 0.3015625 0.1671875 0.05390625 0.0515625
0 0.82265625 0.2140625 0.053125 0.04921875
0 0.728125 0.1515625 0.05390625 0.05078125
0 0.51015625 0.1546875 0.053125 0.05
1 0.14296875 0.30234375 0.0515625 0.04921875
0 0.25546875 0.13125 0.0546875 0.05
0 0.4515625 0.8625 0.05234375 0.046875
1 0.134375 0.45234375 0.05078125 0.04609375
1 0.19140625 0.2140625 0.05234375 0.0484375
1 0.196875 0.1671875 0.053125 0.04921875
0 0.3984375 0.16171875 0.05234375 0.04765625
0 0.35625 0.11640625 0.053125 0.0515625
1 0.6125 0.16484375 0.053125 0.05
1 0.0328125 0.69921875 0.053125 0.04765625
0 0.2046875 0.1203125 0.05390625 0.05
1 0.5609375 0.15703125 0.05234375 0.05078125
1 0.12734375 0.1671875 0.053125 0.05078125
0 0.30625 0.1203125 0.0546875 0.05234375
0 0.6125 0.11484375 0.05390625 0.05
0 0.13515625 0.11875 0.0546875 0.05
0 0.03515625 0.903125 0.053125 0.046875
0 0.1859375 0.946875 0.05234375 0.04609375
0 0.56015625 0.11015625 0.05390625 0.04921875
0 0.3421875 0.94375 0.05390625 0.04609375
0 0.08203125 0.115625 0.05390625 0.05078125
0 0.08671875 0.94375 0.053125 0.04765625
0 0.13515625 0.946875 0.053125 0.046875
0 0.884375 0.1546875 0.05625 0.05078125
1 0.9234375 0.20625 0.0546875 0.05078125
0 0.03203125 0.11953125 0.053125 0.05
0 0.3640625 0.06328125 0.05390625 0.05078125
0 0.17421875 0.06953125 0.05234375 0.05
0 0.02578125 0.07578125 0.05078125 0.04765625