0 0.3953125 0.590625 0.05 0.04921875
1 0.025 0.396875 0.04921875 0.0484375
1 0.23203125 0.5515625 0.0515625 0.0484375
0 0.3984375 0.5 0.05234375 0.04765625
0 0.28984375 0.59609375 0.05234375 0.04921875
1 0.08125 0.396875 0.05078125 0.04921875
0 0.3421875 0.55390625 0.0515625 0.04765625
1 0.025 0.15390625 0.04921875 0.0515625
0 0.60234375 0.53984375 0.0515625 0.04765625
1 0.13203125 0.39453125 0.05234375 0.04921875
0 0.50234375 0.50078125 0.05234375 0.04921875
1 0.07734375 0.7484375 0.0515625 0.04921875
0 0.3921875 0.44609375 0.053125 0.04921875
0 0.5515625 0.49609375 0.05078125 0.0484375
0 0.39140625 0.7484375 0.053125 0.05
1 0.121875 0.19296875 0.0515625 0.05078125
1 0.23984375 0.3953125 0.0515625 0.04921875
1 0.96796875 0.58984375 0.053125 0.05
1 0.134375 0.603125 0.05234375 0.05
0 0.1859375 0.6046875 0.053125 0.04921875
0 0.76953125 0.8453125 0.05390625 0.05078125
0 0.815625 0.4421875 0.053125 0.04921875
0 0.653125 0.53828125 0.05234375 0.04921875
0 0.5953125 0.7453125 0.05234375 0.05
0 0.48984375 0.4546875 0.05234375 0.04921875
0 0.2359375 0.6 0.05234375 0.04921875
1 0.17890625 0.3 0.0515625 0.04921875
1 0.01953125 0.35 0.0390625 0.046875
0 0.86640625 0.34765625 0.053125 0.05
0 0.13515625 0.70234375 0.0546875 0.0515625
0 0.44609375 0.40078125 0.053125 0.04921875
0 0.65 0.696875 0.053125 0.04921875
1 0.9703125 0.5359375 0.0546875 0.0515625
1 0.07890625 0.7015625 0.0515625 0.0484375
1 0.2921875 0.19140625 0.05078125 0.04765625
0 0.44921875 0.75078125 0.05234375 0.0484375
1 0.60546875 0.43203125 0.0515625 0.0484375
1 0.2765625 0.346875 0.0515625 0.04921875
0 0.7703125 0.59140625 0.0546875 0.05
1 0.18125 0.54765625 0.0515625 0.04921875
1 0.12109375 0.34609375 0.05 0.04921875
0 0.18984375 0.75703125 0.05390625 0.05078125
0 0.12890625 0.75625 0.05390625 0.05078125
0 0.6546875 0.4421875 0.053125 0.04921875
1 0.43984375 0.23984375 0.05 0.0484375
0 0.8765625 0.753125 0.053125 0.05
0 0.7109375 0.653125 0.0546875 0.0484375
0 0.14296875 0.6546875 0.0546875 0.05078125
0 0.82734375 0.85078125 0.0546875 0.05
0 0.34296875 0.8015625 0.053125 0.05
1 0.3375 0.403125 0.05 0.05
0 0.7078125 0.60625 0.05390625 0.04921875
0 0.4953125 0.40625 0.05390625 0.05
1 0.0921875 0.6578125 0.0515625 0.05
1 0.2875 0.4984375 0.0515625 0.0484375
1 0.08046875 0.1421875 0.05078125 0.05078125
1 0.3484375 0.5015625 0.0515625 0.04921875
1 0.32890625 0.34296875 0.0515625 0.05078125
1 0.8796875 0.85078125 0.053125 0.04921875
1 0.9171875 0.58515625 0.05390625 0.05
0 0.5953125 0.6921875 0.05234375 0.04921875
1 0.88203125 0.64765625 0.05234375 0.05
1 0.14140625 0.8515625 0.05234375 0.05078125
0 0.29296875 0.80625 0.053125 0.05078125
1 0.39296875 0.19375 0.05078125 0.04921875
0 0.5546875 0.80390625 0.05078125 0.0484375
0 0.49375 0.3453125 0.053125 0.05
0 0.7515625 0.39296875 0.053125 0.04921875
0 0.509375 0.853125 0.053125 0.04921875
1 0.2859375 0.54765625 0.05 0.0484375
0 0.70390625 0.346875 0.053125 0.05
0 0.615625 0.8546875 0.0546875 0.05234375
1 0.34296875 0.45390625 0.05078125 0.04765625
1 0.38671875 0.39921875 0.05 0.04921875
0 0.503125 0.8 0.05234375 0.04921875
0 0.9203125 0.34765625 0.05234375 0.05
1 0.7078125 0.54140625 0.053125 0.04921875
0 0.65 0.3953125 0.05390625 0.05
1 0.9078125 0.28828125 0.05234375 0.05078125
0 0.8578125 0.2859375 0.053125 0.04921875
0 0.24296875 0.8609375 0.05390625 0.04921875
0 0.9671875 0.48828125 0.0546875 0.04921875
0 0.64296875 0.34765625 0.053125 0.05
0 0.7578125 0.496875 0.05390625 0.04921875
1 0.87109375 0.703125 0.053125 0.05
1 0.709375 0.18671875 0.05078125 0.05078125
0 0.459375 0.8546875 0.053125 0.0515625
0 0.91484375 0.53828125 0.05390625 0.04921875
0 0.80546875 0.334375 0.05390625 0.0515625
1 0.8765625 0.80390625 0.053125 0.04921875
1 0.659375 0.18984375 0.053125 0.04921875
1 0.77421875 0.753125 0.053125 0.04921875
1 0.13671875 0.80546875 0.05234375 0.04921875
1 0.19140625 0.91015625 0.05234375 0.05078125
0 0.5921875 0.340625 0.05234375 0.04921875
0 0.9703125 0.34609375 0.05234375 0.05078125
1 0.70625 0.7015625 0.0515625 0.04765625
1 0.22734375 0.1453125 0.05 0.04921875
0 0.24140625 0.80625 0.05546875 0.0515625
0 0.45078125 0.909375 0.05390625 0.05234375
0 0.86171875 0.5390625 0.0546875 0.05
1 0.825 0.64296875 0.053125 0.04921875
1 0.49296875 0.13828125 0.0515625 0.04921875
0 0.61484375 0.90625 0.0546875 0.05234375
1 0.81015625 0.1859375 0.05234375 0.04921875
1 0.44375 0.353125 0.05078125 0.04921875
0 0.8625 0.4921875 0.0546875 0.05
0 0.75625 0.34765625 0.05390625 0.05
1 0.540625 0.4453125 0.0515625 0.04921875
1 0.07578125 0.09453125 0.05 0.04765625
1 0.27890625 0.2984375 0.05 0.04765625
1 0.228125 0.29453125 0.05 0.0484375
1 0.7203125 0.9078125 0.05234375 0.05078125
0 0.75625 0.28125 0.053125 0.05078125
1 0.82109375 0.79765625 0.05390625 0.04921875
1 0.7640625 0.43984375 0.0515625 0.05
1 0.6 0.478125 0.0515625 0.04921875
1 0.025 0.04921875 0.04921875 0.0515625
0 0.18984375 0.81015625 0.0546875 0.05234375
1 0.8578125 0.13671875 0.05234375 0.05
1 0.6734375 0.79375 0.053125 0.05078125
1 0.76640625 0.65859375 0.053125 0.04765625
1 0.91484375 0.19375 0.053125 0.05
1 0.49609375 0.24765625 0.0515625 0.04921875
1 0.48984375 0.29609375 0.0515625 0.0484375
1 0.1921875 0.86015625 0.05390625 0.0515625
1 0.965625 0.190625 0.05078125 0.0484375
1 0.33984375 0.140625 0.05078125 0.0484375
1 0.821875 0.5875 0.05234375 0.04921875
1 0.24140625 0.2484375 0.05 0.04765625
1 0.2859375 0.14375 0.05078125 0.0484375
1 0.61640625 0.80234375 0.0515625 0.04921875
1 0.6671875 0.8515625 0.05234375 0.0515625
1 0.17890625 0.14140625 0.05 0.05
1 0.12890625 0.14140625 0.05078125 0.05
1 0.90859375 0.23984375 0.0515625 0.04921875
0 0.809375 0.5421875 0.05390625 0.0484375
1 0.5515625 0.39453125 0.0515625 0.05
1 0.6515625 0.490625 0.05234375 0.04921875
0 0.35625 0.95546875 0.05390625 0.053125
1 0.8578125 0.234375 0.0515625 0.0515625
1 0.72578125 0.96171875 0.053125 0.05078125
1 0.44453125 0.19375 0.04921875 0.046875
1 0.3984375 0.80546875 0.05234375 0.05
0 0.39921875 0.90703125 0.0546875 0.053125
0 0.959375 0.2875 0.05390625 0.05
1 0.7078125 0.2953125 0.05234375 0.05078125
1 0.434375 0.0875 0.05078125 0.04921875
1 0.8703125 0.6015625 0.053125 0.04609375
1 0.6578125 0.74765625 0.0515625 0.04921875
1 0.80546875 0.13203125 0.05078125 0.05
1 0.70234375 0.13046875 0.05234375 0.05
1 0.82578125 0.75078125 0.05234375 0.05
1 0.29453125 0.9078125 0.053125 0.05
0 0.66484375 0.95625 0.0546875 0.05078125
1 0.24375 0.9078125 0.05234375 0.05
1 0.703125 0.49375 0.05234375 0.04921875
1 0.80625 0.2875 0.05234375 0.04921875
1 0.75859375 0.23203125 0.053125 0.05078125
1 0.1734375 0.04140625 0.05 0.05
1 0.296875 0.96015625 0.05234375 0.05078125
1 0.71484375 0.4453125 0.0515625 0.04921875
0 0.6125 0.9546875 0.05546875 0.05
1 0.23046875 0.0953125 0.05078125 0.04921875
0 0.96015625 0.23828125 0.05390625 0.05078125
1 0.64921875 0.29609375 0.0515625 0.05078125
1 0.5421875 0.34921875 0.0515625 0.05
1 0.6703125 0.90546875 0.05234375 0.0515625
1 0.540625 0.2984375 0.05078125 0.05
1 0.3484375 0.9046875 0.05234375 0.05
1 0.2953125 0.8578125 0.053125 0.05078125
1 0.4484375 0.79765625 0.05078125 0.0484375
1 0.74765625 0.0875 0.05 0.05
1 0.80859375 0.2390625 0.05234375 0.05078125
1 0.40703125 0.85234375 0.05234375 0.04921875
1 0.32421875 0.0484375 0.0515625 0.05078125
1 0.5921875 0.2921875 0.0515625 0.05
0 0.459375 0.96171875 0.05234375 0.05078125
1 0.7015625 0.40078125 0.05234375 0.05
1 0.35703125 0.8578125 0.053125 0.05
1 0.484375 0.09296875 0.05078125 0.04765625
1 0.3734375 0.04296875 0.0484375 0.04921875
1 0.2828125 0.09296875 0.0515625 0.0484375
1 0.60078125 0.3875 0.05234375 0.05
0 0.41015625 0.959375 0.0546875 0.053125
1 0.2296875 0.040625 0.05 0.05
0 0.75859375 0.5453125 0.0546875 0.04921875