1 0.14765625 0.5046875 0.053125 0.053125
0 0.8 0.1984375 0.05 0.0484375
1 0.14140625 0.1953125 0.05078125 0.05
0 0.80078125 0.4984375 0.05078125 0.04921875
1 0.146875 0.815625 0.05234375 0.0515625
0 0.809375 0.7953125 0.04921875 0.04921875
1 0.47578125 0.35234375 0.05 0.04921875
1 0.47265625 0.45390625 0.05 0.04921875
0 0.521875 0.0453125 0.05 0.04921875
1 0.475 0.55390625 0.0515625 0.05078125
1 0.4828125 0.65390625 0.05078125 0.0515625
1 0.478125 0.25 0.0515625 0.05078125
1 0.415625 0.25234375 0.05234375 0.05078125
1 0.4234375 0.45 0.0515625 0.04921875
1 0.42265625 0.54765625 0.0515625 0.05
1 0.41015625 0.19609375 0.053125 0.0515625
1 0.41640625 0.40078125 0.05234375 0.05
0 0.471875 0.05 0.04921875 0.05
1 0.46484375 0.75703125 0.05078125 0.05
1 0.41875 0.04609375 0.05078125 0.05
1 0.42265625 0.6015625 0.05 0.0484375
1 0.428125 0.65234375 0.05234375 0.05
1 0.42890625 0.4984375 0.0515625 0.04921875
1 0.475 0.153125 0.05078125 0.05078125
1 0.4203125 0.303125 0.0515625 0.04921875
1 0.47578125 0.9578125 0.0515625 0.05078125
1 0.425 0.9546875 0.0515625 0.0515625
1 0.41328125 0.35234375 0.05234375 0.04921875
1 0.41640625 0.14765625 0.0515625 0.04921875
1 0.4640625 0.85859375 0.05 0.05
1 0.415625 0.753125 0.05234375 0.05
1 0.41796875 0.09765625 0.0515625 0.04765625
1 0.4171875 0.8015625 0.05234375 0.05
0 0.47578125 0.10234375 0.04921875 0.04921875
0 0.46484375 0.2015625 0.04921875 0.05078125
0 0.53359375 0.0984375 0.04921875 0.05
0 0.48828125 0.4015625 0.04921875 0.05
1 0.4203125 0.89921875 0.05234375 0.05078125
0 0.5375 0.4015625 0.05 0.05
1 0.4234375 0.703125 0.0515625 0.0484375
0 0.475 0.3 0.04921875 0.05078125
0 0.5265625 0.34921875 0.05 0.05078125
0 0.52421875 0.29296875 0.05 0.0515625
0 0.4734375 0.60234375 0.04921875 0.0484375
0 0.48125 0.5015625 0.04921875 0.0484375
0 0.4765625 0.80859375 0.04921875 0.05
1 0.41484375 0.8515625 0.0515625 0.04921875
0 0.528125 0.1453125 0.04921875 0.04921875
0 0.51484375 0.1953125 0.05078125 0.05078125
0 0.52578125 0.24140625 0.04921875 0.04921875
0 0.53046875 0.5 0.04921875 0.0484375
0 0.52265625 0.453125 0.05 0.04921875
0 0.48125 0.70625 0.04765625 0.04921875
0 0.534375 0.8078125 0.05078125 0.05078125
0 0.53203125 0.55625 0.0484375 0.046875
0 0.5359375 0.609375 0.0484375 0.0484375
0 0.5296875 0.75703125 0.05 0.0484375
0 0.471875 0.9078125 0.05078125 0.05
0 0.5203125 0.8625 0.05078125 0.05
0 0.528125 0.9609375 0.05 0.04765625
0 0.53046875 0.70625 0.04921875 0.046875
0 0.5296875 0.9109375 0.04921875 0.04765625
0 0.5359375 0.65859375 0.04921875 0.04765625