0 0.5 0.4625 0.0640625 0.05625
1 0.91015625 0.4640625 0.06953125 0.059375
0 0.3671875 0.45078125 0.06875 0.05703125
0 0.44296875 0.5265625 0.0671875 0.05546875
0 0.565625 0.471875 0.0671875 0.05546875
0 0.63359375 0.403125 0.0671875 0.05625
1 0.91640625 0.65078125 0.06953125 0.0578125
0 0.24140625 0.40625 0.0671875 0.0578125
0 0.29609375 0.528125 0.06640625 0.05546875
0 0.4296875 0.40078125 0.06640625 0.05703125
0 0.3625 0.52421875 0.06875 0.0578125
1 0.93125 0.34296875 0.0671875 0.05703125
0 0.56171875 0.4140625 0.065625 0.05703125
0 0.50703125 0.58515625 0.0671875 0.0546875
0 0.57734375 0.2765625 0.06640625 0.05703125
0 0.6375 0.3390625 0.06796875 0.0609375
0 0.440625 0.2828125 0.06640625 0.0578125
0 0.571875 0.58125 0.06796875 0.05546875
0 0.36640625 0.5796875 0.0671875 0.05546875
0 0.5109375 0.28125 0.06640625 0.05703125
0 0.5859375 0.525 0.0671875 0.05625
0 0.65 0.540625 0.0671875 0.0546875
0 0.23125 0.346875 0.0671875 0.0578125
1 0.07265625 0.4625 0.06953125 0.059375
0 0.3078125 0.40390625 0.06796875 0.0578125
0 0.57890625 0.64140625 0.06953125 0.05859375
1 0.0828125 0.525 0.06953125 0.0578125
1 0.909375 0.29140625 0.06953125 0.05859375
0 0.3609375 0.28359375 0.06796875 0.05703125
0 0.70703125 0.3453125 0.07109375 0.06015625
0 0.6421875 0.65 0.06875 0.0578125
1 0.84140625 0.47265625 0.0703125 0.05703125
0 0.29375 0.2765625 0.06640625 0.0578125
0 0.63828125 0.22578125 0.0671875 0.05703125
0 0.7109375 0.63984375 0.06875 0.05703125
1 0.83671875 0.5328125 0.0703125 0.05625
1 0.15859375 0.53046875 0.0703125 0.05859375
1 0.0734375 0.39921875 0.07109375 0.06015625
1 0.85078125 0.353125 0.06953125 0.0578125
1 0.0859375 0.646875 0.06953125 0.06015625
1 0.8484375 0.65703125 0.0703125 0.0578125
1 0.1484375 0.58984375 0.07109375 0.0578125
1 0.77578125 0.4578125 0.0703125 0.05703125
1 0.77421875 0.4015625 0.06875 0.05625
0 0.315625 0.20859375 0.06640625 0.05625
1 0.77265625 0.58515625 0.0671875 0.0546875
1 0.2984375 0.5921875 0.0703125 0.05625
0 0.85078125 0.24296875 0.06875 0.059375
1 0.91484375 0.2296875 0.06796875 0.05703125
1 0.85625 0.715625 0.0703125 0.05625
0 0.22890625 0.290625 0.065625 0.05625
0 0.6359375 0.7125 0.06796875 0.05703125
1 0.22734375 0.52421875 0.07109375 0.0578125
1 0.8421875 0.29765625 0.06875 0.05703125
0 0.5109375 0.165625 0.06796875 0.05546875
1 0.15546875 0.40703125 0.07109375 0.05703125
1 0.784375 0.346875 0.06875 0.05625
0 0.6390625 0.16875 0.06875 0.0578125
0 0.44140625 0.1640625 0.06640625 0.05625
1 0.15 0.6609375 0.07109375 0.06015625
1 0.21875 0.65703125 0.06953125 0.0578125
1 0.7046875 0.40390625 0.06875 0.05625
1 0.778125 0.221875 0.06796875 0.05625
1 0.29921875 0.46171875 0.0703125 0.06015625
0 0.84765625 0.17578125 0.06953125 0.05859375
1 0.6453125 0.28125 0.0671875 0.05703125
0 0.575 0.153125 0.06640625 0.05625
1 0.709375 0.28828125 0.06796875 0.05703125
1 0.2296875 0.46484375 0.0734375 0.0609375
1 0.3703125 0.64375 0.0703125 0.05703125
1 0.7765625 0.2890625 0.06875 0.05703125
1 0.0828125 0.7171875 0.06953125 0.05703125
1 0.70625 0.4671875 0.0703125 0.05625
1 0.70546875 0.22109375 0.06796875 0.05703125
0 0.15234375 0.35 0.0703125 0.059375
1 0.49921875 0.6515625 0.06796875 0.05546875
1 0.284375 0.7140625 0.0671875 0.05703125
1 0.43984375 0.5828125 0.0671875 0.05546875
1 0.634375 0.46171875 0.06640625 0.05625
1 0.79140625 0.76953125 0.06796875 0.0578125
1 0.56953125 0.7125 0.06875 0.0578125
1 0.77890625 0.64921875 0.06953125 0.05625
1 0.70546875 0.57890625 0.06875 0.05625
0 0.3703125 0.1578125 0.06640625 0.05625
1 0.43515625 0.6375 0.06796875 0.0578125
0 0.709375 0.16484375 0.06953125 0.05859375
0 0.7765625 0.16171875 0.065625 0.0578125
1 0.4328125 0.70234375 0.06796875 0.05625
1 0.71953125 0.77421875 0.0703125 0.059375
1 0.36796875 0.7171875 0.0703125 0.0578125
1 0.6390625 0.5953125 0.0671875 0.0546875
1 0.85703125 0.77734375 0.06953125 0.05625
1 0.71328125 0.52265625 0.06875 0.05546875
0 0.0796875 0.34140625 0.06640625 0.05859375
1 0.7078125 0.709375 0.0703125 0.05703125
1 0.571875 0.77265625 0.0703125 0.059375
1 0.2171875 0.7140625 0.06953125 0.05703125
1 0.3578125 0.77265625 0.0703125 0.05703125
1 0.64921875 0.7796875 0.0703125 0.0578125
1 0.1375 0.77734375 0.06953125 0.05703125
0 0.9203125 0.171875 0.0671875 0.0578125