1 0.5078125 0.50703125 0.05 0.05
0 0.03984375 0.46953125 0.05546875 0.05234375
1 0.5640625 0.50859375 0.05390625 0.0515625
1 0.55625 0.56171875 0.05390625 0.05
1 0.6140625 0.3703125 0.053125 0.05
1 0.459375 0.40703125 0.0546875 0.0515625
1 0.56171875 0.36328125 0.05234375 0.05078125
1 0.61640625 0.50859375 0.053125 0.05
1 0.5640625 0.61953125 0.05234375 0.04921875
1 0.3 0.559375 0.05546875 0.0515625
1 0.2953125 0.51015625 0.05546875 0.05
1 0.353125 0.56328125 0.05390625 0.05
1 0.4609375 0.66484375 0.053125 0.05
1 0.71640625 0.4078125 0.0546875 0.0515625
1 0.6671875 0.50078125 0.05234375 0.05078125
1 0.2953125 0.6140625 0.05625 0.05234375
1 0.3546875 0.3484375 0.05234375 0.05078125
1 0.72421875 0.45703125 0.0546875 0.05078125
1 0.459375 0.56796875 0.05078125 0.0484375
1 0.6640625 0.30703125 0.05390625 0.05
1 0.25078125 0.36015625 0.053125 0.05078125
1 0.14921875 0.403125 0.053125 0.0484375
1 0.565625 0.20234375 0.053125 0.05078125
1 0.29140625 0.403125 0.05625 0.05234375
0 0.0875 0.6078125 0.05625 0.05078125
1 0.2953125 0.665625 0.05625 0.053125
1 0.56875 0.66640625 0.05390625 0.0484375
1 0.71015625 0.6078125 0.05546875 0.0515625
1 0.5109375 0.365625 0.05234375 0.05078125
1 0.19453125 0.36328125 0.05234375 0.0515625
1 0.459375 0.20625 0.053125 0.0515625
1 0.2484375 0.2578125 0.0546875 0.0515625
1 0.2484375 0.30859375 0.0546875 0.0515625
1 0.14453125 0.459375 0.05546875 0.0515625
1 0.40703125 0.56796875 0.053125 0.0515625
0 0.0359375 0.6671875 0.0546875 0.0515625
1 0.715625 0.35859375 0.053125 0.0515625
1 0.29609375 0.2046875 0.05390625 0.053125
1 0.7203125 0.50625 0.05390625 0.05078125
1 0.30234375 0.35234375 0.05390625 0.0515625
1 0.2421875 0.2046875 0.05390625 0.0515625
1 0.45859375 0.3546875 0.05390625 0.0515625
1 0.34921875 0.6671875 0.0546875 0.05234375
1 0.721875 0.5609375 0.0546875 0.04921875
1 0.4078125 0.34140625 0.0546875 0.0515625
0 0.0421875 0.41015625 0.0546875 0.053125
1 0.6609375 0.20859375 0.053125 0.05078125
1 0.3484375 0.20625 0.05390625 0.05234375
1 0.40234375 0.66953125 0.0546875 0.0515625
1 0.6640625 0.25625 0.05390625 0.05
1 0.29921875 0.715625 0.05625 0.05234375
1 0.1421875 0.56640625 0.05703125 0.053125
0 0.0921875 0.6625 0.05625 0.053125
1 0.50625 0.71484375 0.05234375 0.04921875
1 0.6109375 0.7046875 0.053125 0.05078125
0 0.08828125 0.51015625 0.05390625 0.04921875
1 0.14296875 0.5171875 0.05625 0.0515625
1 0.66328125 0.7046875 0.053125 0.05078125
1 0.44921875 0.46015625 0.0546875 0.0515625
0 0.09140625 0.4625 0.05 0.046875
1 0.709375 0.65859375 0.05546875 0.0515625
1 0.1421875 0.35234375 0.05234375 0.0515625
1 0.61015625 0.15078125 0.053125 0.05234375
1 0.08828125 0.3484375 0.0546875 0.053125
1 0.4 0.2046875 0.053125 0.05234375
1 0.66328125 0.35703125 0.053125 0.0515625
1 0.7671875 0.36328125 0.053125 0.05
1 0.81953125 0.35625 0.0515625 0.05
1 0.2359375 0.1484375 0.0546875 0.053125
1 0.14453125 0.665625 0.05703125 0.05234375
1 0.1890625 0.1984375 0.05390625 0.05078125
1 0.296875 0.76484375 0.05625 0.0515625
1 0.34921875 0.15546875 0.0546875 0.0515625
1 0.7125 0.14921875 0.053125 0.053125
1 0.5578125 0.7125 0.05234375 0.04921875
1 0.14609375 0.71484375 0.05703125 0.05234375
1 0.71640625 0.71015625 0.05546875 0.05234375
0 0.096875 0.41484375 0.0546875 0.05078125
1 0.4546875 0.1578125 0.053125 0.0515625
0 0.97265625 0.40703125 0.053125 0.05234375
1 0.40234375 0.153125 0.0546875 0.0515625
0 0.0453125 0.77109375 0.053125 0.05
1 0.28828125 0.15546875 0.05546875 0.05234375
0 0.0890625 0.55859375 0.05390625 0.04921875
1 0.1359375 0.19921875 0.05546875 0.05390625
1 0.8703125 0.36015625 0.053125 0.0515625
0 0.915625 0.26171875 0.05234375 0.05078125
1 0.29609375 0.81328125 0.05625 0.0515625
1 0.6609375 0.15078125 0.05234375 0.05234375
1 0.61328125 0.09375 0.0546875 0.053125
0 0.09609375 0.76484375 0.05234375 0.053125
1 0.72109375 0.75859375 0.05546875 0.05234375
1 0.76484375 0.1546875 0.053125 0.05390625
0 0.975 0.54921875 0.05 0.0484375
1 0.03515625 0.353125 0.0546875 0.053125
1 0.29296875 0.4515625 0.0546875 0.05078125
1 0.14921875 0.76640625 0.0578125 0.05234375
1 0.08359375 0.209375 0.05625 0.05546875
0 0.925 0.61171875 0.053125 0.05078125
0 0.9765625 0.309375 0.04609375 0.04921875
0 0.97578125 0.6078125 0.04765625 0.04921875
0 0.81875 0.309375 0.053125 0.0515625
0 0.76875 0.30546875 0.053125 0.04921875
0 0.08125 0.81640625 0.05546875 0.0515625
0 0.87890625 0.30625 0.05390625 0.0515625
1 0.2328125 0.0953125 0.0546875 0.0515625
0 0.028125 0.81953125 0.05234375 0.0515625
0 0.359375 0.10625 0.0515625 0.0515625
1 0.08203125 0.1515625 0.05546875 0.05234375
0 0.92734375 0.31171875 0.05234375 0.05234375
1 0.13671875 0.815625 0.05703125 0.053125
0 0.09140625 0.7125 0.0546875 0.04921875
0 0.9234375 0.4609375 0.053125 0.0515625
0 0.93671875 0.6578125 0.05234375 0.04921875
1 0.92578125 0.365625 0.053125 0.05234375
0 0.9234375 0.509375 0.053125 0.05078125
1 0.7203125 0.81171875 0.05546875 0.05234375
0 0.92109375 0.4140625 0.0546875 0.05390625
0 0.8140625 0.2578125 0.053125 0.0515625
0 0.96953125 0.20703125 0.05390625 0.05234375
0 0.8703125 0.409375 0.05546875 0.053125
0 0.715625 0.30546875 0.05234375 0.05
0 0.403125 0.71953125 0.053125 0.04921875
0 0.2859375 0.10234375 0.05390625 0.05078125
1 0.86796875 0.153125 0.053125 0.053125
1 0.2453125 0.871875 0.05625 0.05078125
0 0.81875 0.40546875 0.0546875 0.0515625
0 0.8765625 0.5578125 0.053125 0.04921875
0 0.71640625 0.25625 0.05390625 0.0515625
0 0.35234375 0.71796875 0.05546875 0.0515625
0 0.9265625 0.55703125 0.053125 0.05234375
1 0.5109375 0.20078125 0.053125 0.05078125
0 0.50703125 0.15234375 0.053125 0.05
1 0.296875 0.8640625 0.05625 0.053125
1 0.08359375 0.86875 0.05703125 0.05234375
0 0.76640625 0.4125 0.05234375 0.05078125
1 0.92109375 0.1421875 0.05390625 0.05546875
0 0.9296875 0.709375 0.0515625 0.05
1 0.97578125 0.35859375 0.04765625 0.05234375
0 0.45078125 0.7625 0.053125 0.04921875
1 0.1421875 0.8734375 0.05703125 0.0515625
0 0.3515625 0.765625 0.05390625 0.0453125
1 0.1921875 0.865625 0.0578125 0.05234375
1 0.3 0.9125 0.05625 0.0515625
0 0.928125 0.8546875 0.0515625 0.05
0 0.92890625 0.80546875 0.05078125 0.05
1 0.13828125 0.61640625 0.05703125 0.05234375
0 0.91875 0.2046875 0.0515625 0.05078125
1 0.71796875 0.8609375 0.0546875 0.05234375
0 0.35078125 0.8125 0.0546875 0.05078125
0 0.409375 0.0953125 0.0515625 0.0484375
0 0.76484375 0.64921875 0.053125 0.04765625
0 0.8265625 0.553125 0.053125 0.046875
0 0.7734375 0.46015625 0.0546875 0.0515625
0 0.55 0.81171875 0.053125 0.05078125
0 0.45390625 0.71484375 0.05234375 0.05
1 0.084375 0.09921875 0.05546875 0.05078125
0 0.76875 0.7 0.05390625 0.05
0 0.77421875 0.60234375 0.053125 0.05
0 0.5515625 0.7625 0.05234375 0.05078125
0 0.765625 0.203125 0.05390625 0.0515625
0 0.815625 0.209375 0.053125 0.05234375
0 0.2984375 0.05 0.05234375 0.05
0 0.559375 0.1546875 0.05234375 0.04921875
0 0.97578125 0.10078125 0.0484375 0.0515625
0 0.91875 0.08984375 0.05234375 0.0515625
0 0.7140625 0.2078125 0.0546875 0.05078125
0 0.87421875 0.7609375 0.0515625 0.04921875
1 0.815625 0.159375 0.0515625 0.05234375
0 0.6703125 0.75703125 0.05 0.04765625
0 0.86875 0.8609375 0.053125 0.05
0 0.77421875 0.55546875 0.05390625 0.0515625
0 0.6671875 0.809375 0.05234375 0.0515625
0 0.50078125 0.7671875 0.053125 0.0484375
0 0.4625 0.09609375 0.053125 0.0515625
1 0.6078125 0.04296875 0.053125 0.05
1 0.9734375 0.15078125 0.05234375 0.05390625
0 0.40390625 0.0453125 0.053125 0.05078125
0 0.5125 0.1046875 0.05234375 0.0484375
0 0.66484375 0.1015625 0.05390625 0.05234375
0 0.5578125 0.0578125 0.053125 0.05
0 0.771875 0.50703125 0.05390625 0.0515625
0 0.3609375 0.909375 0.05546875 0.0515625
0 0.6609375 0.04375 0.053125 0.05
0 0.8578125 0.04609375 0.05390625 0.0515625
0 0.60078125 0.75234375 0.04921875 0.046875
0 0.5625 0.10703125 0.04921875 0.0484375
0 0.353125 0.8609375 0.05546875 0.05078125
0 0.88125 0.909375 0.053125 0.0484375
0 0.82109375 0.7625 0.05390625 0.04921875
0 0.4515625 0.86875 0.05234375 0.04921875
0 0.76953125 0.79609375 0.053125 0.0515625
0 0.8703125 0.1046875 0.053125 0.053125
0 0.503125 0.05625 0.05078125 0.0484375
1 0.0921875 0.91953125 0.05703125 0.0515625
0 0.76015625 0.05390625 0.0515625 0.04921875
1 0.025 0.871875 0.05 0.05
0 0.81796875 0.11171875 0.05390625 0.05390625
0 0.41328125 0.91171875 0.053125 0.0484375
0 0.92578125 0.75625 0.0515625 0.05078125
0 0.6671875 0.8578125 0.05390625 0.0515625
0 0.553125 0.8640625 0.05234375 0.05
1 0.24140625 0.0453125 0.05390625 0.05
0 0.56484375 0.91640625 0.0515625 0.04921875
0 0.503125 0.86953125 0.05234375 0.0484375
0 0.77265625 0.85859375 0.053125 0.0515625
0 0.771875 0.7484375 0.05390625 0.05
0 0.46328125 0.92265625 0.05390625 0.05
0 0.615625 0.8640625 0.05234375 0.04765625
0 0.7171875 0.9125 0.053125 0.04921875
0 0.665625 0.909375 0.05234375 0.04921875
0 0.3609375 0.95703125 0.0546875 0.05078125
0 0.825 0.90546875 0.05078125 0.046875
0 0.76875 0.95703125 0.053125 0.04921875
1 0.3015625 0.96171875 0.05546875 0.0515625
0 0.87265625 0.96328125 0.0515625 0.04921875
1 0.09765625 0.9703125 0.05703125 0.05078125
0 0.86796875 0.20625 0.05 0.05
0 0.7703125 0.90859375 0.05234375 0.0484375
0 0.71640625 0.09921875 0.05 0.05078125
0 0.76640625 0.10390625 0.05 0.04921875