0 0.34453125 0.4453125 0.0484375 0.05
1 0.50390625 0.4578125 0.04609375 0.0484375
1 0.459375 0.4953125 0.05078125 0.04921875
0 0.09140625 0.3421875 0.053125 0.0515625
0 0.08984375 0.39921875 0.05234375 0.05078125
0 0.140625 0.290625 0.05234375 0.05078125
1 0.36171875 0.97890625 0.04921875 0.0421875
1 0.45625 0.97734375 0.05 0.0453125
1 0.76640625 0.97734375 0.0484375 0.0453125
0 0.084375 0.1828125 0.053125 0.05390625
0 0.04140625 0.2296875 0.05234375 0.053125
0 0.40703125 0.02890625 0.05 0.046875
1 0.4046875 0.55 0.0515625 0.05
0 0.2953125 0.0234375 0.05 0.04453125
1 0.55625 0.975 0.05 0.05
0 0.14296875 0.2359375 0.053125 0.0515625
0 0.6078125 0.02734375 0.05 0.046875
0 0.509375 0.02734375 0.05 0.046875
0 0.08828125 0.29140625 0.05234375 0.05078125
0 0.1453125 0.17890625 0.053125 0.05078125
0 0.81640625 0.03125 0.04921875 0.0484375
1 0.61015625 0.35 0.05078125 0.05078125
0 0.08671875 0.12890625 0.0515625 0.0515625
1 0.66484375 0.971875 0.05078125 0.05078125
1 0.24140625 0.50078125 0.053125 0.0515625
0 0.03359375 0.3484375 0.05234375 0.05234375
0 0.23671875 0.06953125 0.0515625 0.0484375
1 0.2421875 0.4515625 0.0515625 0.05
1 0.24765625 0.98046875 0.0515625 0.03828125
1 0.3484375 0.28359375 0.0515625 0.0515625
0 0.35078125 0.07421875 0.05078125 0.04921875
0 0.296875 0.128125 0.05234375 0.04921875
0 0.2015625 0.12578125 0.05078125 0.0484375
0 0.7171875 0.034375 0.04921875 0.046875
1 0.14609375 0.97890625 0.0484375 0.0421875
0 0.1265625 0.075 0.05 0.04921875
1 0.19296875 0.3953125 0.05234375 0.0515625
1 0.15 0.5078125 0.05234375 0.0515625
0 0.4515625 0.08203125 0.05078125 0.0484375
1 0.4046875 0.6609375 0.05 0.04921875
1 0.71328125 0.659375 0.05078125 0.05078125
0 0.4078125 0.3875 0.0515625 0.04765625
0 0.91484375 0.1296875 0.05 0.05
1 0.246875 0.6671875 0.053125 0.05078125
0 0.08125 0.03046875 0.05 0.04921875
1 0.60859375 0.671875 0.04921875 0.04921875
0 0.02890625 0.17734375 0.05078125 0.0515625
0 0.61640625 0.1234375 0.05078125 0.0484375
1 0.1421875 0.56015625 0.05078125 0.05078125
1 0.8734375 0.97890625 0.046875 0.0421875
1 0.13828125 0.61484375 0.05234375 0.05234375
0 0.553125 0.07421875 0.0515625 0.04921875
0 0.3984375 0.1265625 0.05390625 0.05078125
0 0.2953125 0.59140625 0.05078125 0.05
0 0.45625 0.446875 0.0515625 0.04765625
1 0.5109375 0.66328125 0.05078125 0.05078125
1 0.09453125 0.97578125 0.05234375 0.0484375
1 0.09140625 0.56328125 0.0515625 0.0515625
0 0.9734375 0.34296875 0.05 0.05078125
0 0.35546875 0.65390625 0.05390625 0.0515625
0 0.40390625 0.446875 0.053125 0.05078125
0 0.50546875 0.3953125 0.05 0.04921875
0 0.353125 0.60078125 0.05234375 0.05078125
1 0.090625 0.4578125 0.0515625 0.0515625
0 0.65703125 0.0796875 0.05 0.0484375
0 0.9703125 0.18046875 0.05 0.05
0 0.19609375 0.01875 0.04921875 0.0375
0 0.75859375 0.08125 0.05 0.0484375
0 0.87578125 0.0796875 0.05 0.04921875
0 0.91953125 0.03359375 0.05 0.04921875
1 0.71171875 0.81875 0.0515625 0.05078125
0 0.03359375 0.0671875 0.05078125 0.05
0 0.7671875 0.5125 0.053125 0.05078125
0 0.40546875 0.49765625 0.05234375 0.0484375
0 0.96875 0.5484375 0.05078125 0.05078125
1 0.09296875 0.6734375 0.05234375 0.05234375
0 0.97578125 0.23515625 0.04765625 0.04921875
1 0.66640625 0.290625 0.053125 0.0515625
0 0.6015625 0.459375 0.05234375 0.05
1 0.1453125 0.72734375 0.05390625 0.05234375
1 0.2375 0.77109375 0.0515625 0.0515625
0 0.55625 0.509375 0.05 0.04765625
0 0.97421875 0.4984375 0.05078125 0.0515625
1 0.9734375 0.3921875 0.04765625 0.0515625
0 0.96953125 0.08515625 0.05078125 0.0515625
0 0.75625 0.5609375 0.053125 0.05
0 0.975 0.59921875 0.05 0.0515625
0 0.35703125 0.7109375 0.05078125 0.05234375
1 0.45234375 0.87109375 0.05078125 0.04921875
0 0.97578125 0.65234375 0.0484375 0.0515625
1 0.0890625 0.7671875 0.0546875 0.0546875
1 0.34765625 0.86875 0.0515625 0.05078125
1 0.865625 0.86875 0.0515625 0.05078125
1 0.303125 0.93046875 0.05078125 0.0515625
0 0.975 0.75234375 0.05 0.05234375
1 0.35703125 0.93046875 0.0515625 0.0515625
1 0.41015625 0.928125 0.0515625 0.04921875
1 0.04296875 0.715625 0.0515625 0.053125
0 0.4015625 0.765625 0.0515625 0.04921875
1 0.25390625 0.821875 0.05390625 0.053125
1 0.24453125 0.87421875 0.05234375 0.053125
1 0.55859375 0.9265625 0.05078125 0.04921875
1 0.4609375 0.92265625 0.05234375 0.05
1 0.97578125 0.81328125 0.04765625 0.05
1 0.03359375 0.45 0.05234375 0.053125
1 0.97734375 0.91953125 0.0453125 0.0515625
1 0.978125 0.8609375 0.04375 0.05
1 0.55546875 0.8703125 0.0515625 0.05
1 0.0359375 0.50625 0.053125 0.05390625
1 0.4078125 0.82421875 0.05078125 0.04921875
1 0.96875 0.97578125 0.046875 0.0484375
1 0.5609375 0.66484375 0.05 0.05
0 0.6046875 0.559375 0.0484375 0.04765625
0 0.96953125 0.44609375 0.046875 0.05
0 0.6609375 0.340625 0.046875 0.05
0 0.7109375 0.33203125 0.0484375 0.0515625
0 0.921875 0.44140625 0.04765625 0.05078125
0 0.92734375 0.48984375 0.046875 0.04765625
0 0.91875 0.53984375 0.05 0.04765625
0 0.928125 0.60234375 0.04609375 0.05
0 0.76015625 0.33515625 0.046875 0.05078125
0 0.7640625 0.3953125 0.04765625 0.05
0 0.8140625 0.3953125 0.05 0.05234375
0 0.69765625 0.38671875 0.0484375 0.05
0 0.71328125 0.44296875 0.0515625 0.0515625
0 0.6625 0.44296875 0.05 0.05078125
0 0.81953125 0.446875 0.04609375 0.05
0 0.8265625 0.49453125 0.04765625 0.04765625
0 0.81875 0.54453125 0.04765625 0.0484375
0 0.7078125 0.503125 0.0484375 0.05078125
0 0.6046875 0.50859375 0.0453125 0.05
0 0.653125 0.5609375 0.046875 0.05078125
0 0.7046875 0.55703125 0.04765625 0.053125
0 0.60625 0.40859375 0.046875 0.04765625
0 0.55546875 0.4 0.046875 0.05
0 0.55078125 0.44921875 0.0484375 0.0515625
0 0.97578125 0.29140625 0.046875 0.04765625
0 0.5125 0.3375 0.0484375 0.053125
0 0.46171875 0.334375 0.05 0.0546875
0 0.41171875 0.33671875 0.0484375 0.05234375
0 0.353125 0.33984375 0.0484375 0.05234375
0 0.35390625 0.496875 0.04765625 0.05234375
0 0.3546875 0.5484375 0.04765625 0.046875
0 0.303125 0.340625 0.046875 0.05078125
0 0.29140625 0.38984375 0.05 0.05
0 0.290625 0.440625 0.05078125 0.0515625
0 0.29609375 0.490625 0.05 0.0515625
0 0.2953125 0.54140625 0.05078125 0.05
0 0.296875 0.6515625 0.0484375 0.0515625
0 0.30625 0.70390625 0.04765625 0.05
0 0.3 0.75625 0.0484375 0.04765625
0 0.35 0.7625 0.05 0.05
0 0.40625 0.71015625 0.05078125 0.05
0 0.4625 0.7125 0.04765625 0.05234375
0 0.45234375 0.765625 0.046875 0.0484375
0 0.5109375 0.71015625 0.046875 0.0484375
0 0.49921875 0.7625 0.0453125 0.04765625
0 0.559375 0.71484375 0.046875 0.0515625
0 0.54765625 0.7671875 0.0484375 0.04609375
0 0.6078125 0.7203125 0.04765625 0.0484375
0 0.6015625 0.76875 0.04765625 0.05
0 0.6625 0.6640625 0.046875 0.05078125
0 0.659375 0.7140625 0.05 0.046875
0 0.6671875 0.775 0.04609375 0.04609375
0 0.71171875 0.7140625 0.04765625 0.05234375
0 0.7140625 0.7640625 0.046875 0.0484375
0 0.76171875 0.77265625 0.04609375 0.0484375
0 0.7625 0.66015625 0.05078125 0.0515625
0 0.7625 0.71015625 0.0484375 0.05078125
0 0.8140625 0.65546875 0.0484375 0.05234375
0 0.8125 0.709375 0.046875 0.046875
0 0.8203125 0.76015625 0.04609375 0.05078125
0 0.8640625 0.65078125 0.04609375 0.05
0 0.91953125 0.653125 0.0484375 0.05078125
0 0.8765625 0.70703125 0.046875 0.05
0 0.86875 0.75859375 0.04765625 0.05078125
0 0.92578125 0.703125 0.046875 0.05078125
0 0.92421875 0.7578125 0.046875 0.04765625
0 0.97734375 0.70234375 0.0453125 0.046875
0 0.19609375 0.18203125 0.0515625 0.05
0 0.24609375 0.178125 0.046875 0.0484375
0 0.1953125 0.2359375 0.0484375 0.05078125
0 0.24375 0.22890625 0.04765625 0.0515625
0 0.29453125 0.1859375 0.04921875 0.05
0 0.29296875 0.23828125 0.0484375 0.0484375
0 0.3515625 0.17421875 0.046875 0.04921875
0 0.34765625 0.23125 0.04765625 0.04921875
0 0.39921875 0.184375 0.04765625 0.04921875
0 0.4 0.2390625 0.0484375 0.0484375
0 0.44921875 0.178125 0.0453125 0.0484375
0 0.49140625 0.1296875 0.0484375 0.04921875
0 0.4578125 0.2296875 0.04765625 0.04921875
0 0.4984375 0.18046875 0.04765625 0.05078125
0 0.546875 0.1765625 0.04765625 0.0484375
0 0.51640625 0.22890625 0.04765625 0.046875
0 0.6 0.17421875 0.0484375 0.04765625
0 0.56484375 0.234375 0.05 0.05078125
0 0.6140625 0.23046875 0.046875 0.05
0 0.66015625 0.18828125 0.0484375 0.0515625
0 0.6625 0.23984375 0.05 0.0515625
0 0.7078125 0.12890625 0.0484375 0.04921875
0 0.809375 0.12890625 0.04609375 0.05
0 0.7109375 0.18515625 0.046875 0.0484375
0 0.75859375 0.1796875 0.04765625 0.04921875
0 0.71796875 0.23359375 0.046875 0.05
0 0.76640625 0.2296875 0.0484375 0.0515625
0 0.809375 0.1828125 0.04921875 0.05
0 0.815625 0.2328125 0.0484375 0.04765625
0 0.86171875 0.17421875 0.046875 0.0484375
0 0.86796875 0.23125 0.0484375 0.0484375
0 0.871875 0.2890625 0.04765625 0.0484375
0 0.91484375 0.18125 0.0484375 0.05
0 0.9203125 0.23125 0.0484375 0.0484375
0 0.92109375 0.28046875 0.0484375 0.046875
1 0.2421875 0.5578125 0.0484375 0.0484375
1 0.2359375 0.60859375 0.05234375 0.05
1 0.19453125 0.28984375 0.04921875 0.04921875
1 0.2453125 0.29765625 0.04921875 0.04609375
1 0.29765625 0.290625 0.046875 0.04765625
1 0.140625 0.34453125 0.04609375 0.0484375
1 0.1921875 0.34453125 0.0515625 0.04765625
1 0.24296875 0.346875 0.05 0.0484375
1 0.24296875 0.39453125 0.046875 0.05
1 0.1390625 0.39453125 0.04609375 0.04921875
1 0.13984375 0.4484375 0.04609375 0.04921875
1 0.02421875 0.4 0.0484375 0.0515625
1 0.03359375 0.56328125 0.05 0.0515625
1 0.03125 0.61484375 0.0484375 0.05
1 0.03359375 0.665625 0.04921875 0.0484375
1 0.1484375 0.66953125 0.05 0.05234375
1 0.24375 0.71484375 0.05234375 0.04453125
1 0.153125 0.7796875 0.04921875 0.0515625
1 0.034375 0.76640625 0.05 0.0484375
1 0.02734375 0.82578125 0.0515625 0.05
1 0.08984375 0.82734375 0.04921875 0.04921875
1 0.13828125 0.8296875 0.05 0.04609375
1 0.19375 0.8296875 0.0515625 0.0484375
1 0.303125 0.81640625 0.0484375 0.0484375
1 0.3578125 0.82109375 0.0484375 0.0484375
1 0.0359375 0.87578125 0.05234375 0.04921875
1 0.03359375 0.92578125 0.0515625 0.04765625
1 0.025 0.9765625 0.05 0.046875
1 0.0921875 0.915625 0.0515625 0.05
1 0.1421875 0.87890625 0.04921875 0.04921875
1 0.1453125 0.928125 0.0515625 0.0484375
1 0.20234375 0.93046875 0.04765625 0.04765625
1 0.25234375 0.93515625 0.05 0.0484375
1 0.45546875 0.81953125 0.04765625 0.04609375
1 0.50859375 0.82578125 0.04609375 0.046875
1 0.55625 0.815625 0.04765625 0.04765625
1 0.6046875 0.81953125 0.04765625 0.0515625
1 0.65234375 0.8234375 0.046875 0.046875
1 0.60546875 0.9125 0.04609375 0.046875
1 0.67109375 0.8703125 0.0515625 0.0453125
1 0.659375 0.91953125 0.04765625 0.05
1 0.7171875 0.9171875 0.05 0.05
1 0.7671875 0.821875 0.0484375 0.0484375
1 0.81640625 0.81484375 0.05 0.05
1 0.86875 0.81328125 0.0484375 0.046875
1 0.928125 0.82109375 0.0484375 0.04765625
1 0.7671875 0.86953125 0.05078125 0.04765625
1 0.77890625 0.91953125 0.05 0.0515625
1 0.828125 0.925 0.04921875 0.0484375
1 0.87890625 0.921875 0.0484375 0.05234375
1 0.92734375 0.928125 0.04921875 0.05078125
1 0.39609375 0.2890625 0.046875 0.04765625
1 0.45 0.2859375 0.04921875 0.0515625
1 0.50625 0.2875 0.05 0.05
1 0.5578125 0.290625 0.05 0.04921875
1 0.61640625 0.29453125 0.0453125 0.05
1 0.5609375 0.34609375 0.04765625 0.04765625
1 0.71484375 0.28515625 0.0453125 0.0453125
1 0.76171875 0.2859375 0.0484375 0.04453125
1 0.8203125 0.284375 0.04375 0.0484375
1 0.81328125 0.33125 0.04453125 0.046875
1 0.86953125 0.33984375 0.04765625 0.05
1 0.925 0.33671875 0.04921875 0.0484375
1 0.8640625 0.39296875 0.0484375 0.046875
1 0.9125 0.39296875 0.046875 0.046875
1 0.87265625 0.4453125 0.04765625 0.0484375
1 0.878125 0.5015625 0.04765625 0.04921875
1 0.87265625 0.55390625 0.04765625 0.04453125
1 0.88125 0.60234375 0.04765625 0.04765625
1 0.82734375 0.609375 0.04765625 0.04765625
1 0.775 0.60703125 0.046875 0.0484375
1 0.71796875 0.6109375 0.04921875 0.04765625
1 0.66875 0.609375 0.04921875 0.04765625
1 0.615625 0.61015625 0.04453125 0.05078125
1 0.56484375 0.615625 0.0453125 0.0484375
1 0.45390625 0.66171875 0.04921875 0.0484375
1 0.4015625 0.6125 0.05 0.0484375
1 0.45546875 0.60390625 0.046875 0.0453125
1 0.5046875 0.6125 0.05 0.0453125
1 0.45234375 0.5546875 0.046875 0.04921875
1 0.50625 0.51640625 0.0484375 0.0484375
1 0.50859375 0.5640625 0.04765625 0.046875
1 0.55625 0.56875 0.04765625 0.046875