0 0.81328125 0.5015625 0.04375 0.05078125
1 0.50703125 0.44609375 0.05078125 0.05234375
0 0.6546875 0.5484375 0.046875 0.05
1 0.546875 0.496875 0.0515625 0.05234375
0 0.1359375 0.65546875 0.04921875 0.0515625
0 0.025 0.65625 0.05 0.0515625
0 0.81953125 0.190625 0.04453125 0.04921875
1 0.4578125 0.4984375 0.05234375 0.0515625
1 0.24609375 0.546875 0.0515625 0.053125
0 0.7640625 0.1859375 0.0453125 0.05
1 0.1890625 0.32578125 0.0515625 0.053125
1 0.45390625 0.7046875 0.05078125 0.05234375
1 0.3 0.44375 0.0515625 0.0546875
1 0.5546875 0.396875 0.0515625 0.0515625
1 0.09140625 0.38671875 0.05234375 0.05390625
1 0.2421875 0.3859375 0.0515625 0.0515625
1 0.5578125 0.44765625 0.05078125 0.0515625
0 0.2515625 0.6609375 0.0484375 0.05078125
1 0.5 0.546875 0.05 0.0515625
1 0.4515625 0.28359375 0.05234375 0.053125
1 0.08515625 0.33515625 0.0515625 0.05234375
1 0.29609375 0.38984375 0.0515625 0.05234375
1 0.29765625 0.2875 0.05078125 0.053125
0 0.30078125 0.70390625 0.04765625 0.05
1 0.13671875 0.33046875 0.0515625 0.053125
1 0.55234375 0.55546875 0.05 0.053125
0 0.7625 0.64609375 0.04609375 0.05
1 0.565625 0.34921875 0.0515625 0.04921875
1 0.4515625 0.54765625 0.05078125 0.05234375
1 0.19453125 0.4921875 0.053125 0.05546875
1 0.1921875 0.3796875 0.0515625 0.05390625
1 0.509375 0.5984375 0.0515625 0.05234375
1 0.4015625 0.60234375 0.0515625 0.05078125
1 0.3 0.54375 0.053125 0.05390625
1 0.24453125 0.440625 0.053125 0.0546875
1 0.190625 0.60390625 0.053125 0.05546875
0 0.8296875 0.8046875 0.04765625 0.04921875
1 0.55859375 0.6546875 0.0515625 0.05234375
1 0.29765625 0.64921875 0.0515625 0.053125
0 0.60859375 0.50390625 0.04921875 0.04921875
0 0.40390625 0.2890625 0.04765625 0.04921875
1 0.4046875 0.6546875 0.05078125 0.05234375
1 0.353125 0.65703125 0.0515625 0.05234375
1 0.503125 0.7046875 0.0484375 0.0515625
1 0.5109375 0.29453125 0.0515625 0.05234375
1 0.41015625 0.34140625 0.05234375 0.0515625
1 0.246875 0.60078125 0.053125 0.0546875
1 0.1953125 0.27890625 0.0515625 0.0546875
1 0.14375 0.54375 0.053125 0.05546875
0 0.09375 0.23046875 0.04609375 0.05078125
1 0.653125 0.75234375 0.0515625 0.05234375
1 0.0796875 0.278125 0.05234375 0.0546875
0 0.41171875 0.13359375 0.0453125 0.05078125
0 0.20703125 0.12578125 0.04765625 0.05234375
1 0.4 0.39921875 0.05234375 0.0546875
1 0.6078125 0.61796875 0.053125 0.05546875
1 0.2484375 0.278125 0.05 0.05546875
1 0.7703125 0.69765625 0.05078125 0.05234375
1 0.45546875 0.7609375 0.05078125 0.05234375
1 0.02890625 0.47890625 0.053125 0.05390625
1 0.4421875 0.8078125 0.05078125 0.0515625
0 0.14296875 0.17109375 0.04765625 0.05
1 0.19140625 0.228125 0.053125 0.05390625
0 0.5625 0.3 0.04765625 0.0484375
1 0.50703125 0.1796875 0.05078125 0.05
1 0.3546875 0.49765625 0.053125 0.053125
1 0.5546875 0.7546875 0.05234375 0.0515625
1 0.14375 0.44296875 0.05390625 0.05546875
1 0.140625 0.22265625 0.0515625 0.05390625
1 0.66015625 0.80390625 0.05234375 0.053125
1 0.509375 0.228125 0.05234375 0.0546875
0 0.35234375 0.1734375 0.04765625 0.0515625
1 0.66328125 0.86328125 0.0515625 0.05234375
1 0.71875 0.7578125 0.05 0.053125
1 0.03671875 0.428125 0.05078125 0.0546875
1 0.034375 0.54375 0.05234375 0.05390625
1 0.603125 0.8015625 0.05234375 0.053125
1 0.34765625 0.2828125 0.05078125 0.0546875
0 0.76796875 0.865625 0.04765625 0.04921875
0 0.51015625 0.1296875 0.046875 0.0484375
0 0.71953125 0.6984375 0.04609375 0.04921875
0 0.553125 0.703125 0.04765625 0.0484375
0 0.615625 0.35 0.046875 0.04921875
1 0.7765625 0.81796875 0.0515625 0.05234375
1 0.07890625 0.60703125 0.05234375 0.0546875
1 0.2015625 0.17734375 0.053125 0.0515625
0 0.39453125 0.80078125 0.04765625 0.0484375
1 0.71796875 0.8625 0.05078125 0.0515625
1 0.82109375 0.753125 0.05 0.0515625
0 0.6734375 0.70703125 0.0484375 0.0484375
1 0.825 0.70390625 0.04921875 0.0515625
0 0.40390625 0.703125 0.04765625 0.04921875
0 0.34609375 0.2328125 0.04609375 0.05
0 0.24765625 0.22578125 0.046875 0.0515625
0 0.44375 0.23359375 0.046875 0.04921875
0 0.60859375 0.45234375 0.04765625 0.04765625
0 0.61015625 0.7 0.0453125 0.0484375
0 0.6625 0.91484375 0.04921875 0.05078125
0 0.6046875 0.7515625 0.046875 0.04765625
1 0.396875 0.8578125 0.0515625 0.05234375
0 0.2984375 0.23671875 0.04765625 0.05
1 0.54921875 0.9109375 0.05078125 0.05234375
1 0.46015625 0.134375 0.05078125 0.0515625
0 0.759375 0.92109375 0.04765625 0.04921875
1 0.503125 0.865625 0.05078125 0.0515625
0 0.60546875 0.4015625 0.0484375 0.0484375
0 0.46015625 0.1859375 0.04609375 0.04921875
1 0.603125 0.9046875 0.05078125 0.05390625
0 0.4078125 0.753125 0.04765625 0.046875
1 0.1984375 0.8109375 0.0515625 0.053125
0 0.71015625 0.91640625 0.04765625 0.04921875
1 0.4546875 0.9203125 0.05078125 0.05234375