0 0.50703125 0.5890625 0.0515625 0.0484375
1 0.0390625 0.6 0.0515625 0.05
1 0.0421875 0.68828125 0.0515625 0.05078125
0 0.57109375 0.5890625 0.0484375 0.046875
0 0.44453125 0.49921875 0.0484375 0.0453125
0 0.39375 0.44921875 0.04921875 0.04609375
0 0.453125 0.59140625 0.05078125 0.046875
0 0.4015625 0.54140625 0.04921875 0.0453125
0 0.60859375 0.54609375 0.05 0.04453125
0 0.3515625 0.640625 0.0515625 0.04765625
0 0.4953125 0.740625 0.05078125 0.04765625
1 0.04765625 0.7453125 0.0515625 0.04921875
0 0.2953125 0.45 0.05 0.046875
0 0.70625 0.5859375 0.05078125 0.046875
0 0.34921875 0.39765625 0.05078125 0.046875
0 0.2984375 0.64140625 0.0515625 0.04765625
0 0.39140625 0.49609375 0.05078125 0.046875
0 0.54765625 0.6453125 0.04921875 0.04609375
0 0.596875 0.63984375 0.05 0.046875
0 0.30234375 0.5421875 0.05234375 0.04765625
0 0.7015625 0.63359375 0.05078125 0.046875
1 0.13984375 0.546875 0.053125 0.04921875
1 0.190625 0.50078125 0.05234375 0.0484375
1 0.1390625 0.4421875 0.053125 0.04921875
0 0.60078125 0.3953125 0.05 0.04609375
0 0.34140625 0.49296875 0.05 0.04609375
0 0.60390625 0.68828125 0.05078125 0.04765625
0 0.30234375 0.5890625 0.0515625 0.046875
0 0.2984375 0.39453125 0.0515625 0.0484375
0 0.7921875 0.6390625 0.0515625 0.04765625
0 0.54921875 0.39609375 0.05078125 0.04609375
1 0.08984375 0.59765625 0.053125 0.05
0 0.746875 0.7453125 0.05234375 0.04921875
0 0.6578125 0.4859375 0.05 0.046875
1 0.140625 0.59453125 0.0546875 0.0515625
1 0.25234375 0.54609375 0.05390625 0.04921875
0 0.753125 0.54140625 0.0515625 0.046875
0 0.49609375 0.34921875 0.04921875 0.04765625
1 0.13984375 0.69296875 0.053125 0.05
0 0.65546875 0.53203125 0.04921875 0.0453125
0 0.1859375 0.3890625 0.05234375 0.0484375
0 0.69609375 0.4390625 0.05078125 0.04765625
1 0.190625 0.44609375 0.05390625 0.05
0 0.59375 0.7359375 0.05078125 0.04765625
0 0.45390625 0.6453125 0.05 0.046875
0 0.1328125 0.48828125 0.05390625 0.05
0 0.70546875 0.68828125 0.05 0.046875
0 0.65390625 0.68828125 0.05078125 0.046875
1 0.1375 0.64375 0.053125 0.05
1 0.2921875 0.4984375 0.05234375 0.0484375
1 0.19375 0.6375 0.05390625 0.05
0 0.4546875 0.69296875 0.05078125 0.0453125
1 0.24375 0.45234375 0.05234375 0.04921875
1 0.196875 0.7328125 0.053125 0.0484375
0 0.65078125 0.39453125 0.04921875 0.0484375
0 0.296875 0.34140625 0.05 0.0484375
0 0.0890625 0.45078125 0.05234375 0.04921875
0 0.346875 0.34375 0.05 0.04765625
1 0.1953125 0.58984375 0.05390625 0.05
0 0.19921875 0.68359375 0.05234375 0.0484375
1 0.2421875 0.50078125 0.053125 0.04921875
1 0.24609375 0.5953125 0.05390625 0.05
0 0.3453125 0.68671875 0.05078125 0.04765625
1 0.1875 0.8296875 0.053125 0.05078125
0 0.45390625 0.30390625 0.05 0.0484375
1 0.2484375 0.7375 0.053125 0.04921875
1 0.09453125 0.796875 0.053125 0.05
0 0.08828125 0.5484375 0.053125 0.05078125
0 0.80390625 0.5375 0.05078125 0.046875
0 0.25546875 0.290625 0.0515625 0.0484375
0 0.85 0.640625 0.053125 0.04765625
0 0.646875 0.43984375 0.05078125 0.046875
0 0.853125 0.49453125 0.0515625 0.046875
0 0.39609375 0.34609375 0.0484375 0.04609375
1 0.14609375 0.7390625 0.0515625 0.04921875
0 0.5578125 0.78984375 0.0515625 0.046875
1 0.80390625 0.44609375 0.0546875 0.05
0 0.40078125 0.7828125 0.0515625 0.04765625
1 0.196875 0.3421875 0.0515625 0.04921875
1 0.14375 0.78828125 0.053125 0.05078125
1 0.2484375 0.3578125 0.0515625 0.05
0 0.134375 0.3921875 0.0515625 0.04921875
1 0.85546875 0.2921875 0.05078125 0.0484375
1 0.25 0.4078125 0.05234375 0.05
0 0.44609375 0.35078125 0.04921875 0.046875
0 0.7484375 0.7953125 0.05390625 0.05
0 0.34765625 0.73515625 0.053125 0.0484375
0 0.25625 0.6890625 0.05234375 0.04765625
0 0.08828125 0.3453125 0.05 0.04765625
0 0.5078125 0.7890625 0.05078125 0.0484375
0 0.8578125 0.446875 0.05390625 0.05
1 0.80390625 0.3421875 0.05234375 0.04921875
0 0.80390625 0.490625 0.04921875 0.04609375
0 0.35 0.20234375 0.05 0.04765625
0 0.80546875 0.79140625 0.053125 0.05
0 0.4 0.2015625 0.05078125 0.046875
1 0.74921875 0.44921875 0.05390625 0.04921875
0 0.24375 0.64375 0.05390625 0.04921875
0 0.9078125 0.5453125 0.05234375 0.0484375
0 0.84609375 0.7359375 0.0515625 0.046875
1 0.0421875 0.1546875 0.04921875 0.04921875
0 0.08828125 0.64921875 0.0515625 0.05078125
1 0.69375 0.73984375 0.0515625 0.04921875
0 0.3453125 0.25 0.05078125 0.04921875
1 0.24296875 0.7859375 0.0546875 0.0515625
1 0.8546875 0.39765625 0.053125 0.0484375
1 0.3015625 0.79140625 0.05390625 0.0484375
1 0.75625 0.4953125 0.053125 0.0484375
0 0.2484375 0.196875 0.05 0.04921875
0 0.90703125 0.5921875 0.05234375 0.04765625
0 0.2984375 0.74296875 0.0515625 0.0484375
1 0.69375 0.78828125 0.053125 0.05
1 0.6453125 0.73515625 0.053125 0.04765625
1 0.23828125 0.83203125 0.0546875 0.05
0 0.45234375 0.11484375 0.04921875 0.046875
1 0.70234375 0.34609375 0.0515625 0.04765625
1 0.6453125 0.34765625 0.0515625 0.0484375
0 0.1375 0.3390625 0.05078125 0.04921875
1 0.7078125 0.48515625 0.05234375 0.0484375
0 0.1546875 0.2953125 0.05078125 0.05078125
1 0.7484375 0.84296875 0.05234375 0.04921875
0 0.2984375 0.19921875 0.0515625 0.04921875
1 0.14609375 0.2484375 0.0515625 0.05078125
1 0.65703125 0.8921875 0.0546875 0.05
0 0.2046875 0.29453125 0.0515625 0.04921875
1 0.6984375 0.83671875 0.0546875 0.05
0 0.49453125 0.834375 0.0515625 0.0484375
0 0.3515625 0.7828125 0.0515625 0.0484375
0 0.39453125 0.83359375 0.05234375 0.04921875
0 0.29609375 0.15390625 0.0515625 0.04921875
1 0.80078125 0.39921875 0.053125 0.04921875
1 0.190625 0.8921875 0.05390625 0.05078125
1 0.90859375 0.39609375 0.05234375 0.0484375
1 0.70078125 0.3921875 0.0515625 0.0484375
1 0.5046875 0.303125 0.05078125 0.0484375
1 0.60703125 0.7828125 0.0515625 0.046875
0 0.90859375 0.44296875 0.0515625 0.04765625
1 0.54921875 0.84140625 0.05234375 0.0484375
1 0.80625 0.2953125 0.05234375 0.0484375
0 0.040625 0.390625 0.05 0.04921875
0 0.80390625 0.24765625 0.05 0.04765625
0 0.9 0.63984375 0.0515625 0.04765625
0 0.75390625 0.2 0.0515625 0.04765625
0 0.30859375 0.1078125 0.05078125 0.046875
1 0.04375 0.85078125 0.05234375 0.04921875
1 0.753125 0.34765625 0.053125 0.04921875
0 0.4453125 0.1625 0.05078125 0.04765625
1 0.546875 0.3484375 0.05 0.0484375
0 0.090625 0.69921875 0.0515625 0.05
0 0.44453125 0.834375 0.05234375 0.04921875
0 0.80390625 0.2 0.05078125 0.04765625
1 0.70546875 0.88984375 0.05234375 0.04921875
1 0.09375 0.20625 0.05 0.05
1 0.75625 0.30078125 0.053125 0.0484375
1 0.7046875 0.53046875 0.05078125 0.046875
0 0.09609375 0.25234375 0.05078125 0.05078125
0 0.40390625 0.10625 0.04921875 0.04609375
1 0.69453125 0.26484375 0.05234375 0.04921875
1 0.6046875 0.30390625 0.05078125 0.04765625
0 0.34140625 0.8375 0.05234375 0.05
1 0.4609375 0.25625 0.0515625 0.04921875
0 0.75703125 0.88984375 0.05234375 0.0484375
1 0.753125 0.2546875 0.05234375 0.0484375
0 0.096875 0.7484375 0.0515625 0.04921875
1 0.30546875 0.296875 0.0515625 0.05
1 0.3546875 0.296875 0.05078125 0.04921875
1 0.49453125 0.8828125 0.05234375 0.04765625
1 0.5484375 0.2546875 0.0515625 0.04765625
1 0.5953125 0.35078125 0.05078125 0.04921875
1 0.55546875 0.30234375 0.0515625 0.04921875
1 0.70234375 0.2078125 0.05234375 0.04921875
1 0.09296875 0.15625 0.0515625 0.05078125
1 0.44453125 0.88203125 0.053125 0.0484375
1 0.39609375 0.89296875 0.053125 0.04921875
0 0.04453125 0.2 0.05 0.04921875
1 0.2953125 0.24921875 0.0515625 0.05078125
1 0.40390625 0.29765625 0.05078125 0.04921875
1 0.59921875 0.2 0.0515625 0.046875
1 0.4046875 0.25078125 0.0515625 0.04921875
1 0.45234375 0.21015625 0.0515625 0.04921875
1 0.75078125 0.15078125 0.05078125 0.0484375
0 0.046875 0.24765625 0.05 0.04921875
0 0.28828125 0.840625 0.0515625 0.05078125
0 0.03203125 0.50078125 0.0515625 0.0484375
1 0.6515625 0.15234375 0.05234375 0.04765625
0 0.8015625 0.84765625 0.05234375 0.0484375
1 0.24453125 0.2453125 0.0515625 0.04921875
0 0.86015625 0.2046875 0.05078125 0.04609375
1 0.5 0.19921875 0.05078125 0.0484375
0 0.8015625 0.14765625 0.05 0.04609375
0 0.2515625 0.10390625 0.05078125 0.046875
1 0.1953125 0.24765625 0.05234375 0.05078125
0 0.50078125 0.10546875 0.05078125 0.0484375
1 0.196875 0.15390625 0.05234375 0.05078125
1 0.19453125 0.1078125 0.0515625 0.0484375
1 0.7015625 0.153125 0.0515625 0.0484375
1 0.6 0.10390625 0.05078125 0.0484375
0 0.89765625 0.68671875 0.05078125 0.04765625
1 0.5421875 0.15546875 0.05078125 0.04921875
1 0.1484375 0.15546875 0.05234375 0.04921875
0 0.2421875 0.88671875 0.05234375 0.05
1 0.55078125 0.10859375 0.04921875 0.046875
1 0.49296875 0.15390625 0.05 0.0484375
0 0.34375 0.890625 0.05390625 0.05
0 0.36328125 0.05703125 0.05 0.046875
0 0.2546875 0.05703125 0.0515625 0.04765625
0 0.29296875 0.88828125 0.05234375 0.04921875
0 0.553125 0.06015625 0.05078125 0.046875
0 0.45234375 0.93125 0.0515625 0.05
0 0.50234375 0.05859375 0.05 0.04609375
0 0.0953125 0.84609375 0.0515625 0.04921875
1 0.19296875 0.93828125 0.053125 0.04765625
0 0.2046875 0.06015625 0.04921875 0.04765625
1 0.24453125 0.9375 0.053125 0.04765625
1 0.3 0.940625 0.0546875 0.0484375
0 0.04453125 0.10234375 0.05 0.04921875
1 0.35 0.940625 0.053125 0.04765625
1 0.6015625 0.05703125 0.05078125 0.04609375
1 0.14296875 0.05703125 0.05078125 0.04765625
1 0.6578125 0.9390625 0.05546875 0.0484375
0 0.4 0.9421875 0.05078125 0.0484375
0 0.95625 0.48984375 0.053125 0.04921875
0 0.7125 0.9375 0.053125 0.04765625
1 0.1953125 0.2015625 0.05234375 0.05
0 0.76171875 0.94140625 0.0515625 0.04765625