0 0.753125 0.3109375 0.0484375 0.0484375
0 0.0609375 0.259375 0.04921875 0.046875
1 0.16015625 0.059375 0.04765625 0.0453125
0 0.0578125 0.5046875 0.04765625 0.046875
0 0.059375 0.4578125 0.046875 0.04609375
0 0.1171875 0.30859375 0.04921875 0.04765625
0 0.10625 0.26015625 0.04921875 0.0484375
0 0.059375 0.21015625 0.04765625 0.046875
0 0.603125 0.46640625 0.0453125 0.04375
0 0.10546875 0.50625 0.0484375 0.046875
0 0.1578125 0.2578125 0.0484375 0.04765625
0 0.11796875 0.55625 0.0484375 0.046875
0 0.16171875 0.3046875 0.04921875 0.04921875
0 0.8984375 0.3078125 0.04609375 0.046875
0 0.059375 0.365625 0.046875 0.04609375
0 0.95 0.315625 0.04609375 0.04609375
1 0.21015625 0.159375 0.04765625 0.046875
1 0.70625 0.06796875 0.046875 0.0453125
0 0.16484375 0.61015625 0.046875 0.04609375
0 0.29765625 0.3109375 0.04921875 0.046875
0 0.1625 0.5609375 0.04921875 0.04765625
1 0.8078125 0.0625 0.0453125 0.0453125
0 0.21640625 0.35390625 0.04609375 0.046875
0 0.2078125 0.31015625 0.04765625 0.04765625
0 0.553125 0.41484375 0.046875 0.0453125
1 0.06328125 0.16171875 0.0453125 0.046875
0 0.94375 0.21875 0.04765625 0.04765625
0 0.5125 0.36484375 0.04765625 0.04765625
1 0.94609375 0.06171875 0.046875 0.04765625
1 0.15625 0.10859375 0.04765625 0.04765625
0 0.06328125 0.70234375 0.046875 0.0453125
0 0.2046875 0.65625 0.04921875 0.046875
0 0.2546875 0.31015625 0.04921875 0.04609375
1 0.553125 0.1125 0.04609375 0.04453125
0 0.61015625 0.2578125 0.046875 0.0453125
0 0.15390625 0.71796875 0.0484375 0.0453125
0 0.30390625 0.60859375 0.04765625 0.04609375
1 0.39765625 0.1640625 0.046875 0.0453125
1 0.1125 0.16484375 0.04765625 0.04765625
0 0.1078125 0.709375 0.0484375 0.0453125
0 0.559375 0.3609375 0.04765625 0.04609375
0 0.25625 0.5578125 0.04765625 0.046875
1 0.90078125 0.06015625 0.0453125 0.04609375
0 0.5515625 0.56015625 0.04765625 0.046875
0 0.559375 0.30625 0.04765625 0.046875
1 0.853125 0.0640625 0.04609375 0.046875
0 0.55703125 0.2578125 0.046875 0.04765625
0 0.25703125 0.6078125 0.05 0.0453125
0 0.16640625 0.80234375 0.04765625 0.04609375
0 0.890625 0.26640625 0.04609375 0.046875
0 0.5484375 0.5109375 0.04609375 0.0453125
0 0.44921875 0.2546875 0.046875 0.04609375
0 0.50078125 0.46796875 0.04609375 0.04765625
0 0.75078125 0.25703125 0.04609375 0.0453125
0 0.31328125 0.659375 0.046875 0.046875
0 0.84921875 0.2671875 0.04765625 0.04609375
0 0.50625 0.2609375 0.046875 0.04921875
0 0.8015625 0.26640625 0.0453125 0.0453125
0 0.40546875 0.65390625 0.04765625 0.04609375
0 0.6578125 0.2640625 0.046875 0.04609375
0 0.85546875 0.22109375 0.046875 0.046875
0 0.55390625 0.6125 0.04765625 0.04609375
0 0.6578125 0.16796875 0.046875 0.04765625
0 0.60625 0.70546875 0.04609375 0.0453125
1 0.26640625 0.20078125 0.0484375 0.04609375
0 0.21171875 0.71015625 0.0484375 0.0453125
0 0.45703125 0.16015625 0.0484375 0.04609375
0 0.50390625 0.5140625 0.04765625 0.0453125
0 0.7046875 0.259375 0.04765625 0.0453125
0 0.26640625 0.709375 0.0484375 0.0453125
0 0.21171875 0.7546875 0.04765625 0.04453125
1 0.7578125 0.1203125 0.0484375 0.0453125
0 0.259375 0.759375 0.04765625 0.0453125
0 0.59765625 0.60625 0.04765625 0.046875
0 0.05859375 0.84921875 0.04765625 0.04453125
1 0.94375 0.16484375 0.046875 0.0484375
0 0.6921875 0.7625 0.04765625 0.046875
0 0.746875 0.16640625 0.0484375 0.04765625
0 0.11640625 0.85390625 0.0484375 0.04609375
0 0.16484375 0.853125 0.0484375 0.046875
0 0.60078125 0.6515625 0.04609375 0.04609375
0 0.35546875 0.70546875 0.04609375 0.04375
0 0.31171875 0.70390625 0.0484375 0.0453125
0 0.80546875 0.859375 0.04765625 0.04453125
0 0.9 0.84375 0.04609375 0.0453125
0 0.5 0.70234375 0.0453125 0.046875
0 0.66328125 0.1203125 0.04765625 0.04609375
1 0.3515625 0.20625 0.04765625 0.04609375
0 0.78984375 0.81953125 0.04921875 0.04609375
0 0.51015625 0.753125 0.04765625 0.04453125
0 0.55625 0.74921875 0.04765625 0.0453125
0 0.85 0.85 0.046875 0.0453125
0 0.6109375 0.1140625 0.0484375 0.04609375
1 0.84765625 0.11171875 0.046875 0.04609375
0 0.7546875 0.21015625 0.0484375 0.04765625
0 0.60546875 0.7515625 0.04765625 0.0453125
1 0.8953125 0.1625 0.04453125 0.04609375
0 0.70234375 0.80390625 0.04765625 0.04609375
0 0.74921875 0.80546875 0.04921875 0.04609375
0 0.1109375 0.9015625 0.046875 0.04453125
0 0.64765625 0.75390625 0.0484375 0.04609375
0 0.8515625 0.89921875 0.04765625 0.0453125
0 0.7453125 0.89921875 0.0484375 0.04609375
1 0.8 0.16640625 0.04609375 0.04609375
0 0.89453125 0.8953125 0.046875 0.04453125
1 0.3578125 0.41171875 0.04765625 0.04609375
1 0.60390625 0.16484375 0.046875 0.04609375
1 0.1546875 0.2109375 0.0484375 0.04765625
1 0.8515625 0.16640625 0.046875 0.046875
0 0.8921875 0.94375 0.046875 0.04453125
0 0.7515625 0.94453125 0.05 0.0453125
1 0.25703125 0.2609375 0.04921875 0.0484375
1 0.2546875 0.5109375 0.04921875 0.046875
0 0.16015625 0.94609375 0.046875 0.04453125
1 0.89921875 0.2109375 0.04609375 0.04765625
1 0.7015625 0.16875 0.0453125 0.04609375
1 0.39765625 0.2609375 0.04765625 0.046875
1 0.20703125 0.45390625 0.0484375 0.046875
1 0.2078125 0.39921875 0.0484375 0.0484375
1 0.30859375 0.2640625 0.0484375 0.04765625
1 0.50234375 0.21015625 0.046875 0.04765625
1 0.45546875 0.365625 0.0484375 0.046875
0 0.70390625 0.94609375 0.04765625 0.04375
1 0.10390625 0.4078125 0.0484375 0.04765625
1 0.45390625 0.20703125 0.0484375 0.0453125
1 0.05703125 0.41171875 0.046875 0.04765625
1 0.11328125 0.3625 0.04765625 0.0484375
1 0.109375 0.21015625 0.04765625 0.04765625
1 0.55 0.2109375 0.0453125 0.04609375
1 0.20078125 0.2640625 0.046875 0.04765625
1 0.5109375 0.31328125 0.04765625 0.04765625
1 0.3046875 0.8453125 0.04765625 0.04453125
1 0.16171875 0.51328125 0.046875 0.0453125
1 0.30703125 0.36328125 0.0484375 0.046875
1 0.3484375 0.3125 0.0484375 0.0484375
1 0.16328125 0.35546875 0.046875 0.04765625
1 0.40703125 0.41484375 0.04765625 0.046875
1 0.8078125 0.21875 0.04609375 0.046875
1 0.3625 0.8921875 0.04609375 0.04453125
1 0.35625 0.459375 0.04921875 0.04609375
1 0.20859375 0.515625 0.04765625 0.046875
1 0.70859375 0.2125 0.04609375 0.046875
1 0.40703125 0.55625 0.046875 0.04609375
1 0.4546875 0.30859375 0.04765625 0.04765625
1 0.65703125 0.21640625 0.046875 0.04609375
1 0.26015625 0.3546875 0.04765625 0.04609375
1 0.4015625 0.8015625 0.04765625 0.04609375
1 0.4515625 0.70234375 0.04609375 0.04453125
1 0.40390625 0.84765625 0.046875 0.0453125
1 0.60703125 0.21171875 0.046875 0.0453125
1 0.6546875 0.85625 0.04765625 0.04609375
1 0.3578125 0.6078125 0.046875 0.04609375
1 0.659375 0.94375 0.04609375 0.04375
1 0.4046875 0.30703125 0.0484375 0.046875
1 0.3515625 0.5109375 0.0484375 0.046875
1 0.303125 0.5546875 0.0484375 0.04765625
1 0.11015625 0.45546875 0.04765625 0.04765625
1 0.5 0.42109375 0.04765625 0.04609375
1 0.50078125 0.55859375 0.04765625 0.0453125
1 0.50703125 0.7984375 0.04765625 0.04453125
1 0.4046875 0.60390625 0.04765625 0.04609375
1 0.49921875 0.6078125 0.04765625 0.0453125
1 0.4578125 0.509375 0.04609375 0.0453125
1 0.75 0.85 0.04765625 0.0453125
1 0.6546875 0.80546875 0.04765625 0.04609375
1 0.40078125 0.75546875 0.04765625 0.04609375
1 0.7015625 0.89921875 0.046875 0.04609375
1 0.2078125 0.5640625 0.046875 0.0453125
1 0.55390625 0.6578125 0.046875 0.0453125
1 0.2078125 0.6078125 0.046875 0.046875
1 0.45390625 0.4109375 0.046875 0.04609375
1 0.2171875 0.8953125 0.0484375 0.04609375
1 0.2140625 0.80234375 0.04765625 0.046875
1 0.21484375 0.94296875 0.04765625 0.046875
1 0.70234375 0.84921875 0.046875 0.04609375
1 0.5609375 0.8 0.046875 0.0453125
1 0.45546875 0.56171875 0.0453125 0.04453125
1 0.16328125 0.89765625 0.04765625 0.04609375
1 0.35625 0.6609375 0.04609375 0.04453125
1 0.44921875 0.4578125 0.04765625 0.0453125
1 0.465625 0.75234375 0.0453125 0.04296875
1 0.30390625 0.7546875 0.046875 0.0453125
1 0.25859375 0.8046875 0.04765625 0.04609375
1 0.553125 0.703125 0.04609375 0.04609375
1 0.60625 0.79921875 0.04609375 0.04609375
1 0.39921875 0.69921875 0.04765625 0.0453125
1 0.496875 0.653125 0.046875 0.04375
1 0.21328125 0.8484375 0.0484375 0.04609375
1 0.3515625 0.75 0.04765625 0.0453125