0 0.16171875 0.4359375 0.0703125 0.0703125
1 0.43125 0.71640625 0.07109375 0.06953125
0 0.23359375 0.43671875 0.07109375 0.06953125
1 0.575 0.7296875 0.0703125 0.0703125
1 0.59765625 0.6640625 0.06875 0.06953125
1 0.2984375 0.80390625 0.07421875 0.07421875
0 0.30234375 0.42890625 0.071875 0.06875
1 0.73828125 0.7203125 0.071875 0.07109375
1 0.3640625 0.7890625 0.0734375 0.07421875
1 0.43125 0.7953125 0.07109375 0.071875
1 0.50390625 0.575 0.0703125 0.06796875
1 0.2140625 0.8171875 0.07421875 0.071875
0 0.15 0.50625 0.071875 0.0703125
0 0.21640625 0.51484375 0.07265625 0.0703125
1 0.5984375 0.79765625 0.071875 0.07109375
0 0.28359375 0.5046875 0.0703125 0.0703125
1 0.809375 0.64453125 0.0703125 0.07109375
0 0.15390625 0.6671875 0.0703125 0.0703125
0 0.07734375 0.5875 0.071875 0.071875
0 0.4359375 0.57734375 0.0703125 0.06875
1 0.7375 0.8015625 0.07265625 0.071875
1 0.73125 0.56015625 0.06953125 0.06875
0 0.36796875 0.41640625 0.0703125 0.0703125
1 0.64921875 0.49140625 0.0703125 0.06796875
0 0.0921875 0.3578125 0.06953125 0.06875
1 0.52578125 0.6484375 0.06875 0.06953125
1 0.59453125 0.875 0.07421875 0.07265625
0 0.36484375 0.33828125 0.06875 0.06875
1 0.878125 0.64765625 0.06875 0.0703125
1 0.4515625 0.2921875 0.06953125 0.06875
1 0.453125 0.36328125 0.06953125 0.0703125
0 0.065625 0.6671875 0.07265625 0.0734375
0 0.37578125 0.63203125 0.071875 0.0703125
1 0.6546875 0.56171875 0.07109375 0.0703125
0 0.22265625 0.2078125 0.07109375 0.07109375
1 0.13515625 0.81953125 0.07265625 0.07421875
0 0.36640625 0.26796875 0.0703125 0.0671875
1 0.8109375 0.7171875 0.06875 0.07109375
1 0.6703125 0.6296875 0.06953125 0.07109375
0 0.29296875 0.2046875 0.07109375 0.06953125
1 0.5203125 0.29375 0.06875 0.0703125
0 0.57109375 0.51328125 0.06796875 0.06953125
0 0.5046875 0.50703125 0.06953125 0.06796875
0 0.1390625 0.21640625 0.07109375 0.07109375
0 0.21796875 0.58515625 0.07109375 0.0703125
1 0.72734375 0.35234375 0.06875 0.0703125
1 0.6515625 0.2859375 0.06875 0.06953125
1 0.7484375 0.8734375 0.07265625 0.07265625
0 0.4453125 0.43046875 0.0703125 0.06953125
1 0.94296875 0.6359375 0.06796875 0.07109375
1 0.38046875 0.8609375 0.0734375 0.0734375
1 0.58515625 0.28125 0.06953125 0.0703125
1 0.78984375 0.27734375 0.06796875 0.06875
1 0.72109375 0.27578125 0.06875 0.0703125
0 0.3703125 0.20078125 0.07265625 0.06953125
0 0.290625 0.72578125 0.07265625 0.07109375
0 0.22265625 0.74609375 0.07265625 0.06953125
0 0.521875 0.36640625 0.0703125 0.06875
0 0.940625 0.49921875 0.06953125 0.0703125
1 0.30625 0.88515625 0.0734375 0.071875
0 0.3625 0.7046875 0.071875 0.06953125
0 0.73046875 0.42109375 0.06953125 0.07109375
0 0.78671875 0.48125 0.06875 0.06875
0 0.15390625 0.74296875 0.07421875 0.071875
0 0.4359375 0.20703125 0.06953125 0.06796875
0 0.5734375 0.5953125 0.06953125 0.0703125
1 0.51796875 0.20546875 0.06875 0.06875
0 0.58515625 0.35390625 0.06953125 0.06953125
0 0.44609375 0.646875 0.06875 0.06796875
1 0.22109375 0.8859375 0.0734375 0.071875
0 0.05078125 0.24921875 0.06875 0.0703125
0 0.65234375 0.35703125 0.06796875 0.06875
0 0.9390625 0.27734375 0.06875 0.0703125
1 0.0640625 0.82421875 0.0734375 0.07421875
0 0.0765625 0.740625 0.0734375 0.0734375
0 0.934375 0.5671875 0.0703125 0.07265625
0 0.87265625 0.428125 0.0671875 0.06875
1 0.78828125 0.1953125 0.06953125 0.06875
0 0.953125 0.35234375 0.06796875 0.0703125
0 0.71796875 0.490625 0.0703125 0.06875
0 0.8796875 0.71796875 0.0703125 0.07109375
1 0.87578125 0.2015625 0.06875 0.0703125
0 0.86796875 0.5796875 0.0703125 0.07109375
0 0.953125 0.70546875 0.06875 0.0734375
0 0.8 0.565625 0.0703125 0.0703125
1 0.371875 0.13203125 0.0703125 0.06875
0 0.79453125 0.34609375 0.06875 0.06796875
1 0.3 0.134375 0.071875 0.06953125
1 0.734375 0.9453125 0.07265625 0.0734375
0 0.8734375 0.2765625 0.06953125 0.06953125
0 0.6640625 0.42421875 0.06875 0.0703125
0 0.80625 0.796875 0.0703125 0.07109375
1 0.86953125 0.13125 0.06875 0.0671875
0 0.87421875 0.78671875 0.06875 0.06953125
1 0.22421875 0.1328125 0.0703125 0.0703125
1 0.45 0.12578125 0.0703125 0.06875
1 0.59609375 0.9578125 0.07265625 0.07265625
1 0.44375 0.95390625 0.0734375 0.075
0 0.94140625 0.1890625 0.06875 0.07109375
0 0.95390625 0.8609375 0.06875 0.071875
0 0.81875 0.86875 0.0703125 0.071875
1 0.93828125 0.11953125 0.06796875 0.06875
0 0.8875 0.86328125 0.06796875 0.0703125
1 0.1453125 0.13828125 0.07109375 0.071875
1 0.0765625 0.1375 0.06953125 0.071875
1 0.30859375 0.96640625 0.07109375 0.06640625
0 0.80078125 0.93828125 0.06875 0.07109375
0 0.95625 0.9390625 0.06875 0.07109375