1 0.80234375 0.56171875 0.0546875 0.046875
0 0.353125 0.34296875 0.053125 0.05078125
0 0.4046875 0.34140625 0.053125 0.0515625
0 0.5078125 0.35390625 0.0515625 0.05078125
0 0.24765625 0.34296875 0.0546875 0.05234375
0 0.303125 0.190625 0.053125 0.0515625
0 0.39921875 0.18125 0.05078125 0.05234375
0 0.44921875 0.3015625 0.05234375 0.05078125
1 0.8078125 0.51328125 0.0546875 0.04921875
0 0.35859375 0.39375 0.0546875 0.053125
0 0.61015625 0.34765625 0.0515625 0.05078125
1 0.81328125 0.6078125 0.053125 0.04921875
0 0.45703125 0.35 0.05390625 0.0515625
1 0.56875 0.54609375 0.053125 0.0484375
0 0.559375 0.34296875 0.053125 0.05234375
1 0.7640625 0.403125 0.0546875 0.0515625
0 0.5984375 0.203125 0.0515625 0.05
0 0.3890625 0.12578125 0.05234375 0.05078125
0 0.35390625 0.2015625 0.0546875 0.05234375
0 0.2515625 0.18671875 0.0546875 0.053125
0 0.43671875 0.146875 0.053125 0.05234375
1 0.81875 0.71875 0.05625 0.0515625
0 0.4109375 0.3953125 0.05234375 0.05
1 0.61640625 0.6625 0.05234375 0.04921875
0 0.56015625 0.24765625 0.05234375 0.0515625
0 0.203125 0.44140625 0.0546875 0.0515625
0 0.24765625 0.49296875 0.05546875 0.0515625
0 0.24921875 0.13671875 0.0546875 0.05234375
1 0.4453125 0.546875 0.05390625 0.05
1 0.60703125 0.45 0.05546875 0.0515625
0 0.6609375 0.3453125 0.05234375 0.05
0 0.25625 0.29375 0.05390625 0.0515625
0 0.75625 0.1984375 0.0515625 0.05
0 0.3015625 0.4984375 0.05390625 0.05
0 0.2453125 0.5453125 0.05390625 0.04921875
0 0.65 0.20234375 0.05078125 0.05
1 0.49375 0.503125 0.05234375 0.04921875
0 0.14921875 0.3921875 0.05546875 0.0515625
0 0.67421875 0.29765625 0.0515625 0.04921875
0 0.48671875 0.14453125 0.0515625 0.05078125
1 0.8625 0.296875 0.053125 0.0515625
1 0.728125 0.646875 0.05546875 0.0515625
1 0.82734375 0.66875 0.053125 0.05078125
0 0.19453125 0.48828125 0.0546875 0.05078125
1 0.61796875 0.4984375 0.0546875 0.05078125
1 0.46171875 0.59296875 0.05234375 0.0484375
0 0.14140625 0.4890625 0.05625 0.05234375
1 0.77890625 0.65703125 0.05390625 0.0515625
0 0.24921875 0.5921875 0.053125 0.0484375
0 0.45 0.1953125 0.053125 0.053125
0 0.61015625 0.253125 0.0515625 0.05234375
0 0.2546875 0.39609375 0.0546875 0.0515625
1 0.9140625 0.603125 0.05234375 0.05
0 0.08828125 0.48515625 0.053125 0.0515625
0 0.5125 0.40390625 0.05234375 0.05078125
0 0.44296875 0.08984375 0.05390625 0.053125
0 0.70546875 0.19375 0.05234375 0.05
1 0.81484375 0.45390625 0.0546875 0.05
0 0.253125 0.2375 0.05390625 0.0515625
1 0.565625 0.5953125 0.05390625 0.05
1 0.87421875 0.24375 0.053125 0.05234375
0 0.5609375 0.3921875 0.0515625 0.0515625
0 0.2890625 0.64296875 0.05390625 0.05078125
0 0.23984375 0.65 0.053125 0.04921875
1 0.865625 0.6125 0.05390625 0.05078125
1 0.9125 0.29453125 0.053125 0.05234375
1 0.725 0.45546875 0.05546875 0.05078125
1 0.44296875 0.5015625 0.0546875 0.0515625
0 0.5140625 0.603125 0.0515625 0.04921875
1 0.18828125 0.65 0.05546875 0.053125
0 0.71171875 0.259375 0.05234375 0.05078125
0 0.81328125 0.2453125 0.0515625 0.0515625
0 0.2515625 0.0859375 0.05390625 0.053125
0 0.8109375 0.30078125 0.05390625 0.0515625
0 0.55390625 0.446875 0.0515625 0.04921875
1 0.5046875 0.4515625 0.053125 0.05078125
1 0.30390625 0.546875 0.05390625 0.04921875
1 0.66953125 0.6578125 0.05390625 0.05078125
0 0.34140625 0.64921875 0.05390625 0.05
0 0.41484375 0.24765625 0.05546875 0.05234375
0 0.4953125 0.0859375 0.05390625 0.0515625
1 0.6703125 0.50078125 0.053125 0.0484375
0 0.09609375 0.39296875 0.0546875 0.05078125
1 0.81328125 0.76640625 0.05546875 0.04921875
0 0.809375 0.196875 0.05390625 0.0515625
0 0.5375 0.1359375 0.05234375 0.05234375
1 0.56875 0.7671875 0.05546875 0.05078125
0 0.35390625 0.4484375 0.053125 0.05078125
0 0.61015625 0.39296875 0.05078125 0.05078125
1 0.5796875 0.8140625 0.05390625 0.05078125
0 0.4984375 0.5578125 0.0515625 0.0484375
0 0.76484375 0.25625 0.0515625 0.05078125
1 0.1953125 0.34453125 0.05390625 0.05078125
1 0.303125 0.5953125 0.05546875 0.05078125
1 0.8640625 0.1953125 0.05546875 0.0515625
1 0.7671875 0.35234375 0.05234375 0.05
0 0.6609375 0.253125 0.05234375 0.05390625
1 0.35390625 0.6015625 0.0546875 0.05078125
0 0.503125 0.24375 0.05078125 0.04921875
1 0.5515625 0.49453125 0.05234375 0.0484375
0 0.43671875 0.6609375 0.053125 0.04921875
0 0.81875 0.35 0.053125 0.0515625
1 0.4109375 0.603125 0.053125 0.05
0 0.4796875 0.63828125 0.05234375 0.04921875
1 0.46171875 0.3984375 0.05234375 0.0515625
0 0.665625 0.446875 0.05234375 0.0484375
1 0.86953125 0.40078125 0.0546875 0.05078125
1 0.19921875 0.190625 0.05390625 0.053125
0 0.0390625 0.49765625 0.053125 0.053125
1 0.090625 0.34375 0.05546875 0.053125
1 0.3546875 0.50078125 0.0546875 0.05
0 0.29453125 0.69375 0.053125 0.05078125
1 0.81640625 0.40234375 0.05390625 0.05078125
0 0.046875 0.38359375 0.05390625 0.05234375
0 0.66640625 0.14609375 0.0515625 0.05
1 0.40625 0.44453125 0.05390625 0.05078125
1 0.14453125 0.53828125 0.05703125 0.0515625
1 0.4546875 0.45234375 0.05234375 0.05
0 0.71015625 0.4046875 0.0546875 0.05078125
1 0.09140625 0.5328125 0.0546875 0.0515625
1 0.2 0.29609375 0.0546875 0.05234375
1 0.35234375 0.70703125 0.053125 0.05
0 0.86796875 0.35234375 0.053125 0.05078125
0 0.24140625 0.69765625 0.05234375 0.05078125
1 0.13828125 0.7046875 0.05703125 0.05234375
0 0.2984375 0.74921875 0.0546875 0.05078125
0 0.38515625 0.66953125 0.053125 0.04921875
1 0.1953125 0.5921875 0.05390625 0.05
1 0.621875 0.71328125 0.0546875 0.05
1 0.35859375 0.75625 0.05546875 0.0515625
1 0.2 0.24140625 0.0546875 0.0515625
0 0.52421875 0.6671875 0.05078125 0.046875
1 0.8171875 0.8171875 0.05625 0.05078125
0 0.46015625 0.70390625 0.05078125 0.04765625
1 0.925 0.19375 0.053125 0.0515625
0 0.51640625 0.7359375 0.05234375 0.04921875
1 0.2390625 0.74921875 0.05625 0.0515625
1 0.1890625 0.69765625 0.05546875 0.0515625
1 0.18203125 0.7515625 0.05546875 0.05234375
1 0.08515625 0.6953125 0.053125 0.0515625
0 0.9203125 0.35703125 0.05390625 0.05234375
1 0.91953125 0.40546875 0.053125 0.05078125
0 0.253125 0.0359375 0.05390625 0.0515625
1 0.76640625 0.86171875 0.0546875 0.05078125
1 0.19453125 0.53515625 0.053125 0.0484375
1 0.871875 0.146875 0.05546875 0.05078125
0 0.4703125 0.7546875 0.05078125 0.0484375
0 0.20078125 0.39375 0.05390625 0.0515625
1 0.9625 0.30703125 0.05625 0.053125
1 0.04296875 0.553125 0.05546875 0.05234375
0 0.14765625 0.79140625 0.053125 0.05234375
1 0.1421875 0.34375 0.05234375 0.05
1 0.965625 0.6 0.0546875 0.0515625
0 0.9203125 0.09765625 0.05390625 0.05234375
1 0.03828125 0.33359375 0.0546875 0.053125
1 0.096875 0.20078125 0.05625 0.05546875
0 0.88046875 0.04296875 0.05390625 0.05078125
0 0.25 0.7984375 0.05625 0.05234375
1 0.50234375 0.86640625 0.0546875 0.0515625
0 0.4484375 0.8171875 0.05234375 0.05078125
0 0.503125 0.8171875 0.0515625 0.05
1 0.60234375 0.86015625 0.053125 0.05078125
0 0.44921875 0.02734375 0.053125 0.05078125
0 0.9703125 0.3546875 0.05078125 0.0515625
1 0.5515625 0.85546875 0.053125 0.0515625
1 0.15 0.20625 0.0546875 0.05234375
0 0.19765625 0.80546875 0.0546875 0.05078125
1 0.6640625 0.8515625 0.05390625 0.0515625
0 0.40234375 0.8 0.0515625 0.04765625
1 0.034375 0.703125 0.05546875 0.05390625
0 0.303125 0.7984375 0.0546875 0.05
1 0.96953125 0.40546875 0.05234375 0.05234375
1 0.7140625 0.8625 0.0546875 0.05234375
1 0.8265625 0.88671875 0.0546875 0.05078125
1 0.19453125 0.13515625 0.0546875 0.053125
0 0.825 0.04609375 0.05546875 0.053125
1 0.71796875 0.3453125 0.05234375 0.04921875
1 0.51953125 0.9109375 0.0546875 0.053125
0 0.44765625 0.8625 0.05390625 0.05234375
0 0.10703125 0.81953125 0.053125 0.05
0 0.24609375 0.846875 0.05390625 0.05234375
1 0.8578125 0.10078125 0.0546875 0.0515625
0 0.353125 0.80625 0.053125 0.04765625
1 0.2 0.07421875 0.05546875 0.053125
1 0.97421875 0.2 0.0515625 0.05
0 0.9703125 0.10390625 0.053125 0.05234375
0 0.1484375 0.84921875 0.05390625 0.05078125
1 0.0421875 0.19609375 0.05546875 0.05546875
0 0.24609375 0.8921875 0.053125 0.04921875
0 0.46015625 0.9109375 0.053125 0.05078125
1 0.77109375 0.91171875 0.05546875 0.05078125
1 0.1578125 0.90078125 0.05625 0.05234375
0 0.96171875 0.046875 0.0515625 0.05078125
1 0.9546875 0.80390625 0.0546875 0.05078125
1 0.82734375 0.9359375 0.0546875 0.0515625
1 0.0359375 0.85703125 0.05703125 0.0546875
1 0.18984375 0.025 0.053125 0.04921875
1 0.51484375 0.965625 0.0515625 0.05078125
1 0.5 0.03671875 0.0515625 0.04921875
1 0.76875 0.9640625 0.0546875 0.05
0 0.46484375 0.959375 0.053125 0.05
0 0.2453125 0.9515625 0.053125 0.05078125
1 0.15390625 0.9640625 0.05390625 0.0515625