0 0.190625 0.18046875 0.05078125 0.05078125
1 0.496875 0.2953125 0.0515625 0.04921875
1 0.4453125 0.29765625 0.0515625 0.04921875
1 0.5 0.40625 0.0515625 0.05
1 0.54765625 0.24453125 0.05234375 0.0484375
1 0.5484375 0.34609375 0.05234375 0.04921875
1 0.4515625 0.2484375 0.05234375 0.0484375
0 0.240625 0.178125 0.053125 0.04921875
1 0.55234375 0.29765625 0.0515625 0.04921875
1 0.49765625 0.4546875 0.0515625 0.04765625
1 0.5453125 0.4453125 0.05078125 0.046875
1 0.4390625 0.4453125 0.0515625 0.04765625
1 0.39296875 0.24375 0.05234375 0.0484375
1 0.6046875 0.3984375 0.05234375 0.0484375
1 0.60390625 0.3421875 0.0515625 0.04765625
1 0.54140625 0.490625 0.05 0.04765625
1 0.75859375 0.39609375 0.0515625 0.0484375
1 0.70546875 0.4484375 0.05234375 0.0484375
1 0.653125 0.2421875 0.05078125 0.04765625
1 0.71015625 0.340625 0.0515625 0.04921875
1 0.54609375 0.19609375 0.05234375 0.04921875
1 0.64921875 0.29453125 0.0515625 0.0484375
1 0.4015625 0.596875 0.05234375 0.04609375
1 0.75625 0.45390625 0.05078125 0.04765625
1 0.5953125 0.1953125 0.0515625 0.04921875
1 0.49375 0.50078125 0.05078125 0.046875
1 0.4953125 0.1875 0.0515625 0.04765625
1 0.646875 0.54921875 0.05078125 0.0453125
1 0.60234375 0.4453125 0.0515625 0.046875
1 0.70078125 0.503125 0.05078125 0.046875
1 0.6484375 0.50078125 0.0515625 0.04765625
1 0.809375 0.39375 0.05078125 0.0484375
0 0.2828125 0.2359375 0.05078125 0.04765625
1 0.446875 0.6515625 0.0515625 0.046875
1 0.65703125 0.59765625 0.0515625 0.04765625
1 0.70703125 0.59765625 0.05078125 0.04765625
1 0.5453125 0.6 0.05078125 0.04765625
1 0.396875 0.54375 0.0515625 0.04609375
1 0.340625 0.64765625 0.053125 0.04765625
1 0.76328125 0.60078125 0.05234375 0.0484375
1 0.33203125 0.703125 0.053125 0.05
0 0.92421875 0.2921875 0.053125 0.05
1 0.6 0.59765625 0.0515625 0.046875
0 0.74296875 0.08828125 0.053125 0.05
1 0.446875 0.69765625 0.05234375 0.04765625
0 0.6421875 0.09296875 0.05234375 0.05
1 0.2828125 0.696875 0.05234375 0.04921875
1 0.3953125 0.64140625 0.05234375 0.046875
0 0.290625 0.4515625 0.05234375 0.04765625
1 0.5484375 0.5453125 0.05 0.046875
1 0.496875 0.70078125 0.05078125 0.046875
0 0.7140625 0.1421875 0.05234375 0.05078125
1 0.5515625 0.64765625 0.05078125 0.046875
1 0.60078125 0.6453125 0.05 0.046875
1 0.44609375 0.7421875 0.05234375 0.04765625
1 0.23125 0.6984375 0.053125 0.0484375
1 0.75625 0.75625 0.05390625 0.04921875
0 0.33359375 0.23046875 0.053125 0.04921875
0 0.33828125 0.28515625 0.05234375 0.0484375
0 0.0296875 0.65625 0.05234375 0.05
1 0.75859375 0.703125 0.05 0.0484375
0 0.97421875 0.2484375 0.0515625 0.05
1 0.603125 0.7015625 0.05234375 0.046875
1 0.709375 0.6984375 0.05078125 0.04765625
1 0.8125 0.74375 0.0515625 0.0484375
1 0.390625 0.753125 0.05234375 0.0484375
1 0.65859375 0.69609375 0.05234375 0.0484375
0 0.48671875 0.1421875 0.05234375 0.0484375
0 0.34921875 0.3921875 0.0515625 0.0484375
0 0.0828125 0.65 0.05390625 0.04921875
1 0.759375 0.803125 0.05390625 0.0484375
0 0.69296875 0.0953125 0.05234375 0.05
0 0.96640625 0.54609375 0.053125 0.04921875
0 0.44453125 0.19140625 0.0515625 0.04765625
1 0.2875 0.796875 0.05390625 0.04921875
0 0.59140625 0.14765625 0.0515625 0.04765625
1 0.2328125 0.8015625 0.053125 0.04921875
1 0.346875 0.80078125 0.0546875 0.04921875
0 0.134375 0.64375 0.053125 0.04921875
0 0.384375 0.1984375 0.0515625 0.0484375
0 0.53671875 0.14609375 0.05078125 0.04921875
1 0.44765625 0.80234375 0.053125 0.04765625
0 0.39453125 0.29140625 0.053125 0.05078125
0 0.384375 0.34453125 0.053125 0.0484375
0 0.6609375 0.1953125 0.05234375 0.0484375
1 0.5609375 0.74765625 0.0515625 0.046875
1 0.76328125 0.85078125 0.05390625 0.04921875
0 0.290625 0.55234375 0.053125 0.04765625
0 0.71640625 0.2328125 0.05078125 0.04765625
0 0.378125 0.45 0.053125 0.04921875
0 0.2328125 0.603125 0.053125 0.0484375
0 0.1859375 0.64375 0.05390625 0.04921875
0 0.6703125 0.05078125 0.05078125 0.04765625
0 0.91640625 0.60078125 0.053125 0.05
0 0.0640625 0.75234375 0.05390625 0.05
1 0.50625 0.80625 0.053125 0.04921875
0 0.76328125 0.2953125 0.05078125 0.04765625
0 0.18125 0.696875 0.053125 0.04921875
0 0.91328125 0.3546875 0.05390625 0.05078125
0 0.34140625 0.49921875 0.05390625 0.0484375
0 0.97421875 0.65390625 0.0515625 0.05
0 0.91875 0.50078125 0.053125 0.04921875
1 0.71015625 0.9078125 0.05234375 0.04921875
0 0.290625 0.60078125 0.053125 0.04921875
0 0.91875 0.4015625 0.053125 0.04921875
0 0.446875 0.34765625 0.053125 0.04921875
0 0.496875 0.35234375 0.0515625 0.05
1 0.18125 0.8484375 0.05546875 0.05
0 0.4 0.39140625 0.05390625 0.05078125
1 0.296875 0.84921875 0.05546875 0.05
0 0.02734375 0.7984375 0.0515625 0.04921875
0 0.81328125 0.346875 0.05390625 0.05
0 0.70234375 0.28359375 0.05234375 0.05078125
0 0.86484375 0.3453125 0.0546875 0.05078125
0 0.24453125 0.64921875 0.05390625 0.0484375
0 0.91796875 0.809375 0.053125 0.04921875
0 0.34296875 0.5984375 0.053125 0.04765625
0 0.91484375 0.70390625 0.05390625 0.04921875
0 0.190625 0.7515625 0.05390625 0.04921875
0 0.453125 0.39296875 0.053125 0.04921875
0 0.7625 0.346875 0.053125 0.05
0 0.496875 0.6078125 0.0515625 0.0484375
0 0.86796875 0.44609375 0.05390625 0.05
0 0.390625 0.496875 0.05234375 0.04765625
1 0.1265625 0.85 0.0546875 0.04921875
0 0.340625 0.7515625 0.05234375 0.0484375
0 0.8703125 0.546875 0.053125 0.04765625
0 0.50078125 0.55390625 0.0515625 0.0484375
0 0.0796875 0.796875 0.053125 0.04921875
0 0.13046875 0.79609375 0.05546875 0.0484375
0 0.80625 0.446875 0.05390625 0.05
1 0.39453125 0.84921875 0.05390625 0.04921875
0 0.34453125 0.5453125 0.05390625 0.0484375
0 0.86875 0.49453125 0.053125 0.0484375
0 0.49765625 0.6546875 0.053125 0.04921875
0 0.1828125 0.7984375 0.053125 0.04765625
0 0.29140625 0.7515625 0.053125 0.04921875
0 0.8609375 0.3921875 0.05390625 0.05078125
1 0.07578125 0.85078125 0.0515625 0.05
0 0.81328125 0.49375 0.053125 0.04765625
0 0.878125 0.85703125 0.0546875 0.046875
0 0.70078125 0.5515625 0.05390625 0.0484375
0 0.6515625 0.64921875 0.05234375 0.0484375
0 0.240625 0.75625 0.0546875 0.0484375
0 0.86171875 0.7625 0.053125 0.04765625
0 0.7625 0.5109375 0.0546875 0.0484375
0 0.86328125 0.6515625 0.0546875 0.05
0 0.44453125 0.49140625 0.0515625 0.04765625
0 0.81328125 0.5984375 0.05390625 0.0484375
0 0.76640625 0.896875 0.05390625 0.04921875
0 0.81015625 0.803125 0.05390625 0.04921875
0 0.82734375 0.846875 0.0546875 0.05078125
0 0.821875 0.89375 0.053125 0.0484375
0 0.70234375 0.6515625 0.05234375 0.04765625
0 0.859375 0.7078125 0.053125 0.04921875
0 0.4546875 0.53828125 0.0515625 0.046875
0 0.75078125 0.55546875 0.0546875 0.04765625
0 0.81171875 0.65234375 0.0546875 0.04921875
1 0.0265625 0.8515625 0.05234375 0.04921875
0 0.8234375 0.95 0.05234375 0.04921875
0 0.7546875 0.65078125 0.053125 0.04765625
0 0.8109375 0.696875 0.05390625 0.0484375
1 0.7109375 0.959375 0.05390625 0.04921875
1 0.76484375 0.96171875 0.05390625 0.04921875
1 0.23984375 0.89921875 0.05390625 0.04921875