1 0.528125 0.7 0.06328125 0.0453125
0 0.50078125 0.5015625 0.0671875 0.046875
0 0.725 0.48828125 0.06953125 0.04609375
0 0.89296875 0.43359375 0.0703125 0.046875
1 0.2265625 0.48671875 0.0640625 0.046875
0 0.5296875 0.2828125 0.06796875 0.04453125
0 0.7375 0.33125 0.06796875 0.0453125
0 0.2421875 0.35703125 0.065625 0.0453125
1 0.6625 0.759375 0.06484375 0.0515625
0 0.65625 0.7109375 0.06953125 0.04765625
0 0.72734375 0.6390625 0.07109375 0.04921875
0 0.30625 0.33984375 0.06640625 0.04609375
1 0.3578125 0.75703125 0.065625 0.04921875
1 0.74296875 0.69375 0.06796875 0.05
1 0.8109375 0.69765625 0.065625 0.05
0 0.35703125 0.70859375 0.06796875 0.04765625
1 0.21796875 0.71171875 0.06484375 0.05
0 0.80234375 0.64296875 0.06953125 0.04921875
0 0.82890625 0.321875 0.06875 0.04609375
0 0.39375 0.28515625 0.0671875 0.04453125
0 0.29609375 0.65546875 0.0671875 0.04921875
1 0.28359375 0.7046875 0.06484375 0.0484375
0 0.22734375 0.66328125 0.06640625 0.0484375
0 0.66640625 0.2765625 0.06640625 0.0453125
1 0.73359375 0.27109375 0.06328125 0.04609375
1 0.81875 0.27109375 0.06640625 0.046875
1 0.31875 0.29296875 0.065625 0.0453125
1 0.2359375 0.29453125 0.0640625 0.0453125
1 0.38828125 0.24140625 0.06328125 0.04453125
1 0.65703125 0.22734375 0.06171875 0.0453125