1 0.8515625 0.4484375 0.05234375 0.04921875
0 0.22890625 0.5046875 0.05546875 0.04765625
1 0.8515625 0.496875 0.05390625 0.04921875
1 0.86640625 0.29921875 0.0515625 0.04921875
0 0.2890625 0.60546875 0.053125 0.046875
1 0.65 0.2984375 0.053125 0.05
1 0.91171875 0.33671875 0.05390625 0.05
0 0.146875 0.39609375 0.05546875 0.04921875
1 0.90546875 0.25390625 0.053125 0.05
1 0.596875 0.40078125 0.053125 0.0484375
1 0.79765625 0.51796875 0.05390625 0.0484375
1 0.76796875 0.309375 0.053125 0.05
1 0.6046875 0.4484375 0.05234375 0.04765625
0 0.17421875 0.49453125 0.05546875 0.0484375
0 0.13125 0.55625 0.05625 0.05
1 0.85546875 0.3921875 0.053125 0.04921875
0 0.1328125 0.68984375 0.0546875 0.0484375
1 0.909375 0.55 0.0546875 0.04921875
1 0.815625 0.2953125 0.0515625 0.05
1 0.65078125 0.24765625 0.053125 0.05
1 0.75234375 0.55 0.053125 0.04921875
1 0.9109375 0.6046875 0.053125 0.04921875
1 0.60546875 0.1984375 0.05234375 0.05
1 0.60078125 0.30859375 0.053125 0.04921875
0 0.390625 0.48515625 0.05390625 0.046875
1 0.80234375 0.59296875 0.05390625 0.04921875
1 0.8578125 0.65546875 0.0546875 0.05078125
1 0.8046875 0.70703125 0.05546875 0.05
1 0.590625 0.353125 0.05234375 0.04765625
1 0.753125 0.49453125 0.05390625 0.0484375
1 0.8171875 0.24453125 0.053125 0.05
1 0.82109375 0.184375 0.053125 0.05
1 0.8609375 0.709375 0.05390625 0.05
1 0.65 0.55234375 0.053125 0.0484375
0 0.29609375 0.44375 0.05234375 0.0484375
0 0.08046875 0.4375 0.0546875 0.0484375
1 0.54453125 0.55390625 0.05234375 0.04921875
1 0.64375 0.1421875 0.053125 0.0515625
1 0.753125 0.1375 0.053125 0.0515625
1 0.69453125 0.50703125 0.05390625 0.05
0 0.3953125 0.34921875 0.05234375 0.0484375
1 0.703125 0.1421875 0.053125 0.05
1 0.59296875 0.14375 0.0515625 0.05078125
1 0.50078125 0.5953125 0.05234375 0.0484375
1 0.59453125 0.49375 0.0515625 0.046875
1 0.64453125 0.5015625 0.053125 0.04921875
1 0.91015625 0.6515625 0.05234375 0.0484375
1 0.546875 0.50859375 0.05234375 0.046875
1 0.7609375 0.646875 0.053125 0.04765625
1 0.54140625 0.19609375 0.05234375 0.05078125
1 0.75859375 0.7515625 0.05390625 0.05
1 0.8703125 0.1875 0.05078125 0.04921875
0 0.3421875 0.3453125 0.05390625 0.05078125
1 0.596875 0.58828125 0.0515625 0.0484375
1 0.86328125 0.7640625 0.05390625 0.0484375
1 0.9546875 0.2390625 0.05234375 0.05
1 0.55 0.60546875 0.0515625 0.04921875
1 0.0765625 0.2484375 0.053125 0.0515625
1 0.59609375 0.76328125 0.053125 0.05
0 0.3453125 0.4546875 0.0546875 0.0484375
1 0.70390625 0.3515625 0.05234375 0.04921875
1 0.9609375 0.6515625 0.053125 0.04921875
1 0.7 0.6953125 0.05390625 0.04921875
1 0.1265625 0.1921875 0.053125 0.0515625
1 0.64921875 0.69453125 0.05234375 0.04921875
1 0.5015625 0.1390625 0.053125 0.0515625
1 0.0671875 0.2953125 0.053125 0.0515625
1 0.4 0.24140625 0.053125 0.0515625
0 0.44609375 0.43828125 0.053125 0.046875
1 0.2796875 0.19140625 0.053125 0.05078125
1 0.43984375 0.18984375 0.053125 0.05
1 0.65234375 0.7984375 0.053125 0.04921875
1 0.96796875 0.60546875 0.05390625 0.05078125
1 0.97109375 0.3375 0.05234375 0.05078125
1 0.3328125 0.1921875 0.053125 0.0515625
1 0.4515625 0.1453125 0.053125 0.05078125
1 0.3828125 0.18203125 0.05390625 0.05234375
1 0.07734375 0.14609375 0.05390625 0.0515625
0 0.5515625 0.44296875 0.05234375 0.0453125
0 0.45078125 0.3921875 0.05234375 0.04609375
1 0.54296875 0.75078125 0.05234375 0.0484375
1 0.55 0.10390625 0.05390625 0.05078125
1 0.70234375 0.85 0.0546875 0.05078125
0 0.07109375 0.65546875 0.0546875 0.05
1 0.7046875 0.79765625 0.053125 0.05
1 0.49375 0.64765625 0.0515625 0.04921875
1 0.60078125 0.096875 0.05234375 0.05
1 0.4 0.13671875 0.05390625 0.05078125
1 0.54375 0.65546875 0.0515625 0.04921875
0 0.3015625 0.296875 0.05234375 0.0484375
1 0.078125 0.20078125 0.053125 0.05078125
1 0.1328125 0.13984375 0.0546875 0.0515625
1 0.0265625 0.18671875 0.0515625 0.05078125
0 0.34921875 0.80703125 0.05546875 0.04921875
1 0.96328125 0.190625 0.05390625 0.05078125
0 0.4421875 0.53828125 0.053125 0.04765625
1 0.50078125 0.0921875 0.053125 0.05234375
0 0.02890625 0.38984375 0.053125 0.04921875
0 0.40390625 0.29375 0.053125 0.0484375
1 0.80625 0.85859375 0.05546875 0.04921875
1 0.184375 0.1328125 0.0546875 0.05
1 0.2875 0.14375 0.05390625 0.05078125
0 0.08125 0.38671875 0.05625 0.05234375
0 0.12734375 0.29453125 0.05546875 0.0515625
0 0.0765625 0.609375 0.05625 0.04921875
1 0.54765625 0.7984375 0.053125 0.04765625
0 0.496875 0.2890625 0.053125 0.0484375
1 0.02265625 0.2953125 0.04453125 0.04921875
0 0.0890625 0.3375 0.05546875 0.05
0 0.44296875 0.5921875 0.053125 0.046875
0 0.07265625 0.74375 0.0546875 0.05078125
1 0.02578125 0.3421875 0.0515625 0.05
0 0.18125 0.79765625 0.05625 0.05078125
1 0.6015625 0.8546875 0.05234375 0.046875
0 0.4984375 0.49765625 0.05234375 0.04609375
0 0.4953125 0.546875 0.053125 0.046875
1 0.496875 0.85 0.053125 0.04921875
1 0.0734375 0.79765625 0.05390625 0.05
0 0.30078125 0.23359375 0.05390625 0.04921875
1 0.2328125 0.1359375 0.05390625 0.05
0 0.33984375 0.14140625 0.05390625 0.0515625
1 0.07421875 0.09453125 0.05390625 0.05078125
1 0.7 0.89921875 0.0546875 0.05
0 0.228125 0.18359375 0.0546875 0.05078125
1 0.7609375 0.9 0.053125 0.0484375
0 0.39375 0.83828125 0.0546875 0.04765625
1 0.0671875 0.8515625 0.05546875 0.05
1 0.13046875 0.84765625 0.0546875 0.0484375
1 0.184375 0.853125 0.0546875 0.04921875
0 0.6 0.65546875 0.0515625 0.046875
0 0.17578125 0.22890625 0.0546875 0.05078125
0 0.4390625 0.70390625 0.053125 0.04765625
0 0.35234375 0.29296875 0.05234375 0.05078125
0 0.54453125 0.33515625 0.05234375 0.04765625
0 0.5515625 0.3828125 0.05234375 0.04609375
1 0.5015625 0.90703125 0.05390625 0.05
0 0.02421875 0.73359375 0.0484375 0.0484375
0 0.12890625 0.8 0.0546875 0.05078125
0 0.45234375 0.23515625 0.053125 0.0484375
0 0.6 0.7140625 0.053125 0.046875
0 0.12734375 0.24765625 0.0546875 0.05078125
0 0.4953125 0.8015625 0.0546875 0.046875
0 0.7609375 0.08984375 0.05234375 0.0484375
1 0.02109375 0.1015625 0.0421875 0.05
1 0.17890625 0.9 0.05625 0.05
1 0.8015625 0.8109375 0.05390625 0.05
0 0.35078125 0.24375 0.0515625 0.04921875
0 0.29296875 0.8609375 0.05625 0.04921875
0 0.44375 0.6546875 0.05234375 0.04765625
0 0.49296875 0.746875 0.05390625 0.0484375
0 0.80546875 0.134375 0.05234375 0.0484375
1 0.07265625 0.89765625 0.05546875 0.04921875
1 0.5484375 0.0359375 0.053125 0.05
0 0.70625 0.09609375 0.053125 0.0484375
0 0.55703125 0.2890625 0.05234375 0.0484375
0 0.446875 0.0921875 0.053125 0.04921875
0 0.5421875 0.703125 0.05234375 0.04765625
0 0.49453125 0.03984375 0.0546875 0.04921875
0 0.33671875 0.0875 0.053125 0.05
0 0.55078125 0.2421875 0.053125 0.04765625
0 0.3890625 0.9046875 0.0546875 0.04921875
0 0.446875 0.8578125 0.05390625 0.04765625
1 0.01953125 0.796875 0.03828125 0.04765625
0 0.8609375 0.13671875 0.05390625 0.05
0 0.28671875 0.096875 0.05390625 0.05
0 0.96953125 0.7921875 0.0515625 0.046875
0 0.9734375 0.69609375 0.05 0.0484375
0 0.9171875 0.20859375 0.053125 0.0484375
0 0.24140625 0.86328125 0.053125 0.0484375
0 0.646875 0.60078125 0.05390625 0.046875
1 0.23046875 0.91015625 0.053125 0.04921875
0 0.17578125 0.18046875 0.0546875 0.0515625
0 0.65703125 0.090625 0.05546875 0.05
0 0.7015625 0.553125 0.05234375 0.046875
0 0.49296875 0.1859375 0.0546875 0.04921875
0 0.50234375 0.23359375 0.0515625 0.04765625
0 0.9125 0.74609375 0.053125 0.04765625
0 0.2421875 0.04296875 0.0546875 0.04921875
0 0.4328125 0.04375 0.0546875 0.04921875
0 0.91640625 0.14453125 0.0546875 0.0515625
0 0.9703125 0.140625 0.05234375 0.05078125
1 0.765625 0.946875 0.05546875 0.05
0 0.7109375 0.64921875 0.0515625 0.04609375
0 0.66015625 0.646875 0.05234375 0.046875
0 0.490625 0.696875 0.05390625 0.0484375
0 0.1859375 0.0859375 0.053125 0.05
0 0.3796875 0.040625 0.053125 0.04921875
0 0.390625 0.0890625 0.05390625 0.0515625
0 0.7515625 0.59765625 0.0515625 0.04765625
0 0.45 0.90390625 0.0546875 0.0484375
0 0.7015625 0.60234375 0.053125 0.0484375
0 0.2359375 0.0890625 0.05546875 0.0515625
0 0.64921875 0.04375 0.0515625 0.04921875
0 0.91953125 0.0953125 0.0546875 0.04921875
0 0.13515625 0.08984375 0.0546875 0.05234375
0 0.28359375 0.90859375 0.0546875 0.04921875
1 0.49296875 0.95390625 0.05390625 0.04921875
0 0.2921875 0.95625 0.05390625 0.0484375
0 0.60078125 0.03671875 0.05234375 0.04921875
1 0.02265625 0.91328125 0.0453125 0.0484375
0 0.0859375 0.046875 0.053125 0.05078125
0 0.1375 0.04296875 0.0546875 0.05
0 0.9171875 0.8546875 0.05390625 0.04765625
0 0.8546875 0.81171875 0.05390625 0.04921875
0 0.03515625 0.04296875 0.053125 0.0515625
0 0.9109375 0.69765625 0.053125 0.0484375
0 0.3921875 0.959375 0.0546875 0.04765625
1 0.18203125 0.95078125 0.0546875 0.0515625
1 0.815625 0.95546875 0.0515625 0.04921875
0 0.86640625 0.8578125 0.0546875 0.0484375
1 0.44140625 0.95234375 0.0515625 0.04765625
0 0.91328125 0.9109375 0.05234375 0.046875
1 0.23125 0.959375 0.0546875 0.05078125
0 0.8125 0.90546875 0.05390625 0.04765625
0 0.865625 0.96171875 0.05390625 0.04765625
0 0.8640625 0.90546875 0.05234375 0.04765625
1 0.065625 0.9640625 0.05625 0.05078125