1 0.5453125 0.4515625 0.04375 0.04453125
0 0.39765625 0.55625 0.04765625 0.04296875
0 0.3921875 0.61015625 0.04765625 0.04296875
0 0.44375 0.55 0.04765625 0.04296875
0 0.44609375 0.6125 0.0484375 0.04453125
0 0.34296875 0.64375 0.04765625 0.04296875
0 0.340625 0.60078125 0.04921875 0.04375
0 0.3453125 0.44375 0.0484375 0.04375
0 0.4078125 0.49609375 0.04921875 0.04296875
0 0.34765625 0.69609375 0.04921875 0.04375
0 0.3453125 0.39765625 0.0484375 0.04375
0 0.30078125 0.70390625 0.046875 0.04296875
0 0.74921875 0.35390625 0.046875 0.04296875
1 0.603125 0.59765625 0.0515625 0.0453125
0 0.44765625 0.65625 0.0484375 0.04453125
0 0.70703125 0.309375 0.04765625 0.04375
1 0.44765625 0.453125 0.04609375 0.04453125
0 0.3953125 0.69453125 0.04765625 0.0421875
0 0.45078125 0.7015625 0.04921875 0.04296875
1 0.60078125 0.30078125 0.046875 0.04609375
1 0.4984375 0.50546875 0.04765625 0.04453125
1 0.1875 0.55 0.0484375 0.04453125
0 0.55234375 0.265625 0.046875 0.04375
1 0.45625 0.26953125 0.046875 0.04375
0 0.8015625 0.40546875 0.04765625 0.04453125
0 0.4 0.20625 0.046875 0.04375
0 0.65390625 0.2984375 0.04765625 0.04453125
0 0.3421875 0.4875 0.0484375 0.04140625
1 0.3890625 0.35 0.04765625 0.04609375
1 0.23828125 0.5484375 0.0484375 0.04375
0 0.85625 0.39609375 0.0484375 0.04375
1 0.4984375 0.3125 0.046875 0.0453125
0 0.2953125 0.54765625 0.04765625 0.0421875
0 0.35546875 0.74921875 0.04765625 0.04296875
1 0.40390625 0.44609375 0.046875 0.04375
1 0.55234375 0.6046875 0.04765625 0.04375
0 0.403125 0.74453125 0.04921875 0.0421875
0 0.7546875 0.31015625 0.04765625 0.0453125
0 0.55546875 0.20390625 0.046875 0.04375
1 0.40078125 0.40234375 0.046875 0.04453125
1 0.55 0.56171875 0.05078125 0.04375
0 0.59765625 0.2515625 0.04609375 0.04453125
0 0.8953125 0.4453125 0.05 0.04375
0 0.29609375 0.4859375 0.04765625 0.04296875
0 0.29765625 0.30625 0.05 0.0453125
0 0.8109375 0.346875 0.04765625 0.04296875
0 0.29921875 0.39453125 0.04765625 0.0421875
0 0.85078125 0.44296875 0.05078125 0.04375
0 0.19765625 0.253125 0.04921875 0.0453125
0 0.44765625 0.209375 0.04765625 0.04296875
0 0.80703125 0.2453125 0.0484375 0.04375
0 0.70390625 0.25390625 0.04765625 0.04453125
1 0.5953125 0.35078125 0.04921875 0.04453125
0 0.1875 0.1953125 0.04765625 0.04609375
1 0.34921875 0.2546875 0.04765625 0.0453125
0 0.24609375 0.25390625 0.04921875 0.0453125
1 0.09296875 0.60859375 0.04921875 0.0453125
1 0.1984375 0.2984375 0.04921875 0.0453125
0 0.453125 0.7453125 0.04921875 0.0421875
1 0.6375 0.753125 0.04921875 0.04375
0 0.25234375 0.70625 0.0484375 0.04296875
1 0.4953125 0.4484375 0.04609375 0.04375
1 0.64375 0.38828125 0.04921875 0.0453125
1 0.7515625 0.6 0.04765625 0.04375
1 0.24765625 0.45703125 0.05 0.0453125
1 0.703125 0.4609375 0.04765625 0.04765625
1 0.7046875 0.515625 0.0484375 0.046875
1 0.79375 0.8015625 0.0484375 0.0453125
1 0.5484375 0.3109375 0.04765625 0.04375
1 0.503125 0.265625 0.046875 0.04453125
1 0.29296875 0.60859375 0.0484375 0.04375
1 0.846875 0.66328125 0.04765625 0.04609375
1 0.34375 0.353125 0.046875 0.04453125
0 0.653125 0.1984375 0.046875 0.04375
0 0.51015625 0.2015625 0.04765625 0.04296875
0 0.85234375 0.25078125 0.0484375 0.04296875
1 0.19140625 0.65 0.05078125 0.04375
1 0.1421875 0.45 0.04921875 0.0453125
0 0.15 0.25546875 0.05 0.04453125
0 0.29296875 0.74765625 0.0484375 0.0421875
1 0.29609375 0.44375 0.046875 0.04453125
1 0.49453125 0.54765625 0.04765625 0.04296875
1 0.1 0.50625 0.04765625 0.0453125
0 0.346875 0.203125 0.0484375 0.04375
1 0.1484375 0.4984375 0.05 0.04453125
0 0.9 0.2546875 0.04921875 0.04375
1 0.34453125 0.303125 0.04765625 0.04453125
1 0.1453125 0.40625 0.04921875 0.046875
1 0.14609375 0.3484375 0.04921875 0.046875
1 0.9609375 0.5515625 0.05078125 0.04453125
1 0.0453125 0.609375 0.04921875 0.04609375
1 0.74921875 0.4453125 0.046875 0.0453125
0 0.2921875 0.2546875 0.04921875 0.04609375
1 0.95390625 0.6515625 0.05 0.04609375
1 0.70078125 0.74296875 0.0484375 0.0453125
0 0.5453125 0.15390625 0.046875 0.04296875
0 0.80546875 0.1953125 0.04765625 0.04453125
1 0.25 0.40703125 0.04921875 0.0453125
1 0.246875 0.31328125 0.0484375 0.04453125
1 0.70625 0.40078125 0.04765625 0.04765625
1 0.246875 0.5 0.05234375 0.0453125
1 0.09140625 0.45859375 0.0515625 0.04609375
0 0.19375 0.1453125 0.04921875 0.0453125
0 0.7046875 0.15078125 0.04765625 0.04296875
0 0.29453125 0.2109375 0.04921875 0.04609375
1 0.096875 0.34765625 0.0484375 0.04296875
0 0.29609375 0.35078125 0.04921875 0.04375
1 0.50390625 0.7484375 0.046875 0.04375
1 0.80234375 0.65546875 0.04921875 0.0453125
1 0.4546875 0.79765625 0.0484375 0.04453125
1 0.7 0.6015625 0.0453125 0.04453125
1 0.09140625 0.24296875 0.04921875 0.04609375
0 0.5984375 0.15546875 0.04609375 0.04296875
1 0.6078125 0.80390625 0.05078125 0.0453125
0 0.65234375 0.1546875 0.046875 0.04375
0 0.753125 0.15625 0.0484375 0.04375
1 0.90703125 0.665625 0.0515625 0.04765625
1 0.234375 0.36171875 0.05 0.046875
0 0.23828125 0.74921875 0.04921875 0.04375
1 0.696875 0.690625 0.0484375 0.04296875
1 0.14140625 0.715625 0.0515625 0.04609375
1 0.9578125 0.6953125 0.04921875 0.04375
0 0.146875 0.3015625 0.05 0.04453125
1 0.5125 0.7984375 0.04921875 0.0453125
1 0.09453125 0.3 0.05 0.046875
1 0.20078125 0.803125 0.05078125 0.04609375
1 0.70078125 0.646875 0.04765625 0.04296875
1 0.34765625 0.80625 0.05078125 0.04375
0 0.1453125 0.1484375 0.05 0.04453125
1 0.9078125 0.609375 0.05078125 0.04765625
1 0.803125 0.09921875 0.05078125 0.046875
1 0.909375 0.55390625 0.04765625 0.046875
0 0.8015625 0.1484375 0.04765625 0.04453125
1 0.92109375 0.803125 0.05 0.046875
0 0.240625 0.1546875 0.04765625 0.0421875
1 0.24609375 0.6625 0.05234375 0.04375
1 0.04296875 0.45 0.05 0.04453125
1 0.18984375 0.75 0.05078125 0.0453125
1 0.91015625 0.15078125 0.04921875 0.046875
0 0.4015625 0.80546875 0.04765625 0.04296875
0 0.75234375 0.09453125 0.0484375 0.04375
0 0.08515625 0.14765625 0.05 0.0453125
1 0.04765625 0.6546875 0.053125 0.046875
1 0.14453125 0.75859375 0.05078125 0.0453125
0 0.90859375 0.2 0.04765625 0.04453125
1 0.9625 0.15390625 0.05 0.04609375
1 0.9578125 0.7390625 0.04921875 0.04296875
1 0.8625 0.203125 0.0484375 0.046875
1 0.9625 0.2 0.0484375 0.04453125
1 0.040625 0.74140625 0.0515625 0.0453125
1 0.0921875 0.5625 0.05078125 0.046875
1 0.85625 0.80625 0.053125 0.04765625
1 0.41171875 0.26171875 0.05078125 0.0453125
1 0.54609375 0.84609375 0.04765625 0.04453125
1 0.29921875 0.65703125 0.05078125 0.04375
1 0.24375 0.6015625 0.0515625 0.04453125
1 0.5 0.6515625 0.04453125 0.0421875
1 0.8640625 0.1546875 0.05078125 0.04765625
0 0.0875 0.19765625 0.04921875 0.04609375
1 0.9671875 0.7984375 0.05 0.04375
1 0.0484375 0.6984375 0.053125 0.04375
1 0.2984375 0.8109375 0.05 0.0453125
1 0.04296875 0.24453125 0.05 0.0453125
1 0.4484375 0.8546875 0.05078125 0.04609375
1 0.75703125 0.85546875 0.05234375 0.04609375
0 0.246875 0.7921875 0.04921875 0.04296875
1 0.09453125 0.7546875 0.053125 0.04453125
1 0.709375 0.84921875 0.0484375 0.04375
0 0.94453125 0.44765625 0.04765625 0.04375
1 0.2 0.8546875 0.0515625 0.04375
1 0.86171875 0.1046875 0.05625 0.0484375
1 0.49609375 0.696875 0.04375 0.040625
0 0.2953125 0.1390625 0.04765625 0.04375
1 0.59921875 0.84765625 0.0515625 0.0453125
1 0.30546875 0.853125 0.04921875 0.0453125
1 0.66484375 0.865625 0.05 0.04453125
1 0.49609375 0.8546875 0.05078125 0.0453125
0 0.03984375 0.1984375 0.0484375 0.0453125
1 0.90546875 0.84609375 0.0515625 0.04453125
1 0.396875 0.85078125 0.05078125 0.04375
1 0.35078125 0.86015625 0.05078125 0.0453125
0 0.946875 0.49765625 0.04765625 0.04296875
1 0.13671875 0.859375 0.04921875 0.04375
1 0.6484375 0.9078125 0.0515625 0.0453125
1 0.89921875 0.05703125 0.04921875 0.0453125
1 0.4875 0.903125 0.0515625 0.0453125
0 0.95625 0.259375 0.04765625 0.04375
1 0.08828125 0.86015625 0.0515625 0.04609375
0 0.50234375 0.09609375 0.046875 0.0421875
1 0.040625 0.85 0.05234375 0.04453125
1 0.5921875 0.89375 0.05234375 0.046875
1 0.85625 0.8484375 0.05078125 0.04296875
1 0.25703125 0.85078125 0.0515625 0.04375
1 0.8109375 0.8921875 0.05 0.04296875
0 0.0859375 0.10078125 0.04921875 0.04453125
1 0.80546875 0.0453125 0.04765625 0.04453125
1 0.86640625 0.890625 0.0515625 0.04375
1 0.303125 0.9078125 0.0515625 0.04453125
1 0.9515625 0.0484375 0.04765625 0.04453125
0 0.390625 0.0921875 0.04609375 0.0421875
0 0.75703125 0.04375 0.04921875 0.04453125
1 0.603125 0.93671875 0.05078125 0.04296875
0 0.03359375 0.0953125 0.0484375 0.04375
1 0.8046875 0.5921875 0.0453125 0.0421875
1 0.68671875 0.5609375 0.04765625 0.04140625
1 0.80390625 0.546875 0.04765625 0.04296875
1 0.79453125 0.50390625 0.04609375 0.04296875
1 0.84296875 0.49296875 0.0484375 0.04140625
1 0.90078125 0.49453125 0.04765625 0.04375
1 0.79765625 0.45 0.0484375 0.04140625
1 0.75234375 0.403125 0.04609375 0.040625
1 0.7015625 0.35546875 0.0453125 0.03984375
1 0.65390625 0.3484375 0.046875 0.0375
1 0.503125 0.60234375 0.04921875 0.0421875
1 0.45234375 0.50546875 0.04140625 0.03984375