1 0.546875 0.49140625 0.0515625 0.04609375
0 0.39140625 0.4953125 0.053125 0.04609375
0 0.44609375 0.484375 0.05234375 0.04609375
0 0.4953125 0.49609375 0.0515625 0.04765625
0 0.3890625 0.44921875 0.053125 0.046875
0 0.390625 0.5421875 0.05390625 0.046875
0 0.2296875 0.6375 0.0546875 0.04765625
0 0.440625 0.340625 0.05234375 0.04765625
1 0.6 0.49140625 0.05234375 0.04765625
0 0.33046875 0.4484375 0.05390625 0.046875
0 0.49296875 0.54140625 0.05234375 0.046875
0 0.440625 0.2953125 0.053125 0.04921875
0 0.4390625 0.39296875 0.05234375 0.046875
0 0.2296875 0.5859375 0.0546875 0.0484375
0 0.3953125 0.63984375 0.0515625 0.046875
0 0.5453125 0.28671875 0.05 0.046875
0 0.38984375 0.24375 0.05234375 0.046875
1 0.6453125 0.34375 0.0515625 0.04765625
0 0.384375 0.28984375 0.0515625 0.04765625
0 0.54453125 0.2421875 0.05078125 0.04609375
0 0.64765625 0.246875 0.05078125 0.046875
0 0.44375 0.246875 0.0515625 0.04765625
0 0.49453125 0.284375 0.05078125 0.0453125
0 0.59453125 0.25 0.04921875 0.0453125
0 0.49375 0.2390625 0.05078125 0.04609375
1 0.28046875 0.4359375 0.05390625 0.04921875
1 0.3375 0.540625 0.05390625 0.04921875
1 0.490625 0.3375 0.0515625 0.0484375
1 0.390625 0.5890625 0.053125 0.04921875
1 0.490625 0.44296875 0.053125 0.04765625
1 0.4984375 0.5875 0.05390625 0.0484375
0 0.29140625 0.64296875 0.053125 0.0453125
1 0.1328125 0.44296875 0.05546875 0.05
1 0.6984375 0.29765625 0.0515625 0.04765625
0 0.340625 0.68671875 0.05234375 0.0453125
1 0.6046875 0.446875 0.053125 0.04765625
1 0.33671875 0.59375 0.053125 0.0484375
1 0.2296875 0.5328125 0.053125 0.04921875
0 0.1265625 0.60078125 0.05234375 0.0484375
0 0.12109375 0.64765625 0.053125 0.0484375
0 0.39453125 0.6859375 0.0515625 0.046875
1 0.28046875 0.5984375 0.053125 0.0484375
1 0.128125 0.54609375 0.05390625 0.05
1 0.490625 0.39140625 0.053125 0.04921875
1 0.33984375 0.49375 0.053125 0.04765625
0 0.8078125 0.29765625 0.05234375 0.046875
0 0.64375 0.69375 0.05234375 0.046875
1 0.27734375 0.34609375 0.053125 0.04765625
1 0.75703125 0.3015625 0.05234375 0.046875
0 0.228125 0.6875 0.05625 0.04765625
0 0.33125 0.29140625 0.0515625 0.046875
0 0.7640625 0.6875 0.05234375 0.046875
1 0.54140625 0.334375 0.0515625 0.04921875
1 0.22578125 0.47109375 0.05546875 0.0484375
1 0.18046875 0.3328125 0.05390625 0.0484375
0 0.646875 0.2984375 0.05 0.0453125
1 0.44609375 0.640625 0.053125 0.04921875
1 0.2328125 0.2953125 0.053125 0.04765625
0 0.65 0.2 0.05078125 0.046875
0 0.078125 0.4390625 0.05390625 0.0484375
0 0.8578125 0.29375 0.05234375 0.046875
1 0.33046875 0.34375 0.05234375 0.04921875
0 0.4453125 0.68671875 0.05234375 0.04453125
1 0.59296875 0.34296875 0.05 0.0484375
1 0.440625 0.43828125 0.05234375 0.046875
0 0.64453125 0.6421875 0.053125 0.04765625
0 0.48984375 0.19375 0.0515625 0.046875
0 0.1796875 0.23984375 0.05390625 0.04765625
1 0.3375 0.40234375 0.053125 0.0484375
1 0.3875 0.39375 0.05234375 0.04921875
1 0.178125 0.60078125 0.0546875 0.05
1 0.34375 0.6421875 0.053125 0.0484375
1 0.07578125 0.484375 0.05625 0.05
0 0.7015625 0.69375 0.05234375 0.04609375
1 0.60859375 0.39765625 0.0515625 0.04765625
1 0.8078125 0.34375 0.05078125 0.04921875
0 0.803125 0.20625 0.053125 0.046875
1 0.1328125 0.3921875 0.0546875 0.04921875
1 0.59453125 0.29609375 0.05078125 0.04765625
0 0.08046875 0.3859375 0.053125 0.0484375
0 0.178125 0.28515625 0.05390625 0.0484375
1 0.6984375 0.25390625 0.0515625 0.04765625
1 0.2828125 0.29921875 0.05234375 0.046875
0 0.86328125 0.24921875 0.053125 0.0484375
1 0.18046875 0.5484375 0.05234375 0.04921875
0 0.34375 0.734375 0.05234375 0.04765625
0 0.71328125 0.6375 0.05234375 0.046875
1 0.1734375 0.6453125 0.05390625 0.0484375
1 0.3859375 0.3390625 0.05234375 0.04921875
1 0.12890625 0.33984375 0.053125 0.04921875
0 0.6 0.19453125 0.04921875 0.04609375
1 0.759375 0.3546875 0.053125 0.0484375
1 0.3390625 0.24609375 0.0515625 0.04765625
0 0.91015625 0.296875 0.05234375 0.04765625
0 0.5484375 0.14765625 0.05234375 0.046875
0 0.1203125 0.6953125 0.053125 0.04765625
0 0.18515625 0.7390625 0.05390625 0.04921875
0 0.82421875 0.746875 0.05234375 0.04765625
0 0.9140625 0.2515625 0.0515625 0.0484375
0 0.77421875 0.73828125 0.0546875 0.0484375
1 0.7625 0.24375 0.0515625 0.046875
0 0.55 0.09765625 0.05234375 0.04921875
1 0.2328125 0.24375 0.053125 0.046875
0 0.49921875 0.0953125 0.05078125 0.04765625
0 0.8578125 0.3515625 0.0515625 0.046875
1 0.43984375 0.2 0.05 0.046875
1 0.38984375 0.196875 0.0515625 0.04765625
0 0.12421875 0.290625 0.05390625 0.0484375
1 0.59140625 0.64609375 0.05234375 0.0484375
1 0.17265625 0.6921875 0.05546875 0.05
1 0.81171875 0.2515625 0.05234375 0.0484375
0 0.1859375 0.13359375 0.0546875 0.0484375
1 0.496875 0.14765625 0.05078125 0.046875
0 0.5015625 0.69375 0.05234375 0.046875
1 0.7015625 0.20390625 0.0515625 0.0484375
0 0.078125 0.3359375 0.053125 0.04921875
0 0.17890625 0.17890625 0.05546875 0.04921875
1 0.44609375 0.1515625 0.053125 0.0484375
1 0.228125 0.196875 0.0546875 0.0484375
1 0.33828125 0.19921875 0.0515625 0.04765625
0 0.0234375 0.48671875 0.046875 0.0484375
0 0.3953125 0.740625 0.0515625 0.04609375
1 0.76640625 0.6359375 0.053125 0.0484375
0 0.759375 0.153125 0.05078125 0.04765625
1 0.17734375 0.79375 0.05546875 0.05
1 0.75078125 0.1984375 0.0515625 0.0484375
1 0.81875 0.7 0.053125 0.0484375
1 0.24140625 0.1421875 0.053125 0.04921875
1 0.3296875 0.7796875 0.05390625 0.05078125
0 0.228125 0.78203125 0.05234375 0.046875
1 0.0234375 0.5328125 0.046875 0.05
0 0.1296875 0.746875 0.05390625 0.04765625
0 0.02578125 0.440625 0.0515625 0.0484375
1 0.853125 0.20234375 0.05234375 0.04921875
1 0.87421875 0.7453125 0.053125 0.0484375
0 0.81015625 0.15859375 0.05234375 0.0484375
1 0.44375 0.09140625 0.0515625 0.05
0 0.17890625 0.08671875 0.0546875 0.046875
1 0.8640625 0.653125 0.05390625 0.04921875
1 0.2390625 0.0953125 0.053125 0.0484375
0 0.28046875 0.78671875 0.05234375 0.0484375
0 0.6515625 0.74453125 0.05234375 0.046875
1 0.8953125 0.78828125 0.053125 0.0484375
0 0.71015625 0.14296875 0.0515625 0.0484375
1 0.91328125 0.20390625 0.05234375 0.04921875
0 0.84921875 0.80625 0.053125 0.04765625
1 0.5 0.03828125 0.0515625 0.05
0 0.95625 0.34765625 0.053125 0.0484375
0 0.5515625 0.05078125 0.05234375 0.04765625
0 0.9125 0.396875 0.05234375 0.04765625
1 0.44765625 0.0375 0.05078125 0.04921875
1 0.165625 0.8390625 0.05625 0.05
0 0.78828125 0.80859375 0.053125 0.04765625
0 0.18203125 0.040625 0.053125 0.046875
1 0.940625 0.809375 0.05390625 0.05
1 0.234375 0.03828125 0.053125 0.04921875