0 0.61953125 0.43359375 0.0515625 0.05
1 0.3984375 0.4875 0.05234375 0.05
1 0.34921875 0.50078125 0.0546875 0.05
1 0.41171875 0.38984375 0.0515625 0.05078125
1 0.45703125 0.540625 0.05234375 0.05078125
1 0.39375 0.4375 0.05 0.04765625
1 0.24453125 0.38671875 0.05390625 0.0515625
1 0.44921875 0.590625 0.05234375 0.04921875
1 0.39921875 0.58671875 0.053125 0.05
1 0.4609375 0.39375 0.05234375 0.05
1 0.40390625 0.33671875 0.053125 0.0515625
1 0.24453125 0.4828125 0.05234375 0.04921875
1 0.4515625 0.640625 0.05234375 0.0515625
1 0.45078125 0.68828125 0.05234375 0.05078125
1 0.5109375 0.38984375 0.053125 0.0515625
1 0.40390625 0.2765625 0.053125 0.05234375
1 0.24375 0.434375 0.053125 0.05
1 0.553125 0.70234375 0.0515625 0.05078125
1 0.5 0.5921875 0.0515625 0.0484375
1 0.25 0.53046875 0.05234375 0.04921875
1 0.30234375 0.28046875 0.053125 0.053125
1 0.35234375 0.28046875 0.0515625 0.05078125
0 0.6609375 0.2984375 0.053125 0.0484375
0 0.67578125 0.4921875 0.0546875 0.05
0 0.709375 0.34140625 0.053125 0.05
1 0.19375 0.3921875 0.05234375 0.05078125
1 0.1453125 0.28515625 0.053125 0.05078125
0 0.7578125 0.4 0.05390625 0.04921875
1 0.45546875 0.23125 0.053125 0.0515625
1 0.603125 0.75 0.053125 0.05078125
1 0.39921875 0.69609375 0.053125 0.05078125
1 0.50546875 0.2859375 0.053125 0.0515625
1 0.140625 0.334375 0.05390625 0.0515625
1 0.4546875 0.490625 0.0515625 0.04921875
1 0.36015625 0.23046875 0.05390625 0.05
1 0.553125 0.7609375 0.05234375 0.05078125
1 0.60234375 0.80546875 0.053125 0.0515625
1 0.2984375 0.6421875 0.053125 0.05078125
1 0.65625 0.75 0.053125 0.05078125
1 0.4453125 0.80859375 0.053125 0.0515625
1 0.3984375 0.753125 0.05390625 0.0515625
1 0.5109375 0.2328125 0.053125 0.0515625
1 0.70703125 0.75859375 0.053125 0.0515625
1 0.2484375 0.178125 0.053125 0.05234375
0 0.65546875 0.18125 0.053125 0.05
0 0.67734375 0.553125 0.05390625 0.04921875
1 0.715625 0.7046875 0.05390625 0.05
1 0.29921875 0.1234375 0.05234375 0.05078125
0 0.8140625 0.50546875 0.05390625 0.04921875
0 0.803125 0.44765625 0.0546875 0.0515625
1 0.09140625 0.23359375 0.053125 0.05234375
0 0.9203125 0.44921875 0.05390625 0.05078125
1 0.1890625 0.53984375 0.053125 0.05078125
1 0.459375 0.18203125 0.05234375 0.05078125
1 0.65625 0.81171875 0.05234375 0.05
1 0.3484375 0.646875 0.05234375 0.05
0 0.66953125 0.6015625 0.05390625 0.04921875
0 0.87421875 0.503125 0.053125 0.05
0 0.56328125 0.39375 0.0546875 0.05078125
1 0.71328125 0.8609375 0.0546875 0.05078125
1 0.1421875 0.38359375 0.053125 0.0515625
1 0.50546875 0.8578125 0.05390625 0.05078125
1 0.2484375 0.1296875 0.053125 0.05234375
0 0.55625 0.28984375 0.053125 0.05
0 0.8203125 0.35 0.053125 0.05078125
1 0.39453125 0.80390625 0.053125 0.05078125
1 0.36328125 0.1828125 0.053125 0.05
1 0.34921875 0.13125 0.05234375 0.05078125
0 0.71875 0.65703125 0.0546875 0.05078125
1 0.453125 0.85859375 0.05078125 0.05078125
0 0.9734375 0.4046875 0.0515625 0.05
0 0.615625 0.1359375 0.05390625 0.04921875
1 0.49921875 0.1328125 0.05234375 0.0515625
0 0.71015625 0.2328125 0.05390625 0.04921875
0 0.5609375 0.55 0.0546875 0.0484375
1 0.60859375 0.85390625 0.05390625 0.05
0 0.4953125 0.44453125 0.053125 0.05
1 0.553125 0.13125 0.05234375 0.05078125
0 0.921875 0.56171875 0.05234375 0.05
0 0.56640625 0.49921875 0.05234375 0.05078125
0 0.61953125 0.65390625 0.053125 0.04765625
0 0.29609375 0.484375 0.05390625 0.05078125
1 0.08515625 0.2828125 0.053125 0.0515625
0 0.44375 0.44609375 0.05078125 0.05078125
1 0.09140625 0.1265625 0.053125 0.05234375
1 0.140625 0.13203125 0.053125 0.0515625
1 0.7171875 0.91171875 0.0546875 0.0515625
0 0.6609375 0.7 0.0546875 0.0515625
0 0.56015625 0.3453125 0.05390625 0.05078125
1 0.2984375 0.0765625 0.053125 0.05078125
0 0.9578125 0.4875 0.053125 0.0515625
0 0.5625 0.23515625 0.0546875 0.05078125
1 0.18515625 0.5984375 0.05390625 0.0515625
0 0.5078125 0.49609375 0.05390625 0.04921875
0 0.88046875 0.33828125 0.05390625 0.05
1 0.54609375 0.9171875 0.05390625 0.05078125
0 0.82265625 0.396875 0.05390625 0.05
1 0.24765625 0.6546875 0.05390625 0.05
0 0.7640625 0.73828125 0.05546875 0.0515625
0 0.76796875 0.68984375 0.05546875 0.05078125
0 0.5671875 0.1859375 0.053125 0.05078125
1 0.5578125 0.08046875 0.0515625 0.04921875
0 0.50703125 0.5453125 0.05234375 0.04921875
0 0.83125 0.81171875 0.05390625 0.05
0 0.97578125 0.296875 0.0484375 0.053125
0 0.4546875 0.2796875 0.053125 0.0515625
0 0.55078125 0.6046875 0.0515625 0.04765625
0 0.7125 0.18359375 0.0546875 0.0515625
0 0.24296875 0.59921875 0.0546875 0.05078125
0 0.30234375 0.228125 0.05234375 0.05234375
0 0.778125 0.8015625 0.0546875 0.0515625
0 0.4546875 0.34453125 0.0546875 0.0515625
0 0.9234375 0.81953125 0.05625 0.0515625
0 0.93125 0.3390625 0.053125 0.05078125
0 0.4984375 0.653125 0.053125 0.05
0 0.3046875 0.17265625 0.0546875 0.05234375
0 0.87734375 0.23828125 0.0546875 0.05
0 0.25234375 0.28125 0.0546875 0.053125
1 0.03671875 0.17109375 0.053125 0.05
0 0.29296875 0.42734375 0.0515625 0.05078125
0 0.35234375 0.33671875 0.0546875 0.05078125
1 0.04140625 0.21796875 0.0515625 0.04765625
0 0.1953125 0.28984375 0.05390625 0.05234375
0 0.7078125 0.80625 0.05625 0.05234375
0 0.50625 0.340625 0.05390625 0.05
1 0.49296875 0.90703125 0.05390625 0.0515625
0 0.60390625 0.70078125 0.0546875 0.05
0 0.87890625 0.8640625 0.0546875 0.05078125
1 0.771875 0.08984375 0.053125 0.05
0 0.4 0.53671875 0.05078125 0.05234375
1 0.8234375 0.1421875 0.05234375 0.05078125
0 0.359375 0.384375 0.053125 0.0515625
0 0.7671875 0.86328125 0.05625 0.0515625
0 0.509375 0.18359375 0.0546875 0.05078125
0 0.19609375 0.3375 0.05390625 0.05234375
0 0.246875 0.33828125 0.0546875 0.0515625
0 0.44921875 0.7484375 0.05234375 0.05234375
0 0.25078125 0.23203125 0.0546875 0.05234375
0 0.97578125 0.2484375 0.0484375 0.05390625
0 0.090625 0.18203125 0.05390625 0.0515625
0 0.34453125 0.43515625 0.05390625 0.0515625
1 0.503125 0.078125 0.05234375 0.05
0 0.5515625 0.653125 0.053125 0.05
1 0.1859375 0.75625 0.05390625 0.05234375
0 0.61484375 0.0796875 0.0546875 0.05
0 0.34609375 0.596875 0.05390625 0.05078125
0 0.3 0.54375 0.0546875 0.0515625
0 0.19375 0.2390625 0.05390625 0.05234375
1 0.184375 0.69921875 0.05390625 0.05234375
0 0.14375 0.2296875 0.0546875 0.05234375
0 0.5015625 0.7015625 0.05546875 0.05078125
0 0.8265625 0.1921875 0.053125 0.05078125
1 0.8734375 0.13671875 0.05234375 0.05234375
0 0.35 0.54765625 0.053125 0.0484375
0 0.775 0.1859375 0.0546875 0.05078125
1 0.03984375 0.1234375 0.05390625 0.053125
0 0.1984375 0.18515625 0.05390625 0.053125
0 0.29453125 0.59375 0.0546875 0.05078125
0 0.19765625 0.13359375 0.05546875 0.05234375
0 0.76796875 0.9171875 0.0546875 0.05078125
0 0.30078125 0.33125 0.0546875 0.05234375
0 0.24765625 0.0703125 0.05078125 0.05
0 0.19765625 0.07890625 0.05390625 0.0515625
1 0.8265625 0.09375 0.053125 0.05078125
0 0.14765625 0.18125 0.05546875 0.053125
0 0.71796875 0.13515625 0.0546875 0.05
0 0.878125 0.19140625 0.05390625 0.05078125
0 0.771875 0.13828125 0.05390625 0.04921875
0 0.3 0.37890625 0.0546875 0.05234375
0 0.928125 0.22890625 0.05390625 0.05390625
0 0.66953125 0.0796875 0.0546875 0.0484375
0 0.1453125 0.0796875 0.05234375 0.0515625
0 0.50078125 0.75703125 0.05390625 0.05
0 0.55 0.81015625 0.05546875 0.05078125
1 0.92578125 0.1328125 0.05234375 0.0515625
0 0.55625 0.86015625 0.05546875 0.05078125
0 0.496875 0.8078125 0.05234375 0.05
0 0.60859375 0.03046875 0.053125 0.04921875
1 0.7171875 0.03515625 0.0515625 0.0484375
1 0.7046875 0.9625 0.0546875 0.053125
1 0.12890625 0.80390625 0.05390625 0.0515625
0 0.04296875 0.0734375 0.053125 0.053125
0 0.71953125 0.08515625 0.05390625 0.05
1 0.6671875 0.0296875 0.0515625 0.0484375
0 0.3015625 0.028125 0.05078125 0.0484375
1 0.8296875 0.034375 0.053125 0.04921875
0 0.93046875 0.9234375 0.05546875 0.05078125
0 0.928125 0.18125 0.0546875 0.05234375
1 0.653125 0.96796875 0.053125 0.05234375
1 0.35234375 0.0328125 0.05234375 0.04921875
0 0.09375 0.078125 0.05546875 0.053125
1 0.5578125 0.028125 0.0515625 0.04921875
1 0.97578125 0.128125 0.0484375 0.05
1 0.7734375 0.0328125 0.0515625 0.05
1 0.12421875 0.86015625 0.0546875 0.05234375
1 0.97578125 0.19140625 0.0484375 0.0515625
0 0.25 0.02265625 0.0515625 0.0453125
1 0.6 0.96953125 0.05390625 0.0515625
1 0.54453125 0.96640625 0.05390625 0.04921875
0 0.7625 0.9765625 0.05546875 0.046875
1 0.29296875 0.90234375 0.05390625 0.0515625
1 0.1765625 0.89921875 0.053125 0.0515625
1 0.9234375 0.03046875 0.053125 0.04921875
0 0.92890625 0.97421875 0.0546875 0.04921875