0 0.40234375 0.70078125 0.0515625 0.053125
1 0.14765625 0.55 0.05078125 0.05078125
0 0.35234375 0.65 0.0515625 0.05078125
0 0.4515625 0.55 0.05078125 0.05078125
0 0.40078125 0.60078125 0.05078125 0.05
0 0.6515625 0.5515625 0.05 0.05
0 0.60078125 0.5515625 0.04921875 0.05
0 0.4515625 0.7515625 0.05 0.05
0 0.5515625 0.50078125 0.0515625 0.0515625
0 0.55234375 0.65078125 0.05078125 0.05078125
0 0.3015625 0.7 0.05234375 0.0515625
0 0.3015625 0.7515625 0.05234375 0.05078125
0 0.25 0.69921875 0.0515625 0.05234375
0 0.703125 0.60234375 0.0515625 0.05078125
0 0.503125 0.8015625 0.05234375 0.05078125
0 0.603125 0.7015625 0.05 0.0515625
0 0.35 0.54921875 0.05078125 0.05078125
0 0.353125 0.85078125 0.05078125 0.04921875
0 0.2515625 0.8 0.05078125 0.05
0 0.90390625 0.7546875 0.05 0.04921875
0 0.503125 0.7515625 0.0515625 0.05078125
0 0.85390625 0.70390625 0.05078125 0.05078125
0 0.6515625 0.45 0.05 0.05078125
0 0.55390625 0.7515625 0.04921875 0.05
0 0.653125 0.70234375 0.04921875 0.05234375
0 0.20078125 0.75 0.05078125 0.05078125
0 0.44921875 0.4484375 0.0515625 0.05078125
0 0.60078125 0.45 0.05 0.05078125
0 0.753125 0.6015625 0.04921875 0.04921875
0 0.80390625 0.60234375 0.04921875 0.05078125
0 0.70390625 0.70234375 0.0515625 0.05234375
1 0.15078125 0.6984375 0.05 0.05078125
0 0.25 0.64921875 0.05234375 0.05078125
0 0.70234375 0.5015625 0.0515625 0.0515625
0 0.4 0.49921875 0.05234375 0.05234375
0 0.85390625 0.65234375 0.05078125 0.05078125
0 0.45390625 0.8515625 0.05078125 0.05
0 0.35 0.446875 0.0515625 0.05078125
0 0.653125 0.803125 0.05078125 0.0515625
0 0.40078125 0.55 0.0515625 0.0515625
0 0.1515625 0.8 0.0515625 0.0515625
0 0.2015625 0.8 0.05078125 0.05078125
0 0.8046875 0.75390625 0.05 0.05
1 0.9546875 0.4515625 0.05078125 0.05234375
0 0.8546875 0.80390625 0.05 0.05
0 0.80546875 0.80390625 0.05078125 0.05
0 0.24921875 0.5984375 0.053125 0.05
1 0.196875 0.49765625 0.05 0.053125
1 0.24609375 0.39765625 0.05 0.05078125
1 0.04921875 0.75 0.0484375 0.0515625
0 0.753125 0.55234375 0.05078125 0.0515625
0 0.24921875 0.5484375 0.053125 0.0515625
0 0.6546875 0.85078125 0.05078125 0.05078125
0 0.40390625 0.9015625 0.0515625 0.0515625
0 0.90390625 0.603125 0.05078125 0.0515625
0 0.703125 0.753125 0.05234375 0.05
0 0.44921875 0.3984375 0.05234375 0.05
0 0.60078125 0.39921875 0.05078125 0.0515625
0 0.39921875 0.3484375 0.05234375 0.05234375
0 0.7046875 0.803125 0.05234375 0.0515625
0 0.90546875 0.853125 0.0515625 0.05
0 0.853125 0.5015625 0.05078125 0.053125
0 0.55 0.35 0.05234375 0.05234375
0 0.803125 0.5015625 0.05078125 0.053125
1 0.2484375 0.4984375 0.0546875 0.053125
0 0.35 0.3984375 0.05234375 0.05078125
0 0.753125 0.50078125 0.05078125 0.053125
0 0.9546875 0.7046875 0.05 0.053125
0 0.29765625 0.396875 0.053125 0.053125
0 0.44921875 0.34921875 0.05234375 0.053125
0 0.9546875 0.80546875 0.04921875 0.05078125
0 0.7046875 0.8515625 0.05234375 0.0515625
0 0.753125 0.45078125 0.0515625 0.05234375
1 0.2453125 0.29453125 0.04921875 0.05078125
0 0.75625 0.85234375 0.05078125 0.05078125
0 0.49921875 0.35 0.05390625 0.05390625
1 0.10078125 0.75078125 0.053125 0.0515625
1 0.1984375 0.59921875 0.05 0.05
0 0.34921875 0.3484375 0.053125 0.05234375
0 0.753125 0.4 0.0515625 0.0515625
1 0.2453125 0.34609375 0.04921875 0.04921875
1 0.19609375 0.5484375 0.0484375 0.04921875
0 0.04921875 0.7984375 0.0515625 0.0515625
0 0.15234375 0.8484375 0.05078125 0.05078125
0 0.85234375 0.4515625 0.0515625 0.0515625
1 0.603125 0.6515625 0.05 0.05078125
0 0.29765625 0.34609375 0.053125 0.05
1 0.903125 0.3515625 0.05078125 0.05078125
1 0.49921875 0.4 0.0515625 0.0515625
1 0.70234375 0.45 0.05234375 0.05234375
0 0.34921875 0.29609375 0.05390625 0.053125
1 0.29921875 0.446875 0.053125 0.0515625
1 0.30078125 0.4984375 0.05390625 0.05390625
1 0.1984375 0.65 0.04921875 0.05
1 0.2953125 0.2953125 0.05078125 0.0515625
1 0.35 0.4984375 0.04921875 0.05234375
1 0.70234375 0.40078125 0.05 0.05078125
1 0.9015625 0.40234375 0.05078125 0.05234375
1 0.3 0.5484375 0.05078125 0.05
1 0.55 0.39921875 0.04921875 0.05
0 0.7046875 0.9015625 0.053125 0.053125
1 0.80390625 0.653125 0.05078125 0.05078125
1 0.15 0.75078125 0.05 0.0515625
1 0.9046875 0.4515625 0.0515625 0.053125
1 0.64921875 0.29765625 0.05 0.05
1 0.29609375 0.24453125 0.05234375 0.05078125
1 0.85078125 0.29921875 0.04921875 0.05
1 0.903125 0.503125 0.05 0.053125
1 0.30078125 0.6515625 0.05234375 0.0515625
0 0.95390625 0.6546875 0.04921875 0.05234375
1 0.60078125 0.35078125 0.0484375 0.05
1 0.19921875 0.70078125 0.04921875 0.0546875
0 0.5 0.29921875 0.0546875 0.0515625
1 0.8515625 0.40078125 0.0484375 0.05
0 0.346875 0.2453125 0.04921875 0.05078125
0 0.39765625 0.24609375 0.05390625 0.0515625
1 0.803125 0.4015625 0.05 0.05078125
1 0.803125 0.45234375 0.0515625 0.053125
1 0.7515625 0.3515625 0.05 0.0515625
1 0.65078125 0.40078125 0.05078125 0.05234375
1 0.85234375 0.3515625 0.05 0.05078125
1 0.7515625 0.2984375 0.05 0.05078125
1 0.3515625 0.6 0.05234375 0.05234375
1 0.65 0.35 0.05078125 0.0515625
1 0.54921875 0.24609375 0.05 0.04765625
1 0.44765625 0.2984375 0.05078125 0.0515625
0 0.10078125 0.84921875 0.05234375 0.0515625
1 0.7 0.24765625 0.05 0.05
1 0.85078125 0.24921875 0.04765625 0.04921875
1 0.55390625 0.70390625 0.0515625 0.0515625
1 0.55 0.2984375 0.05 0.05078125
1 0.3 0.5984375 0.0515625 0.05078125
1 0.80390625 0.553125 0.04921875 0.05078125
1 0.10078125 0.8015625 0.0515625 0.04921875
0 0.80234375 0.35078125 0.0515625 0.05078125
1 0.903125 0.553125 0.05078125 0.05078125
0 0.49921875 0.246875 0.0546875 0.053125
1 0.85234375 0.60390625 0.0484375 0.0515625
0 0.05 0.8484375 0.05078125 0.0515625
1 0.5484375 0.196875 0.05078125 0.05
1 0.44921875 0.2453125 0.05078125 0.05
0 0.40390625 0.95234375 0.05 0.05
1 0.90546875 0.90390625 0.05234375 0.05078125
0 0.4546875 0.95234375 0.04921875 0.04921875
0 0.70546875 0.953125 0.05234375 0.05078125
0 0.44765625 0.196875 0.053125 0.05390625
0 0.75625 0.95390625 0.04921875 0.05
1 0.34609375 0.1953125 0.05 0.05078125
0 0.9546875 0.55390625 0.05 0.0515625
1 0.85390625 0.553125 0.04921875 0.0515625
1 0.853125 0.853125 0.05 0.05
1 0.75625 0.803125 0.05078125 0.05
0 0.39765625 0.1953125 0.0546875 0.05390625
1 0.55546875 0.803125 0.05234375 0.05078125
1 0.4984375 0.19609375 0.05234375 0.0515625
1 0.4546875 0.9015625 0.0515625 0.05078125
0 0.29609375 0.19453125 0.0546875 0.053125
1 0.55546875 0.90234375 0.0515625 0.04921875
1 0.60625 0.9 0.05078125 0.05
1 0.60390625 0.80078125 0.0484375 0.04765625
1 0.60546875 0.8515625 0.05078125 0.0515625
1 0.5546875 0.9515625 0.04765625 0.0515625
1 0.65390625 0.75390625 0.0515625 0.05234375
1 0.80546875 0.9015625 0.05078125 0.05078125
1 0.50546875 0.85234375 0.053125 0.05078125
1 0.80546875 0.85546875 0.05 0.0515625
1 0.60390625 0.75234375 0.05 0.05078125
1 0.5046875 0.9 0.05390625 0.05
1 0.34765625 0.14453125 0.05234375 0.05078125
1 0.6578125 0.9546875 0.053125 0.05390625
1 0.39765625 0.14453125 0.05 0.05078125
1 0.446875 0.14609375 0.04921875 0.04921875
1 0.14453125 0.24375 0.05 0.05
1 0.80546875 0.95390625 0.0484375 0.05078125
1 0.7578125 0.903125 0.0515625 0.05234375
1 0.65546875 0.903125 0.053125 0.05234375
1 0.19375 0.1421875 0.05078125 0.05
1 0.6484375 0.14765625 0.04921875 0.04921875
1 0.8015625 0.1484375 0.04921875 0.05
0 0.9546875 0.603125 0.05 0.05078125