1 0.4359375 0.79375 0.0703125 0.0609375
0 0.15625 0.8078125 0.07265625 0.05703125
0 0.078125 0.79609375 0.07421875 0.0578125
0 0.2265625 0.8 0.0734375 0.05859375
1 0.540625 0.7796875 0.071875 0.0578125
1 0.61796875 0.7828125 0.07109375 0.05703125
0 0.76015625 0.7953125 0.07109375 0.05625
0 0.840625 0.7828125 0.06953125 0.05703125
0 0.29765625 0.79921875 0.06953125 0.05625
0 0.91953125 0.78515625 0.071875 0.05703125
0 0.6890625 0.78671875 0.07109375 0.05703125
0 0.365625 0.78671875 0.07109375 0.05703125
1 0.22578125 0.73984375 0.07109375 0.0578125
0 0.1546875 0.74296875 0.0734375 0.05859375
0 0.0765625 0.740625 0.07265625 0.05703125
1 0.3 0.734375 0.0703125 0.0578125
1 0.37265625 0.73125 0.0703125 0.05625
0 0.90234375 0.728125 0.07109375 0.05625
1 0.453125 0.7390625 0.0703125 0.05546875
1 0.73515625 0.6703125 0.06953125 0.05703125
0 0.1484375 0.68984375 0.071875 0.05546875
1 0.60625 0.7265625 0.06875 0.05703125
1 0.08515625 0.50078125 0.06796875 0.05546875
1 0.81953125 0.6203125 0.0671875 0.05703125
0 0.7484375 0.72734375 0.07109375 0.05625
0 0.22890625 0.684375 0.071875 0.05546875
0 0.8171875 0.6765625 0.06875 0.0546875
1 0.665625 0.6734375 0.06875 0.05546875
1 0.52265625 0.7265625 0.0703125 0.05546875
0 0.07734375 0.63125 0.07109375 0.05625
1 0.153125 0.51015625 0.06953125 0.05546875
0 0.07890625 0.6875 0.071875 0.05703125
1 0.2984375 0.6796875 0.06875 0.05546875
1 0.21953125 0.56875 0.06875 0.0546875
1 0.36796875 0.67890625 0.0703125 0.05625
0 0.6796875 0.7296875 0.07109375 0.05703125
1 0.4515625 0.684375 0.0703125 0.05625
0 0.8953125 0.67578125 0.071875 0.05703125
1 0.29296875 0.565625 0.06953125 0.05546875
1 0.528125 0.675 0.0703125 0.05703125
1 0.59921875 0.62421875 0.0703125 0.05625
1 0.73515625 0.575 0.0703125 0.05546875
1 0.4375 0.628125 0.07109375 0.05625
0 0.215625 0.63203125 0.06953125 0.0546875
0 0.08203125 0.57109375 0.0703125 0.0546875
1 0.2234375 0.51796875 0.0703125 0.05625
1 0.15390625 0.41015625 0.0671875 0.053125
1 0.153125 0.4609375 0.06875 0.0546875
1 0.5140625 0.615625 0.06875 0.05625
0 0.284375 0.6265625 0.06953125 0.0546875
1 0.359375 0.6234375 0.0703125 0.05546875
1 0.778125 0.3609375 0.06484375 0.05078125
1 0.79765625 0.56171875 0.0671875 0.053125
1 0.6546875 0.584375 0.0703125 0.05390625
0 0.0640625 0.45234375 0.0703125 0.05390625
0 0.15234375 0.5671875 0.0703125 0.053125
1 0.3578125 0.51875 0.06875 0.05546875
1 0.65625 0.4828125 0.06796875 0.05234375
1 0.2265625 0.4625 0.06875 0.05390625
1 0.71171875 0.365625 0.065625 0.0515625
0 0.88828125 0.6203125 0.07109375 0.05390625
0 0.67109375 0.5328125 0.06796875 0.053125
0 0.2203125 0.4109375 0.06796875 0.05234375
1 0.4984375 0.5609375 0.06796875 0.053125
1 0.571875 0.515625 0.06875 0.05390625
0 0.42890625 0.57421875 0.06875 0.05234375
1 0.271875 0.20625 0.06484375 0.05
1 0.28046875 0.3546875 0.065625 0.05234375
1 0.64375 0.425 0.0671875 0.05390625
1 0.5828125 0.46484375 0.06796875 0.053125
0 0.13828125 0.3609375 0.06796875 0.05234375
0 0.36015625 0.57109375 0.0703125 0.05390625
1 0.29140625 0.5109375 0.06875 0.0546875
1 0.45078125 0.46796875 0.0671875 0.05390625
1 0.3765625 0.47109375 0.06875 0.0546875
1 0.5875 0.5671875 0.06953125 0.0546875
1 0.30859375 0.4625 0.06875 0.0546875
1 0.29609375 0.40703125 0.0671875 0.0546875
0 0.43671875 0.521875 0.06796875 0.05234375
0 0.20625 0.3609375 0.06875 0.0515625
0 0.73515625 0.51484375 0.06796875 0.053125
1 0.56640625 0.41640625 0.06796875 0.05234375
0 0.80546875 0.51015625 0.06640625 0.05
0 0.7875 0.4109375 0.06640625 0.0515625
0 0.50546875 0.509375 0.06875 0.05078125
1 0.3421875 0.32109375 0.06640625 0.05234375
1 0.41171875 0.1625 0.065625 0.04921875
1 0.27734375 0.3015625 0.065625 0.05078125
0 0.0671875 0.2515625 0.06640625 0.05078125
1 0.63125 0.31328125 0.065625 0.05234375
1 0.26796875 0.1578125 0.065625 0.04921875
1 0.49375 0.22109375 0.06484375 0.05234375
1 0.35859375 0.4203125 0.0671875 0.053125
1 0.4125 0.26953125 0.065625 0.05078125
1 0.5484375 0.16640625 0.065625 0.05078125
1 0.36875 0.371875 0.065625 0.05390625
0 0.88046875 0.56953125 0.0703125 0.05390625
1 0.4921875 0.41171875 0.0671875 0.053125
1 0.33671875 0.26875 0.06640625 0.05234375
1 0.42578125 0.41953125 0.06796875 0.053125
0 0.125 0.3140625 0.0671875 0.04921875
0 0.90546875 0.32578125 0.06640625 0.05234375
1 0.628125 0.2140625 0.06484375 0.05
1 0.41640625 0.32265625 0.06640625 0.0515625
0 0.84609375 0.3515625 0.065625 0.0515625
1 0.6375 0.26328125 0.06484375 0.0515625
0 0.20234375 0.3046875 0.0671875 0.0515625
1 0.4953125 0.26875 0.065625 0.05078125
1 0.44453125 0.37265625 0.06640625 0.053125
1 0.57421875 0.3671875 0.065625 0.05234375
0 0.13671875 0.2046875 0.06640625 0.04921875
1 0.57734375 0.27890625 0.06484375 0.05234375
0 0.7203125 0.46328125 0.0671875 0.05078125
1 0.55546875 0.321875 0.06484375 0.05234375
0 0.696875 0.3171875 0.06484375 0.04921875
1 0.5078125 0.365625 0.06484375 0.05078125
1 0.56640625 0.2296875 0.0640625 0.05078125
0 0.72109375 0.4140625 0.0671875 0.05078125
0 0.2703125 0.253125 0.06484375 0.05
0 0.896875 0.2375 0.065625 0.05
0 0.51640625 0.459375 0.06953125 0.05234375
0 0.7640625 0.31328125 0.06640625 0.0484375
1 0.48984375 0.31953125 0.0671875 0.05078125
0 0.8328125 0.2015625 0.06484375 0.0484375
0 0.20625 0.20703125 0.0671875 0.04765625
0 0.20546875 0.25546875 0.0671875 0.05078125
0 0.75625 0.2125 0.0640625 0.05
0 0.621875 0.1625 0.06484375 0.04921875
0 0.69296875 0.22265625 0.06484375 0.0484375
0 0.7640625 0.16328125 0.0640625 0.04921875
0 0.69765625 0.165625 0.06484375 0.04921875
0 0.7078125 0.26953125 0.06484375 0.05
1 0.63984375 0.36640625 0.06484375 0.053125