1 0.55859375 0.51875 0.046875 0.05703125
0 0.21015625 0.4953125 0.04921875 0.0515625
0 0.21328125 0.54609375 0.04765625 0.05078125
0 0.26171875 0.48515625 0.04765625 0.05078125
1 0.5109375 0.521875 0.05 0.053125
0 0.16796875 0.58125 0.04921875 0.0515625
0 0.12109375 0.5328125 0.04765625 0.053125
0 0.16484375 0.4859375 0.04921875 0.053125
1 0.40234375 0.5671875 0.0515625 0.05390625
0 0.11640625 0.6328125 0.04921875 0.0515625
0 0.21171875 0.59453125 0.04765625 0.04921875
1 0.453125 0.5328125 0.05078125 0.05234375
0 0.284375 0.44296875 0.04921875 0.053125
1 0.3578125 0.50390625 0.0515625 0.05546875
0 0.23203125 0.44609375 0.04765625 0.0546875
0 0.26171875 0.58515625 0.0484375 0.05078125
1 0.60859375 0.4734375 0.053125 0.0546875
0 0.11875 0.58203125 0.04921875 0.05234375
1 0.3578125 0.58125 0.0515625 0.053125
1 0.2546875 0.7421875 0.05078125 0.053125
1 0.509375 0.7859375 0.05078125 0.05390625
0 0.20078125 0.29140625 0.0484375 0.05234375
1 0.66484375 0.64296875 0.05234375 0.0546875
0 0.2640625 0.24453125 0.05 0.05234375
1 0.62421875 0.678125 0.05234375 0.05390625
0 0.4 0.29140625 0.04765625 0.05078125
1 0.4796875 0.4375 0.0484375 0.05390625
0 0.07265625 0.5359375 0.0484375 0.053125
0 0.16171875 0.68125 0.0484375 0.053125
0 0.30546875 0.29375 0.04765625 0.0515625
0 0.25 0.2875 0.0484375 0.05078125
1 0.703125 0.6765625 0.05078125 0.05390625
0 0.11640625 0.6859375 0.05 0.053125
1 0.29140625 0.68359375 0.0515625 0.05390625
1 0.659375 0.5859375 0.053125 0.05390625
0 0.31015625 0.5828125 0.0484375 0.053125
0 0.31015625 0.34375 0.0484375 0.05
0 0.40546875 0.34375 0.046875 0.04921875
1 0.56328125 0.778125 0.05234375 0.05390625
1 0.5640625 0.30390625 0.05234375 0.05546875
0 0.3625 0.24921875 0.046875 0.05234375
1 0.478125 0.621875 0.0484375 0.05078125
1 0.30625 0.634375 0.05078125 0.053125
0 0.12421875 0.74453125 0.04921875 0.0546875
1 0.43359375 0.4390625 0.05078125 0.05234375
1 0.65625 0.7296875 0.05078125 0.05390625
0 0.1703125 0.2421875 0.04765625 0.0515625
1 0.653125 0.534375 0.05234375 0.0515625
1 0.48984375 0.5734375 0.05 0.05234375
0 0.35859375 0.3484375 0.046875 0.0484375
1 0.45390625 0.721875 0.05 0.053125
0 0.21640625 0.24609375 0.0484375 0.053125
0 0.66328125 0.38671875 0.04921875 0.05
0 0.41171875 0.24765625 0.046875 0.0515625
1 0.6078125 0.72578125 0.053125 0.0546875
1 0.33125 0.44140625 0.0515625 0.05546875
1 0.2109375 0.6953125 0.0515625 0.0546875
1 0.40859375 0.39375 0.05078125 0.05234375
1 0.36015625 0.4015625 0.0515625 0.0546875
1 0.44921875 0.48359375 0.04921875 0.05
1 0.2921875 0.7921875 0.0515625 0.053125
1 0.41171875 0.7453125 0.05078125 0.053125
1 0.61640625 0.39296875 0.0515625 0.05546875
1 0.70390625 0.7328125 0.0515625 0.0546875
1 0.796875 0.459375 0.05234375 0.0546875
1 0.746875 0.4875 0.05078125 0.0546875
1 0.74765625 0.6296875 0.05390625 0.0546875
0 0.171875 0.1921875 0.0484375 0.05234375
1 0.4078125 0.7984375 0.05234375 0.05390625
1 0.61015625 0.7765625 0.0515625 0.053125
1 0.45625 0.778125 0.05234375 0.05546875
1 0.465625 0.83828125 0.05234375 0.05390625
1 0.259375 0.6359375 0.05078125 0.053125
1 0.7015625 0.5015625 0.05078125 0.053125
0 0.709375 0.4 0.05 0.04921875
1 0.65625 0.484375 0.05234375 0.05234375
1 0.3125 0.53203125 0.05078125 0.0515625
0 0.94609375 0.4515625 0.05078125 0.0515625
0 0.71328125 0.35390625 0.04921875 0.05
1 0.17109375 0.7328125 0.05234375 0.0546875
1 0.79375 0.59140625 0.05234375 0.0515625
0 0.21640625 0.18359375 0.05 0.053125
1 0.7953125 0.5390625 0.053125 0.053125
1 0.2109375 0.64453125 0.0515625 0.05234375
0 0.6 0.24453125 0.05 0.0515625
1 0.70703125 0.790625 0.05234375 0.05390625
0 0.89921875 0.44140625 0.05234375 0.053125
0 0.1265625 0.19453125 0.04921875 0.05234375
1 0.4515625 0.33515625 0.0484375 0.05390625
1 0.31015625 0.48359375 0.05234375 0.053125
0 0.8953125 0.590625 0.04921875 0.0484375
0 0.0703125 0.5875 0.0484375 0.053125
0 0.95078125 0.396875 0.05078125 0.0546875
0 0.553125 0.25078125 0.046875 0.05390625
1 0.20546875 0.7828125 0.05078125 0.05390625
1 0.65703125 0.8296875 0.0515625 0.053125
0 0.846875 0.634375 0.05 0.0515625
0 0.89609375 0.490625 0.0515625 0.05
0 0.15546875 0.146875 0.0484375 0.05234375
1 0.6109375 0.2921875 0.0515625 0.05390625
1 0.60859375 0.8296875 0.053125 0.053125
1 0.36875 0.83515625 0.053125 0.0546875
0 0.08046875 0.18671875 0.05 0.05390625
0 0.465625 0.23828125 0.04765625 0.05078125
0 0.60859375 0.15546875 0.0484375 0.0546875
1 0.4546875 0.3953125 0.04921875 0.05390625
1 0.50859375 0.265625 0.0484375 0.05546875
1 0.85703125 0.33046875 0.0515625 0.0546875
1 0.65703125 0.434375 0.0515625 0.05078125
1 0.55234375 0.8765625 0.0515625 0.053125
0 0.21328125 0.1078125 0.04765625 0.05390625
0 0.4078125 0.1953125 0.04765625 0.05234375
1 0.89921875 0.2921875 0.05078125 0.05859375
1 0.26328125 0.534375 0.05078125 0.05078125
1 0.84140625 0.4828125 0.0515625 0.05234375
0 0.803125 0.690625 0.05078125 0.0515625
1 0.31640625 0.83984375 0.053125 0.05390625
1 0.79609375 0.63828125 0.0515625 0.0515625
1 0.465625 0.28671875 0.04921875 0.05234375
0 0.06640625 0.725 0.04765625 0.05234375
1 0.665625 0.33515625 0.05078125 0.05078125
1 0.3125 0.39296875 0.05234375 0.0546875
0 0.7578125 0.14453125 0.04921875 0.0515625
0 0.80625 0.74140625 0.04921875 0.05234375
0 0.9046875 0.15234375 0.05234375 0.053125
0 0.6453125 0.190625 0.046875 0.05
1 0.7515625 0.4359375 0.0515625 0.05234375
1 0.8109375 0.30078125 0.05078125 0.0546875
0 0.70234375 0.4515625 0.0484375 0.046875
0 0.06796875 0.775 0.046875 0.05078125
1 0.8484375 0.58125 0.053125 0.05078125
1 0.2515625 0.83359375 0.053125 0.05390625
0 0.8015625 0.25078125 0.0484375 0.05234375
0 0.75234375 0.7296875 0.05 0.05078125
1 0.75625 0.38515625 0.05078125 0.05078125
1 0.89765625 0.3890625 0.05234375 0.05234375
1 0.6578125 0.28671875 0.0484375 0.05234375
1 0.26015625 0.39140625 0.0515625 0.05234375
0 0.94921875 0.50078125 0.04921875 0.0515625
1 0.16484375 0.63125 0.05078125 0.05234375
0 0.7453125 0.2875 0.05 0.05234375
0 0.84921875 0.68359375 0.04921875 0.05078125
1 0.8453125 0.53203125 0.0515625 0.0515625
0 0.94375 0.20390625 0.0515625 0.05859375
1 0.2140625 0.3421875 0.05078125 0.05234375
1 0.61953125 0.340625 0.0515625 0.05
1 0.75859375 0.334375 0.05 0.05
0 0.55390625 0.1984375 0.04765625 0.05078125
1 0.44921875 0.1375 0.0515625 0.05234375
1 0.21171875 0.3921875 0.05078125 0.0515625
0 0.753125 0.2015625 0.05 0.053125
1 0.115625 0.79296875 0.0515625 0.053125
0 0.55625 0.15 0.04765625 0.05
0 0.8015625 0.7890625 0.04921875 0.05
0 0.75625 0.09296875 0.05 0.05078125
1 0.171875 0.43359375 0.05234375 0.05234375
1 0.853125 0.43515625 0.0515625 0.05234375
0 0.80703125 0.15078125 0.04921875 0.0515625
0 0.896875 0.10234375 0.05 0.05390625
0 0.79453125 0.840625 0.05078125 0.0515625
1 0.2609375 0.3375 0.05 0.0515625
0 0.7546875 0.77890625 0.05078125 0.05
0 0.509375 0.2046875 0.046875 0.05234375
0 0.85078125 0.771875 0.04921875 0.05078125
1 0.1125 0.47421875 0.05078125 0.05390625
0 0.89296875 0.6421875 0.05078125 0.05234375
0 0.9484375 0.15234375 0.05 0.05
1 0.12109375 0.4234375 0.05234375 0.053125
1 0.0578125 0.48671875 0.05 0.053125
1 0.153125 0.28828125 0.05078125 0.0546875
1 0.4015625 0.1453125 0.05078125 0.0515625
1 0.16171875 0.8328125 0.05078125 0.053125
0 0.6453125 0.23984375 0.0453125 0.04921875
0 0.1203125 0.0953125 0.04921875 0.05625
1 0.50859375 0.09609375 0.05078125 0.05390625
1 0.846875 0.23046875 0.05078125 0.053125
0 0.615625 0.10546875 0.0484375 0.05
1 0.9578125 0.34375 0.0515625 0.05234375
1 0.359375 0.1953125 0.05078125 0.05234375
1 0.50390625 0.15234375 0.0515625 0.053125
0 0.74765625 0.8296875 0.05078125 0.05078125
0 0.70234375 0.30390625 0.04921875 0.053125
0 0.66484375 0.10078125 0.046875 0.053125
1 0.4625 0.18515625 0.05 0.05078125
0 0.21484375 0.053125 0.04921875 0.05390625
1 0.16484375 0.3375 0.0515625 0.05390625
0 0.65546875 0.88125 0.05 0.05078125
0 0.75625 0.68125 0.05078125 0.0515625
0 0.6 0.8796875 0.05078125 0.05078125
0 0.07578125 0.10625 0.046875 0.05546875
1 0.4125 0.89375 0.0515625 0.05703125
1 0.8953125 0.20625 0.05234375 0.059375
1 0.9546875 0.25078125 0.0515625 0.0578125
1 0.31171875 0.13984375 0.05078125 0.05390625
1 0.36640625 0.1046875 0.053125 0.05546875
0 0.803125 0.8890625 0.05078125 0.05078125
1 0.31328125 0.19453125 0.05078125 0.05234375
1 0.3125 0.2421875 0.04921875 0.0515625
1 0.0765625 0.44140625 0.05078125 0.053125
1 0.5671875 0.1 0.0515625 0.05390625
1 0.121875 0.24453125 0.0484375 0.0546875
1 0.80078125 0.1984375 0.05 0.0515625
1 0.8546875 0.2796875 0.05078125 0.0515625
0 0.7015625 0.8421875 0.05234375 0.05078125
0 0.615625 0.053125 0.0484375 0.0515625
0 0.71015625 0.0984375 0.04765625 0.05234375
1 0.0671875 0.8265625 0.05078125 0.053125
1 0.09375 0.28671875 0.05078125 0.05625
0 0.26328125 0.0453125 0.04921875 0.05390625
1 0.04453125 0.33828125 0.05 0.05546875
0 0.94296875 0.6375 0.05 0.05234375
1 0.846875 0.1796875 0.05 0.05078125
1 0.26015625 0.0953125 0.05 0.053125
0 0.840625 0.08671875 0.0484375 0.05390625
1 0.36171875 0.0515625 0.05234375 0.053125
1 0.59921875 0.93125 0.05234375 0.05390625
1 0.07578125 0.234375 0.0484375 0.053125
1 0.265625 0.1921875 0.05 0.0515625
0 0.56328125 0.05 0.05 0.0546875
1 0.5515625 0.9328125 0.05234375 0.05390625
1 0.25625 0.14375 0.05078125 0.0515625
1 0.3109375 0.0484375 0.0484375 0.0546875
0 0.89140625 0.8 0.05078125 0.05234375
1 0.5078125 0.0421875 0.05 0.05234375
1 0.8578125 0.1296875 0.05 0.05
0 0.165625 0.05 0.04765625 0.05625
1 0.94296875 0.103125 0.0484375 0.05234375
0 0.896875 0.05 0.0484375 0.05390625
0 0.75078125 0.04453125 0.05 0.0546875
0 0.64609375 0.9328125 0.05078125 0.05078125
0 0.78984375 0.9359375 0.05078125 0.05