0 0.29375 0.175 0.05078125 0.05859375
1 0.14375 0.28515625 0.05078125 0.05390625
1 0.19375 0.278125 0.05078125 0.05390625
1 0.43359375 0.4453125 0.05078125 0.05546875
1 0.134375 0.75078125 0.05234375 0.0546875
1 0.49609375 0.496875 0.05 0.05390625
1 0.19453125 0.225 0.05078125 0.05234375
1 0.13125 0.69921875 0.053125 0.05390625
1 0.596875 0.6015625 0.0515625 0.05390625
0 0.8484375 0.35 0.04921875 0.05625
1 0.134375 0.64765625 0.0515625 0.05390625
0 0.13828125 0.16953125 0.0515625 0.05859375
0 0.5859375 0.13359375 0.05 0.05625
1 0.7015625 0.7046875 0.05 0.05234375
1 0.54921875 0.2828125 0.05078125 0.0546875
1 0.440625 0.3890625 0.05078125 0.05390625
0 0.1953125 0.17265625 0.05078125 0.05625
1 0.603125 0.228125 0.05 0.053125
1 0.7015625 0.6515625 0.04921875 0.0515625
1 0.74609375 0.43125 0.04921875 0.05234375
0 0.8484375 0.13828125 0.04921875 0.05703125
1 0.7 0.6 0.05 0.0515625
1 0.546875 0.49921875 0.0484375 0.053125
1 0.74609375 0.75859375 0.04921875 0.05390625
1 0.73671875 0.81875 0.05 0.0546875
1 0.49609375 0.3296875 0.05078125 0.05390625
1 0.7046875 0.290625 0.04921875 0.05234375
1 0.4953125 0.2796875 0.05 0.0546875
1 0.65546875 0.55 0.04921875 0.0515625
1 0.79765625 0.13984375 0.04921875 0.05390625
1 0.60078125 0.334375 0.04921875 0.0546875
1 0.7 0.23984375 0.04921875 0.05390625
0 0.85078125 0.540625 0.05 0.05546875
1 0.54921875 0.2296875 0.05078125 0.05390625
1 0.17265625 0.80546875 0.05078125 0.053125
1 0.6046875 0.54921875 0.0484375 0.05234375
1 0.11875 0.5953125 0.05234375 0.05390625
1 0.90234375 0.8078125 0.0515625 0.0546875
1 0.22265625 0.85703125 0.05234375 0.05546875
1 0.17265625 0.85703125 0.05234375 0.05546875
1 0.80234375 0.86484375 0.05 0.05390625
1 0.79375 0.7578125 0.04921875 0.05234375
1 0.7 0.1890625 0.05 0.053125
1 0.9 0.86015625 0.05 0.05546875
0 0.075 0.64140625 0.053125 0.05546875
1 0.5984375 0.38984375 0.0484375 0.05234375
1 0.64765625 0.3375 0.0484375 0.05234375
1 0.69921875 0.13359375 0.04765625 0.0546875
0 0.809375 0.19375 0.04921875 0.05703125
1 0.6453125 0.12890625 0.04921875 0.05546875
1 0.5515625 0.39140625 0.04765625 0.05234375
0 0.13671875 0.23359375 0.05078125 0.0546875
1 0.85078125 0.86484375 0.05 0.0546875
1 0.22578125 0.9171875 0.0515625 0.0546875
1 0.484375 0.809375 0.05 0.05390625
0 0.5453125 0.1796875 0.04921875 0.05078125
0 0.64921875 0.1890625 0.05 0.0546875
0 0.078125 0.7 0.053125 0.05546875
0 0.74609375 0.1390625 0.04921875 0.05546875
0 0.7484375 0.19609375 0.04921875 0.05625
0 0.078125 0.753125 0.05234375 0.05546875
0 0.4453125 0.228125 0.05 0.05546875
0 0.696875 0.34375 0.0484375 0.05546875
0 0.446875 0.2828125 0.05 0.05546875
0 0.55 0.55390625 0.05 0.05625
0 0.4921875 0.2265625 0.0515625 0.05390625
0 0.43984375 0.3359375 0.05078125 0.05390625
0 0.48359375 0.44296875 0.05078125 0.05625
0 0.4921875 0.38515625 0.05078125 0.05625
0 0.8953125 0.75625 0.05078125 0.05546875
0 0.75234375 0.70078125 0.04921875 0.05546875
0 0.8015625 0.7046875 0.04921875 0.0546875
0 0.64921875 0.6015625 0.05 0.0546875
0 0.64609375 0.28671875 0.04921875 0.053125
0 0.7578125 0.5359375 0.05 0.0546875
0 0.6984375 0.4390625 0.04921875 0.05546875
0 0.1234375 0.80546875 0.05234375 0.05625
0 0.75078125 0.48359375 0.05 0.0546875
0 0.7046875 0.546875 0.04921875 0.0546875
0 0.8015625 0.81015625 0.05078125 0.05625
0 0.84453125 0.75 0.0484375 0.05390625
0 0.853125 0.80078125 0.04921875 0.05546875
0 0.646875 0.39140625 0.04921875 0.05546875
0 0.1203125 0.85859375 0.05390625 0.05625
0 0.16953125 0.91015625 0.0546875 0.05703125
0 0.1203125 0.9125 0.053125 0.05703125
0 0.54375 0.44453125 0.04921875 0.05703125
0 0.64375 0.4484375 0.05 0.05625
0 0.59375 0.5 0.04921875 0.0546875
0 0.64453125 0.5 0.04921875 0.05390625
0 0.59296875 0.44453125 0.05 0.05703125