0 0.496875 0.42578125 0.0484375 0.053125
1 0.55859375 0.43046875 0.0515625 0.0515625
1 0.53671875 0.3234375 0.05 0.05078125
1 0.64375 0.3625 0.05078125 0.0515625
1 0.4890625 0.3171875 0.05 0.05078125
1 0.44296875 0.2796875 0.05078125 0.05234375
1 0.32421875 0.37734375 0.05078125 0.053125
1 0.6921875 0.36640625 0.05 0.0515625
1 0.69609375 0.31484375 0.05078125 0.0515625
1 0.43984375 0.38046875 0.0515625 0.0515625
1 0.54375 0.48046875 0.04921875 0.0515625
1 0.38828125 0.434375 0.05078125 0.0515625
1 0.34609375 0.27265625 0.05 0.05390625
1 0.2765625 0.3890625 0.05078125 0.05234375
1 0.69140625 0.62890625 0.0515625 0.05234375
1 0.390625 0.38203125 0.05078125 0.0515625
1 0.53828125 0.3765625 0.05 0.0515625
1 0.6421875 0.51796875 0.05078125 0.0515625
1 0.7484375 0.328125 0.05078125 0.053125
1 0.3421875 0.32734375 0.05078125 0.053125
1 0.59140625 0.315625 0.05 0.0515625
1 0.38359375 0.5375 0.05078125 0.0515625
1 0.33359375 0.428125 0.05078125 0.05234375
0 0.3875 0.3234375 0.05 0.05234375
1 0.49140625 0.3703125 0.04921875 0.05078125
1 0.74453125 0.275 0.0515625 0.053125
1 0.3359375 0.534375 0.04921875 0.0515625
1 0.22734375 0.38125 0.05 0.0515625
1 0.496875 0.49296875 0.04921875 0.05
1 0.24296875 0.59375 0.0515625 0.05234375
1 0.2203125 0.32890625 0.05 0.05
1 0.696875 0.6796875 0.0515625 0.05078125
0 0.53984375 0.26796875 0.0484375 0.05078125
1 0.3 0.27265625 0.05078125 0.0515625
1 0.284375 0.2234375 0.05078125 0.05234375
1 0.1859375 0.2796875 0.05078125 0.05390625
0 0.64375 0.2640625 0.05078125 0.05
0 0.4953125 0.54609375 0.04921875 0.05078125
1 0.55546875 0.1671875 0.05 0.05234375
1 0.23515625 0.434375 0.0515625 0.053125
1 0.29609375 0.59296875 0.05 0.0515625
0 0.5953125 0.26328125 0.04765625 0.05078125
0 0.1859375 0.496875 0.04921875 0.0515625
1 0.4296875 0.5453125 0.04921875 0.05
1 0.396875 0.58828125 0.05078125 0.05234375
1 0.34375 0.58671875 0.0515625 0.053125
1 0.1796875 0.38984375 0.04921875 0.05234375
1 0.4921875 0.1640625 0.05 0.0515625
0 0.7375 0.48203125 0.05 0.05
1 0.746875 0.75703125 0.05078125 0.05234375
1 0.73359375 0.21875 0.0515625 0.053125
0 0.2828125 0.4390625 0.0515625 0.053125
1 0.603125 0.16484375 0.04921875 0.05234375
0 0.8078125 0.3703125 0.05078125 0.05
0 0.2359375 0.49375 0.04921875 0.0515625
1 0.69609375 0.73359375 0.0515625 0.05234375
1 0.1859375 0.21875 0.05078125 0.053125
1 0.1296875 0.2828125 0.05 0.053125
0 0.44453125 0.1625 0.0484375 0.05
0 0.74375 0.63828125 0.0515625 0.05234375
0 0.54765625 0.534375 0.04765625 0.05
1 0.1875 0.5734375 0.05078125 0.05234375
1 0.6515625 0.171875 0.04921875 0.0515625
0 0.45390625 0.75859375 0.0484375 0.05078125
0 0.4921875 0.64375 0.0484375 0.04921875
1 0.8453125 0.21484375 0.05078125 0.05390625
1 0.64921875 0.74921875 0.05078125 0.05234375
1 0.909375 0.584375 0.053125 0.053125
0 0.5890625 0.57890625 0.0484375 0.05
0 0.85 0.46171875 0.0515625 0.05234375
0 0.33671875 0.2203125 0.05078125 0.05078125
0 0.8 0.46328125 0.05078125 0.053125
1 0.6984375 0.1640625 0.05 0.05078125
0 0.8015625 0.7046875 0.05234375 0.053125
1 0.6171875 0.79140625 0.05 0.0515625
1 0.74609375 0.1609375 0.05 0.05234375
1 0.25078125 0.7984375 0.05078125 0.05234375
1 0.17890625 0.63046875 0.05078125 0.053125
0 0.54609375 0.784375 0.05 0.0515625
1 0.590625 0.109375 0.046875 0.05234375
1 0.340625 0.69296875 0.05078125 0.053125
1 0.1375 0.6984375 0.05 0.053125
1 0.44765625 0.70546875 0.05 0.05078125
1 0.6640625 0.80625 0.0515625 0.053125
1 0.85625 0.7453125 0.053125 0.053125
0 0.9046875 0.53203125 0.0515625 0.053125
0 0.80625 0.5921875 0.0515625 0.05390625
1 0.1296875 0.646875 0.04921875 0.0515625
1 0.20390625 0.79453125 0.05 0.05234375
0 0.85703125 0.2671875 0.0515625 0.05234375
1 0.7609375 0.81015625 0.053125 0.05390625
0 0.190625 0.73828125 0.04921875 0.0515625
1 0.85390625 0.69140625 0.053125 0.053125
1 0.81953125 0.809375 0.05234375 0.0546875
0 0.6421875 0.62890625 0.05078125 0.05234375
1 0.0875 0.70703125 0.05078125 0.05390625
1 0.7953125 0.16171875 0.05 0.0515625
1 0.609375 0.84296875 0.0515625 0.05078125
0 0.91796875 0.37578125 0.05078125 0.0515625
0 0.6453125 0.6890625 0.0515625 0.05234375
0 0.553125 0.721875 0.05 0.053125
1 0.29921875 0.79453125 0.05078125 0.0515625
0 0.54140625 0.8484375 0.04921875 0.05078125
0 0.81171875 0.31796875 0.05078125 0.05078125
0 0.75078125 0.7 0.05234375 0.05390625
1 0.390625 0.696875 0.05 0.0515625
0 0.4359375 0.10703125 0.04921875 0.0515625
1 0.865625 0.79765625 0.0515625 0.053125
0 0.6984375 0.575 0.05 0.0515625
0 0.90859375 0.26484375 0.05234375 0.053125
0 0.90390625 0.6390625 0.05234375 0.05546875
0 0.9546875 0.6359375 0.05078125 0.05390625
0 0.8546875 0.63671875 0.05234375 0.05390625
1 0.8421875 0.1578125 0.05078125 0.0515625
0 0.5921875 0.690625 0.05 0.053125
1 0.90625 0.6921875 0.053125 0.05234375
1 0.0796875 0.2375 0.05 0.053125
0 0.53984375 0.6484375 0.0484375 0.05078125
0 0.2890625 0.17109375 0.0484375 0.0515625
0 0.95390625 0.47421875 0.053125 0.05625
0 0.0375 0.3609375 0.04765625 0.0515625
0 0.29609375 0.8453125 0.04921875 0.0515625
1 0.434375 0.49375 0.05 0.05078125
1 0.24765625 0.853125 0.0515625 0.05234375
0 0.8546875 0.58359375 0.0515625 0.05234375
1 0.6546875 0.85859375 0.05078125 0.05
1 0.85625 0.8515625 0.05234375 0.0515625
0 0.50234375 0.11328125 0.05 0.053125
1 0.8953125 0.21484375 0.0515625 0.05390625
0 0.04609375 0.753125 0.046875 0.053125
0 0.034375 0.225 0.04765625 0.0515625
0 0.35 0.79765625 0.04921875 0.05078125
1 0.61484375 0.8953125 0.0515625 0.05078125
0 0.24296875 0.15859375 0.05 0.05234375
0 0.35 0.74453125 0.05 0.0515625
0 0.79609375 0.21328125 0.0515625 0.0515625
0 0.71171875 0.803125 0.0515625 0.053125
0 0.9578125 0.25859375 0.0515625 0.05390625
0 0.08671875 0.1765625 0.04921875 0.05234375
0 0.35 0.85078125 0.05 0.0515625
0 0.1875 0.15625 0.0484375 0.05390625
0 0.3484375 0.90859375 0.0484375 0.05078125
1 0.1484375 0.85234375 0.05 0.053125
1 0.30078125 0.90703125 0.0515625 0.0515625
1 0.19140625 0.90703125 0.05078125 0.05234375
0 0.590625 0.0546875 0.05 0.053125
0 0.5484375 0.11875 0.04921875 0.04921875
0 0.13984375 0.7515625 0.0515625 0.0546875
1 0.0375 0.70234375 0.05 0.05390625
0 0.0515625 0.86015625 0.04921875 0.0515625
0 0.75 0.8625 0.05078125 0.05234375
0 0.7609375 0.91484375 0.0515625 0.0515625
0 0.659375 0.9109375 0.05 0.053125
1 0.25546875 0.91328125 0.0515625 0.0515625
0 0.0796875 0.340625 0.04921875 0.05
0 0.49921875 0.06015625 0.0484375 0.04921875
1 0.1375 0.9015625 0.05078125 0.0515625
0 0.10078125 0.85078125 0.05 0.05234375
0 0.43984375 0.0546875 0.04921875 0.05
1 0.959375 0.528125 0.053125 0.053125
1 0.95 0.20546875 0.053125 0.05390625
0 0.54609375 0.07109375 0.04765625 0.046875
1 0.86640625 0.91484375 0.0515625 0.0515625
0 0.03125 0.16953125 0.04765625 0.0515625
0 0.8140625 0.91328125 0.05234375 0.053125
1 0.090625 0.9015625 0.04921875 0.05234375
1 0.9671875 0.3640625 0.0515625 0.05234375
0 0.70859375 0.9625 0.05078125 0.05078125
1 0.65703125 0.0515625 0.05078125 0.0515625
1 0.96328125 0.69453125 0.05234375 0.053125
0 0.6625 0.96640625 0.05078125 0.0515625
0 0.09765625 0.96484375 0.05078125 0.053125
1 0.61796875 0.95 0.05234375 0.05234375
0 0.0484375 0.9203125 0.04765625 0.04921875
0 0.59296875 0.01484375 0.0484375 0.028125
0 0.8140625 0.965625 0.053125 0.0515625
1 0.19140625 0.96171875 0.0515625 0.0546875
1 0.30234375 0.96171875 0.05078125 0.05390625
0 0.04921875 0.97421875 0.05 0.05078125
1 0.64609375 0.01328125 0.04921875 0.025
1 0.14609375 0.965625 0.05 0.053125
1 0.86640625 0.96953125 0.05234375 0.053125
1 0.6015625 0.74140625 0.046875 0.046875
1 0.634375 0.41484375 0.04765625 0.05
1 0.59140625 0.4765625 0.0453125 0.04921875
1 0.6375 0.46640625 0.046875 0.05078125
1 0.68984375 0.471875 0.0484375 0.05078125
1 0.23515625 0.2140625 0.046875 0.05
1 0.38203125 0.21015625 0.0453125 0.0515625
1 0.42890625 0.215625 0.046875 0.0515625
1 0.4765625 0.215625 0.04765625 0.05078125
1 0.13203125 0.23046875 0.046875 0.04609375
1 0.1734375 0.33828125 0.04609375 0.05
0 0.70234375 0.8578125 0.046875 0.0515625
0 0.80703125 0.8609375 0.05 0.05078125
0 0.79609375 0.76015625 0.04609375 0.05
0 0.09140625 0.765625 0.04609375 0.05
0 0.1328125 0.80234375 0.04765625 0.04765625
0 0.278125 0.54375 0.046875 0.04921875
0 0.29375 0.49375 0.04609375 0.05
0 0.33984375 0.48046875 0.04765625 0.05390625
0 0.38828125 0.4859375 0.04609375 0.0515625
0 0.19453125 0.67890625 0.04453125 0.05
0 0.2453125 0.6453125 0.04609375 0.05234375
0 0.240625 0.69765625 0.04609375 0.05234375
0 0.29296875 0.64453125 0.046875 0.0515625
0 0.29140625 0.696875 0.0484375 0.05
0 0.34140625 0.63984375 0.0484375 0.05390625
0 0.3890625 0.64140625 0.046875 0.05390625
0 0.43671875 0.653125 0.04609375 0.05234375
0 0.44140625 0.60078125 0.046875 0.05
0 0.078125 0.28828125 0.04609375 0.05
0 0.128125 0.33515625 0.04609375 0.05234375
0 0.1328125 0.3859375 0.04765625 0.05
0 0.140625 0.4359375 0.04609375 0.0484375
0 0.18828125 0.4421875 0.04609375 0.05234375
0 0.39140625 0.26953125 0.04765625 0.05390625
0 0.146875 0.18203125 0.04609375 0.05
0 0.52421875 0.21796875 0.046875 0.05
0 0.68203125 0.41875 0.04609375 0.053125
0 0.73828125 0.378125 0.046875 0.0515625
0 0.73046875 0.43046875 0.04921875 0.05
0 0.34296875 0.1671875 0.04609375 0.0515625
0 0.3890625 0.15625 0.04765625 0.05546875
0 0.59453125 0.52734375 0.04609375 0.05
0 0.68984375 0.52421875 0.04609375 0.05
0 0.79921875 0.26640625 0.05 0.0484375
0 0.646875 0.5703125 0.04921875 0.0515625