1 0.49921875 0.203125 0.05234375 0.05390625
0 0.02421875 0.09375 0.04765625 0.04921875
1 0.5515625 0.14296875 0.0515625 0.053125
1 0.4390625 0.146875 0.0515625 0.05078125
1 0.69765625 0.15 0.05234375 0.0515625
1 0.53984375 0.259375 0.05078125 0.0515625
1 0.4453125 0.24609375 0.0515625 0.05078125
0 0.028125 0.2015625 0.04921875 0.046875
1 0.80390625 0.20078125 0.05078125 0.0515625
1 0.6015625 0.19453125 0.053125 0.05234375
1 0.3953125 0.19296875 0.05234375 0.0515625
1 0.5453125 0.090625 0.05078125 0.04921875
1 0.37578125 0.0984375 0.05390625 0.05234375
1 0.60859375 0.09765625 0.0515625 0.05078125
1 0.6515625 0.19375 0.0515625 0.05078125
1 0.496875 0.45625 0.05234375 0.05078125
1 0.6625 0.1015625 0.0515625 0.053125
1 0.4953125 0.5109375 0.05234375 0.05234375
1 0.759375 0.14609375 0.05234375 0.05234375
1 0.3953125 0.25078125 0.05078125 0.05234375
1 0.59296875 0.4625 0.05234375 0.053125
0 0.0765625 0.1546875 0.05078125 0.04765625
1 0.38828125 0.14375 0.05234375 0.05
0 0.0328125 0.25234375 0.05 0.04921875
0 0.07578125 0.04609375 0.053125 0.04921875
0 0.0234375 0.03984375 0.04609375 0.0484375
1 0.7515625 0.0953125 0.0515625 0.05
1 0.434375 0.2921875 0.05234375 0.0515625
0 0.08359375 0.2015625 0.05078125 0.0484375
1 0.85859375 0.25234375 0.05234375 0.05234375
1 0.85859375 0.15234375 0.0515625 0.053125
1 0.48671875 0.30546875 0.0515625 0.05
1 0.59609375 0.2984375 0.05234375 0.05078125
0 0.05859375 0.35625 0.05078125 0.04609375
1 0.909375 0.1953125 0.053125 0.05234375
0 0.03203125 0.4484375 0.05078125 0.046875
1 0.45 0.61015625 0.053125 0.05078125
1 0.80625 0.25859375 0.05234375 0.0515625
0 0.08671875 0.2984375 0.0484375 0.0453125
1 0.5515625 0.5671875 0.05 0.0515625
0 0.13203125 0.14453125 0.0515625 0.04765625
1 0.48828125 0.04375 0.053125 0.05078125
1 0.56171875 0.509375 0.05078125 0.0515625
1 0.5953125 0.34609375 0.0515625 0.04921875
1 0.80234375 0.0984375 0.05 0.05
1 0.50078125 0.396875 0.05234375 0.05
1 0.54609375 0.35390625 0.05 0.04921875
1 0.44375 0.5125 0.05390625 0.0515625
1 0.63359375 0.046875 0.0515625 0.0515625
1 0.4984375 0.6609375 0.05078125 0.0515625
1 0.69609375 0.04296875 0.053125 0.05234375
1 0.90625 0.13984375 0.05390625 0.05234375
1 0.42265625 0.03984375 0.05234375 0.05078125
1 0.2984375 0.70078125 0.05234375 0.05
1 0.853125 0.09375 0.0515625 0.0515625
0 0.03359375 0.50078125 0.05078125 0.04765625
1 0.86171875 0.3015625 0.053125 0.05078125
1 0.44609375 0.34140625 0.05078125 0.04921875
1 0.3703125 0.04140625 0.0515625 0.05078125
1 0.915625 0.40625 0.05234375 0.04921875
1 0.38828125 0.70546875 0.053125 0.05
0 0.1296875 0.2390625 0.05 0.04765625
0 0.178125 0.19453125 0.04921875 0.046875
1 0.59140625 0.396875 0.0515625 0.05078125
1 0.91171875 0.29609375 0.0515625 0.05078125
1 0.91328125 0.453125 0.05234375 0.04921875
1 0.9046875 0.0890625 0.05234375 0.0515625
1 0.80546875 0.4453125 0.0515625 0.04921875
1 0.803125 0.30703125 0.05234375 0.04921875
0 0.26796875 0.0890625 0.05234375 0.0484375
1 0.3953125 0.5609375 0.05390625 0.04921875
0 0.2296875 0.14765625 0.05078125 0.046875
1 0.46171875 0.7546875 0.05234375 0.0515625
1 0.6 0.5578125 0.05 0.05078125
1 0.91328125 0.3421875 0.0515625 0.05078125
0 0.1734375 0.0390625 0.05 0.04765625
1 0.453125 0.559375 0.05234375 0.05
1 0.89765625 0.49765625 0.05234375 0.05078125
1 0.79765625 0.396875 0.05234375 0.05078125
1 0.0828125 0.55390625 0.053125 0.05078125
0 0.3265625 0.0984375 0.05078125 0.04765625
1 0.25859375 0.75703125 0.05390625 0.0515625
1 0.4953125 0.353125 0.05078125 0.05
1 0.38828125 0.75390625 0.053125 0.05
0 0.3203125 0.04140625 0.0515625 0.046875
0 0.13203125 0.35 0.04921875 0.04765625
1 0.13828125 0.615625 0.053125 0.04921875
0 0.24375 0.24375 0.05078125 0.046875
0 0.29609375 0.19921875 0.05078125 0.04609375
0 0.228125 0.04921875 0.05078125 0.04609375
1 0.76328125 0.36171875 0.0515625 0.05078125
0 0.178125 0.290625 0.05 0.04609375
1 0.6984375 0.30625 0.05234375 0.04921875
1 0.38671875 0.81171875 0.053125 0.0515625
1 0.55390625 0.65703125 0.05078125 0.0515625
1 0.54375 0.715625 0.0515625 0.0515625
1 0.965625 0.259375 0.0546875 0.05234375
0 0.078125 0.40546875 0.04921875 0.04609375
1 0.96484375 0.3375 0.05234375 0.0515625
0 0.08359375 0.5046875 0.0515625 0.046875
1 0.60625 0.6046875 0.05078125 0.05
1 0.14375 0.66484375 0.053125 0.05078125
1 0.34609375 0.65546875 0.05078125 0.0484375
1 0.396875 0.65546875 0.0515625 0.05
0 0.34453125 0.196875 0.0515625 0.04765625
0 0.19140625 0.4 0.04921875 0.04453125
0 0.33828125 0.14296875 0.05078125 0.0484375
1 0.0859375 0.603125 0.05234375 0.05078125
0 0.28515625 0.2953125 0.05 0.04609375
1 0.8125 0.35625 0.0515625 0.0515625
1 0.08515625 0.6578125 0.053125 0.0515625
1 0.2984375 0.809375 0.05234375 0.05078125
1 0.971875 0.50078125 0.053125 0.05234375
0 0.13203125 0.44921875 0.0515625 0.046875
1 0.91875 0.71484375 0.0515625 0.05
1 0.29296875 0.646875 0.05234375 0.04921875
0 0.23984375 0.35390625 0.04921875 0.0453125
0 0.3453125 0.25 0.05078125 0.04609375
0 0.21796875 0.09609375 0.05390625 0.05078125
1 0.2953125 0.60078125 0.05234375 0.0484375
0 0.1375 0.553125 0.05234375 0.046875
1 0.74921875 0.31484375 0.05078125 0.05
0 0.12734375 0.4046875 0.0515625 0.046875
1 0.196875 0.76875 0.053125 0.05078125
1 0.03359375 0.559375 0.0515625 0.05078125
0 0.33984375 0.35 0.05 0.0453125
1 0.60234375 0.6640625 0.0515625 0.05
1 0.19375 0.65625 0.05234375 0.04921875
1 0.97421875 0.565625 0.0515625 0.0515625
1 0.084375 0.71015625 0.053125 0.0515625
1 0.96953125 0.15078125 0.05390625 0.053125
1 0.91484375 0.7765625 0.05234375 0.0515625
0 0.18359375 0.5015625 0.0515625 0.04609375
1 0.51015625 0.7671875 0.05 0.05
1 0.97265625 0.7125 0.0515625 0.05
1 0.85078125 0.03359375 0.05234375 0.0515625
1 0.6515625 0.665625 0.05078125 0.04765625
1 0.146875 0.7625 0.05234375 0.05078125
1 0.9734375 0.66171875 0.05234375 0.04921875
1 0.24140625 0.64375 0.05078125 0.05
0 0.2921875 0.39453125 0.05 0.0453125
0 0.034375 0.759375 0.05234375 0.0484375
1 0.5609375 0.76328125 0.05 0.05
0 0.75625 0.20859375 0.0515625 0.04921875
0 0.9734375 0.6109375 0.05078125 0.04921875
1 0.4078125 0.86640625 0.0515625 0.05078125
1 0.1921875 0.81484375 0.05390625 0.05078125
0 0.2359375 0.45234375 0.05078125 0.04609375
0 0.39140625 0.346875 0.05 0.04765625
1 0.9203125 0.82421875 0.053125 0.0515625
1 0.03203125 0.6578125 0.05078125 0.05234375
1 0.9734375 0.81953125 0.05234375 0.0515625
0 0.38828125 0.39765625 0.05 0.0453125
0 0.85 0.403125 0.053125 0.05
0 0.0921875 0.7578125 0.05234375 0.0484375
1 0.3578125 0.86875 0.053125 0.0515625
1 0.49765625 0.8078125 0.0515625 0.04921875
0 0.02890625 0.80859375 0.05078125 0.0484375
1 0.4953125 0.8578125 0.05234375 0.04921875
0 0.3453125 0.5 0.0515625 0.04765625
0 0.44609375 0.3953125 0.05078125 0.04609375
0 0.70390625 0.2015625 0.0515625 0.04765625
0 0.18984375 0.60859375 0.05390625 0.05
0 0.446875 0.4609375 0.04921875 0.04609375
0 0.2453125 0.5484375 0.0515625 0.04765625
1 0.8734375 0.86015625 0.053125 0.05078125
0 0.58828125 0.24609375 0.05234375 0.0484375
0 0.90859375 0.5515625 0.05234375 0.0484375
1 0.44609375 0.9203125 0.05234375 0.05078125
1 0.92109375 0.028125 0.05234375 0.0515625
0 0.2828125 0.440625 0.0515625 0.046875
0 0.70625 0.25625 0.0515625 0.04921875
0 0.91484375 0.659375 0.05 0.05
1 0.03359375 0.71015625 0.0515625 0.0515625
1 0.540625 0.87734375 0.05234375 0.04765625
1 0.253125 0.86171875 0.053125 0.0515625
1 0.30234375 0.8671875 0.05390625 0.0515625
0 0.653125 0.415625 0.04921875 0.04609375
0 0.6453125 0.35078125 0.05 0.0453125
0 0.07734375 0.86171875 0.05234375 0.046875
1 0.35078125 0.92109375 0.05234375 0.04921875
1 0.9703125 0.86640625 0.053125 0.05078125
0 0.87265625 0.615625 0.05078125 0.0484375
0 0.0234375 0.85546875 0.046875 0.0484375
0 0.14140625 0.86875 0.05234375 0.0484375
0 0.13984375 0.81015625 0.053125 0.0484375
1 0.9203125 0.9234375 0.05078125 0.05078125
0 0.19609375 0.86640625 0.05234375 0.04765625
0 0.34609375 0.603125 0.05078125 0.04765625
1 0.6046875 0.86796875 0.05 0.04921875
1 0.4953125 0.92734375 0.05 0.05078125
1 0.871875 0.909375 0.0515625 0.05
0 0.13515625 0.9171875 0.05234375 0.04921875
1 0.60078125 0.91484375 0.05234375 0.05
0 0.396875 0.60859375 0.053125 0.04921875
0 0.025 0.90390625 0.0484375 0.05
0 0.71953125 0.715625 0.05 0.04765625
0 0.80625 0.709375 0.05078125 0.04921875
0 0.865625 0.7640625 0.0515625 0.05
0 0.803125 0.65078125 0.05 0.0484375
0 0.76953125 0.75859375 0.05078125 0.04921875
0 0.85546875 0.715625 0.0515625 0.05
0 0.6546875 0.6171875 0.04921875 0.04765625
0 0.61484375 0.803125 0.04921875 0.04765625
0 0.29765625 0.9140625 0.05390625 0.0515625
0 0.54765625 0.82109375 0.05078125 0.05
0 0.65859375 0.865625 0.04921875 0.04921875
0 0.71328125 0.809375 0.05078125 0.04765625
0 0.77265625 0.86640625 0.0515625 0.05078125
0 0.24765625 0.909375 0.05390625 0.04921875
0 0.08359375 0.95859375 0.05234375 0.04921875
0 0.18046875 0.965625 0.05078125 0.0484375
0 0.771875 0.92265625 0.0515625 0.05078125
0 0.65 0.9203125 0.04921875 0.04921875
0 0.7046875 0.9234375 0.05 0.04765625
1 0.86875 0.96796875 0.05234375 0.05234375
0 0.23046875 0.9640625 0.05234375 0.04921875
1 0.80234375 0.96875 0.05234375 0.05234375
0 0.034375 0.95 0.05078125 0.04921875
1 0.3890625 0.9703125 0.05234375 0.05078125
0 0.54609375 0.92421875 0.05234375 0.04609375
0 0.7640625 0.80625 0.053125 0.05
0 0.821875 0.91875 0.0515625 0.05078125
0 0.290625 0.965625 0.053125 0.04921875
0 0.65703125 0.96640625 0.05078125 0.04921875
0 0.3375 0.9734375 0.05078125 0.046875
1 0.4359375 0.975 0.053125 0.05
0 0.75234375 0.9671875 0.0515625 0.0484375
0 0.54375 0.97109375 0.05234375 0.0484375
0 0.596875 0.96484375 0.0515625 0.05
0 0.48828125 0.97734375 0.0515625 0.0453125
1 0.96015625 0.971875 0.05234375 0.0515625
0 0.7390625 0.41171875 0.05 0.05078125
0 0.696875 0.55546875 0.05 0.0484375
0 0.64140625 0.24296875 0.046875 0.05390625
0 0.65 0.29375 0.05234375 0.05078125
0 0.8640625 0.34921875 0.05 0.04609375
0 0.709375 0.3515625 0.05546875 0.04375
0 0.11484375 0.09453125 0.0484375 0.046875
0 0.1671875 0.090625 0.046875 0.0484375
0 0.38515625 0.29765625 0.05078125 0.046875
0 0.29921875 0.55078125 0.046875 0.05234375
0 0.34765625 0.55078125 0.046875 0.05078125
0 0.61328125 0.5109375 0.046875 0.046875
0 0.6640625 0.51328125 0.046875 0.05
0 0.65390625 0.4625 0.05234375 0.046875
0 0.70625 0.45703125 0.0484375 0.05078125
0 0.753125 0.45078125 0.05390625 0.05546875
0 0.746875 0.50234375 0.05078125 0.05234375
0 0.80078125 0.509375 0.05 0.05546875
0 0.64921875 0.5671875 0.04296875 0.05546875
0 0.74609375 0.55390625 0.05 0.05078125
0 0.85625 0.44921875 0.05078125 0.05234375
0 0.85 0.50234375 0.046875 0.05234375
0 0.859375 0.55546875 0.05390625 0.0453125
0 0.82265625 0.60234375 0.05078125 0.05703125
0 0.7625 0.6078125 0.0484375 0.0484375
0 0.70390625 0.65234375 0.046875 0.05
0 0.753125 0.65390625 0.0484375 0.05
0 0.5953125 0.71015625 0.046875 0.04296875
0 0.64921875 0.7125 0.0484375 0.046875
0 0.6109375 0.75625 0.04921875 0.0484375
0 0.6625 0.75625 0.05234375 0.04921875
0 0.9234375 0.609375 0.046875 0.04921875
0 0.81328125 0.81328125 0.0484375 0.0484375
0 0.865625 0.81328125 0.0484375 0.05078125
0 0.8234375 0.86171875 0.0484375 0.05234375
1 0.75625 0.25859375 0.0484375 0.05078125
0 0.2390625 0.59609375 0.0484375 0.046875
0 0.33359375 0.4484375 0.046875 0.0484375
0 0.39609375 0.4984375 0.04921875 0.04921875