0 0.50859375 0.58125 0.0453125 0.0453125
1 0.63984375 0.496875 0.05078125 0.05
0 0.575 0.640625 0.0484375 0.04453125
0 0.42734375 0.63359375 0.04921875 0.04375
0 0.43828125 0.37890625 0.04921875 0.0453125
0 0.353125 0.30625 0.04921875 0.0453125
0 0.36171875 0.36328125 0.04921875 0.04453125
0 0.509375 0.63984375 0.0484375 0.04375
0 0.29375 0.56640625 0.04765625 0.04453125
0 0.36015625 0.63203125 0.04921875 0.04453125
0 0.575 0.7015625 0.04765625 0.04453125
1 0.76953125 0.28828125 0.04921875 0.0484375
0 0.50625 0.51015625 0.0484375 0.0453125
0 0.29375 0.49921875 0.04765625 0.04453125
0 0.296875 0.24921875 0.04921875 0.04453125
1 0.57890625 0.375 0.0515625 0.0484375
0 0.4359375 0.43671875 0.0484375 0.04453125
0 0.29609375 0.30390625 0.04921875 0.04453125
0 0.2984375 0.7046875 0.04921875 0.04453125
1 0.50859375 0.4390625 0.05078125 0.046875
0 0.22890625 0.2328125 0.04921875 0.04453125
0 0.4265625 0.759375 0.0484375 0.04375
1 0.77421875 0.5796875 0.05078125 0.04609375
0 0.3734375 0.4265625 0.0484375 0.04375
1 0.5671875 0.4984375 0.04921875 0.0484375
0 0.21640625 0.49609375 0.04765625 0.04375
1 0.7046875 0.2921875 0.04921875 0.0484375
0 0.22890625 0.5734375 0.0484375 0.04453125
1 0.653125 0.696875 0.05 0.04609375
0 0.29609375 0.63515625 0.04921875 0.04453125
0 0.103125 0.303125 0.04921875 0.0453125
1 0.9078125 0.50078125 0.05 0.04921875
0 0.5015625 0.8328125 0.0484375 0.04375
0 0.2203125 0.31640625 0.0484375 0.04453125
1 0.8453125 0.43515625 0.05078125 0.046875
0 0.1671875 0.3109375 0.0484375 0.04375
1 0.84296875 0.70390625 0.05078125 0.04609375
1 0.840625 0.62578125 0.05 0.046875
1 0.8328125 0.5609375 0.0484375 0.046875
1 0.7078125 0.571875 0.05078125 0.04765625
0 0.234375 0.63125 0.0484375 0.0453125
0 0.16875 0.43671875 0.0484375 0.0453125
1 0.7875 0.76015625 0.05234375 0.04765625
0 0.4328125 0.821875 0.04921875 0.04453125
1 0.77578125 0.496875 0.0484375 0.0453125
0 0.23125 0.76328125 0.04921875 0.0453125
0 0.22421875 0.375 0.0484375 0.04453125
0 0.1625 0.6390625 0.05 0.0453125
1 0.90546875 0.70234375 0.0515625 0.046875
1 0.6359375 0.63515625 0.04921875 0.046875
1 0.84140625 0.4984375 0.04921875 0.04609375
1 0.571875 0.30625 0.04921875 0.04921875
1 0.509375 0.3109375 0.05078125 0.05
0 0.16171875 0.71015625 0.04921875 0.0453125
1 0.29765625 0.17421875 0.05234375 0.05
0 0.30546875 0.82578125 0.04921875 0.0453125
1 0.446875 0.23671875 0.05 0.05
0 0.23125 0.1125 0.05 0.0453125
0 0.0953125 0.36875 0.05 0.0453125
1 0.42578125 0.17734375 0.0515625 0.0515625
1 0.5046875 0.37734375 0.05 0.04765625
1 0.909375 0.440625 0.05078125 0.04765625
1 0.57734375 0.759375 0.04921875 0.04765625
1 0.5046875 0.753125 0.05078125 0.0484375
1 0.42265625 0.3125 0.0515625 0.04921875
0 0.09140625 0.17109375 0.05 0.04765625
1 0.634375 0.8328125 0.05078125 0.04765625
0 0.3703125 0.82890625 0.04921875 0.04453125
1 0.91796875 0.77421875 0.05234375 0.0484375
1 0.56953125 0.58203125 0.04921875 0.0484375
1 0.63203125 0.43984375 0.05 0.0453125
1 0.9765625 0.628125 0.046875 0.04609375
0 0.15625 0.56171875 0.05 0.0453125
1 0.715625 0.89375 0.05078125 0.04765625
1 0.2140625 0.1671875 0.05234375 0.0515625
0 0.1640625 0.10390625 0.05 0.04609375
0 0.434375 0.9 0.0484375 0.04375
1 0.71875 0.2421875 0.05 0.0484375
1 0.5671875 0.83515625 0.05 0.04765625
1 0.5046875 0.69609375 0.05 0.046875
0 0.0921875 0.1046875 0.05078125 0.046875
1 0.7859375 0.71171875 0.053125 0.046875
1 0.63359375 0.23046875 0.05078125 0.046875
1 0.5 0.24921875 0.04921875 0.04921875
1 0.43515625 0.68828125 0.05 0.046875
0 0.02421875 0.3625 0.0484375 0.04609375
0 0.025 0.55625 0.05 0.04609375
1 0.925 0.29453125 0.05078125 0.0484375
0 0.10703125 0.559375 0.0484375 0.0453125
1 0.71171875 0.840625 0.05 0.046875
0 0.0234375 0.2421875 0.046875 0.046875
1 0.15546875 0.16328125 0.05078125 0.0515625
0 0.0296875 0.4265625 0.04921875 0.04609375
1 0.84609375 0.3703125 0.05 0.046875
1 0.36640625 0.23515625 0.05078125 0.04921875
1 0.3609375 0.6875 0.05 0.04765625
1 0.36640625 0.7609375 0.0515625 0.0484375
1 0.14921875 0.23984375 0.05234375 0.05078125
1 0.78046875 0.23359375 0.05 0.04765625
1 0.48984375 0.88984375 0.05 0.046875
1 0.775 0.11015625 0.05078125 0.04921875
1 0.97578125 0.77109375 0.0484375 0.046875
1 0.97734375 0.43359375 0.0453125 0.04765625
1 0.90234375 0.65625 0.05078125 0.04765625
1 0.85 0.2375 0.05 0.04765625
1 0.31171875 0.75703125 0.05 0.046875
1 0.2921875 0.10625 0.05234375 0.05
1 0.5734375 0.9 0.05 0.04765625
1 0.0796875 0.240625 0.05078125 0.05
0 0.02734375 0.61640625 0.0484375 0.0453125
1 0.85234375 0.896875 0.05078125 0.04765625
0 0.2953125 0.8953125 0.0484375 0.04375
1 0.9734375 0.57421875 0.05 0.04765625
0 0.2265625 0.8921875 0.0484375 0.04453125
0 0.1609375 0.8890625 0.04921875 0.04453125
1 0.975 0.84140625 0.05 0.0484375
1 0.709375 0.16953125 0.05 0.04765625
1 0.50546875 0.09765625 0.05 0.0484375
0 0.0234375 0.11171875 0.046875 0.0484375
1 0.634375 0.03984375 0.05078125 0.04921875
1 0.43046875 0.11171875 0.0515625 0.04921875
0 0.02578125 0.8234375 0.0484375 0.0453125
0 0.096875 0.03828125 0.04921875 0.04609375
0 0.509375 0.9578125 0.05 0.0453125
1 0.9796875 0.3609375 0.03984375 0.04765625
1 0.85546875 0.9546875 0.05078125 0.04765625
0 0.440625 0.9578125 0.0484375 0.04375
1 0.21953125 0.0421875 0.05078125 0.0484375
1 0.6453125 0.95625 0.0515625 0.04765625
1 0.78828125 0.95703125 0.05234375 0.0484375
1 0.3015625 0.0421875 0.05078125 0.0484375
0 0.56953125 0.965625 0.0484375 0.04296875
1 0.97734375 0.91953125 0.0453125 0.0484375
0 0.24296875 0.94765625 0.04921875 0.0453125
1 0.91875 0.11484375 0.05078125 0.04921875
1 0.57421875 0.03125 0.05078125 0.04765625
1 0.153125 0.03828125 0.05078125 0.0484375
1 0.79140625 0.04296875 0.05 0.0484375
0 0.10234375 0.9546875 0.05 0.04453125