1 0.721875 0.28984375 0.05078125 0.05078125
1 0.6765625 0.16328125 0.0515625 0.0515625
1 0.39375 0.34140625 0.05234375 0.05078125
1 0.8734375 0.384375 0.053125 0.0515625
1 0.834375 0.33984375 0.05234375 0.05078125
1 0.34296875 0.3546875 0.0515625 0.04921875
1 0.71953125 0.234375 0.0515625 0.05078125
1 0.6515625 0.71796875 0.053125 0.0515625
1 0.3171875 0.2859375 0.05234375 0.05
1 0.4921875 0.12421875 0.053125 0.0515625
1 0.290625 0.22421875 0.0546875 0.0515625
1 0.440625 0.121875 0.0515625 0.05078125
1 0.76875 0.22109375 0.05234375 0.05078125
1 0.24375 0.334375 0.0546875 0.05078125
1 0.18671875 0.2265625 0.0546875 0.0515625
1 0.07265625 0.378125 0.0546875 0.05234375
1 0.921875 0.39921875 0.053125 0.0515625
1 0.82578125 0.22265625 0.0515625 0.04921875
1 0.60078125 0.1 0.053125 0.05
1 0.12265625 0.2859375 0.05390625 0.0515625
1 0.07421875 0.60390625 0.05546875 0.0515625
1 0.91953125 0.4546875 0.0546875 0.053125
1 0.34296875 0.1796875 0.053125 0.053125
1 0.4 0.77109375 0.053125 0.05
1 0.60234375 0.68359375 0.053125 0.05078125
1 0.2796875 0.3953125 0.0546875 0.05234375
1 0.715625 0.1140625 0.05234375 0.04921875
1 0.1265625 0.4390625 0.0546875 0.05078125
1 0.66015625 0.1078125 0.053125 0.05
1 0.28046875 0.44765625 0.05546875 0.05390625
1 0.60078125 0.85859375 0.053125 0.05
1 0.0640625 0.49453125 0.05390625 0.0515625
1 0.13359375 0.22890625 0.053125 0.0515625
1 0.184375 0.4484375 0.05390625 0.05234375
1 0.34453125 0.6078125 0.0546875 0.05078125
1 0.884375 0.33046875 0.05234375 0.05078125
1 0.3421875 0.6625 0.0546875 0.05078125
1 0.0703125 0.69140625 0.05625 0.0515625
1 0.9734375 0.64921875 0.053125 0.05234375
1 0.12109375 0.56875 0.0546875 0.05078125
1 0.78046875 0.165625 0.053125 0.05
1 0.8796875 0.28125 0.053125 0.05
1 0.759375 0.82890625 0.0546875 0.0515625
1 0.23203125 0.6140625 0.05390625 0.05078125
1 0.86796875 0.5671875 0.05390625 0.0515625
1 0.9140625 0.50703125 0.0546875 0.0515625
1 0.9171875 0.55546875 0.053125 0.05078125
1 0.76640625 0.87890625 0.05546875 0.0515625
1 0.546875 0.721875 0.05234375 0.05078125
1 0.81796875 0.76875 0.0546875 0.05
1 0.87578125 0.22890625 0.05234375 0.04921875
1 0.1828125 0.56171875 0.0546875 0.0515625
1 0.28984375 0.171875 0.05390625 0.05078125
1 0.925 0.61171875 0.0515625 0.05078125
1 0.0234375 0.5671875 0.046875 0.05
1 0.0234375 0.325 0.04609375 0.0515625
1 0.93203125 0.71953125 0.05234375 0.05234375
1 0.234375 0.11953125 0.053125 0.0515625
1 0.3953125 0.06796875 0.053125 0.05078125
1 0.8734375 0.61796875 0.0546875 0.0515625
1 0.028125 0.7546875 0.0546875 0.0515625
1 0.8296875 0.71796875 0.05390625 0.05
1 0.0765625 0.32109375 0.05390625 0.0515625
1 0.29296875 0.7546875 0.05390625 0.05
1 0.81640625 0.821875 0.0546875 0.0515625
1 0.4546875 0.77421875 0.0515625 0.05
1 0.12734375 0.1734375 0.053125 0.05078125
1 0.06484375 0.44296875 0.05390625 0.0515625
1 0.12890625 0.7359375 0.0546875 0.0515625
1 0.33125 0.125 0.05390625 0.0515625
1 0.8734375 0.66875 0.0546875 0.05078125
1 0.88125 0.71796875 0.05234375 0.05
1 0.1515625 0.81484375 0.0546875 0.0515625
1 0.878125 0.82734375 0.05390625 0.0515625
1 0.5046875 0.7734375 0.05234375 0.05078125
1 0.459375 0.8671875 0.05390625 0.05
1 0.23828125 0.51484375 0.05546875 0.053125
1 0.2859375 0.65546875 0.0546875 0.0515625
1 0.33046875 0.54375 0.053125 0.05078125
1 0.49609375 0.725 0.05390625 0.04921875
1 0.509375 0.0734375 0.05390625 0.05
1 0.284375 0.0625 0.0546875 0.0515625
1 0.65546875 0.91953125 0.05390625 0.05078125
1 0.1828125 0.12265625 0.05234375 0.0515625
1 0.1828125 0.66875 0.05625 0.05234375
1 0.13046875 0.88046875 0.05546875 0.0515625
1 0.4515625 0.0703125 0.053125 0.0515625
1 0.975 0.5984375 0.05 0.0515625
1 0.240625 0.759375 0.05390625 0.0515625
1 0.28828125 0.82890625 0.05546875 0.05234375
1 0.928125 0.82109375 0.05234375 0.053125
1 0.2796875 0.54375 0.05390625 0.0515625
1 0.23359375 0.5640625 0.05390625 0.0515625
1 0.7 0.88046875 0.05390625 0.05078125
1 0.4921875 0.8234375 0.0546875 0.0515625
1 0.23515625 0.88125 0.05546875 0.05078125
1 0.18984375 0.934375 0.0546875 0.05078125
1 0.178125 0.771875 0.05625 0.053125
1 0.5953125 0.96953125 0.05390625 0.05
1 0.70390625 0.93046875 0.053125 0.05078125
1 0.29140625 0.92890625 0.0546875 0.0515625
1 0.1328125 0.12109375 0.05234375 0.0515625
1 0.28828125 0.7046875 0.053125 0.05234375
1 0.3421875 0.934375 0.0546875 0.0515625
1 0.97578125 0.87421875 0.0484375 0.0515625
1 0.5109375 0.86875 0.05234375 0.05078125
1 0.01953125 0.44609375 0.0390625 0.05078125
1 0.9765625 0.8265625 0.046875 0.05234375
1 0.55390625 0.928125 0.05234375 0.05078125
1 0.4046875 0.93125 0.05390625 0.0515625
1 0.5640625 0.065625 0.05234375 0.05078125
1 0.978125 0.771875 0.04375 0.053125
1 0.1875 0.71875 0.05546875 0.05078125
1 0.29453125 0.87890625 0.05625 0.05234375
1 0.5046875 0.92734375 0.053125 0.0515625
1 0.4953125 0.975 0.053125 0.04765625
1 0.2375 0.7109375 0.05234375 0.05
1 0.45390625 0.93125 0.0515625 0.05
1 0.4109375 0.97734375 0.053125 0.0453125
1 0.7046875 0.97734375 0.053125 0.04453125
1 0.2328125 0.4640625 0.0546875 0.0515625