0 0.4390625 0.6015625 0.0484375 0.0484375
1 0.021875 0.596875 0.04375 0.0484375
0 0.27734375 0.5 0.04921875 0.0484375
0 0.54296875 0.60703125 0.05 0.05
0 0.39296875 0.49296875 0.05 0.04921875
0 0.49140625 0.75859375 0.05078125 0.05
0 0.390625 0.54921875 0.04921875 0.04921875
0 0.3375 0.54765625 0.04921875 0.0484375
0 0.228125 0.50390625 0.04921875 0.04921875
0 0.49296875 0.49296875 0.05 0.04921875
0 0.4375 0.75859375 0.05078125 0.05078125
0 0.44609375 0.3953125 0.05 0.04765625
0 0.54609375 0.49765625 0.05 0.04921875
0 0.58203125 0.5484375 0.04765625 0.0484375
0 0.4859375 0.54375 0.05 0.05
0 0.64453125 0.596875 0.05 0.04921875
0 0.5921875 0.75859375 0.05078125 0.04921875
0 0.3796875 0.75078125 0.0515625 0.05078125
0 0.4390625 0.55390625 0.04921875 0.04921875
0 0.53359375 0.546875 0.04921875 0.04921875
0 0.22421875 0.39296875 0.04921875 0.04765625
0 0.496875 0.353125 0.0484375 0.0484375
0 0.64375 0.86953125 0.05 0.04921875
0 0.178125 0.59765625 0.0515625 0.05078125
0 0.22109375 0.6484375 0.05078125 0.04921875
0 0.2890625 0.45390625 0.05 0.05
0 0.534375 0.70625 0.05 0.04921875
0 0.68671875 0.64765625 0.05078125 0.05
0 0.39609375 0.34453125 0.05 0.04765625
0 0.18125 0.4921875 0.04921875 0.05078125
0 0.5796875 0.6453125 0.04921875 0.0484375
0 0.42734375 0.7078125 0.05 0.04921875
0 0.58828125 0.7078125 0.05 0.04921875
0 0.1859375 0.55078125 0.0515625 0.05078125
0 0.3984375 0.44453125 0.05 0.04921875
0 0.7375 0.65234375 0.05078125 0.05
0 0.5890625 0.8609375 0.05 0.05
0 0.37890625 0.7015625 0.05078125 0.05
1 0.0234375 0.66328125 0.0453125 0.0484375
0 0.6546875 0.82421875 0.05 0.05078125
0 0.70546875 0.8171875 0.0515625 0.05
0 0.346875 0.446875 0.05078125 0.0484375
0 0.13671875 0.44296875 0.04921875 0.05
0 0.33203125 0.65703125 0.05078125 0.05078125
0 0.7546875 0.8140625 0.0515625 0.05
0 0.69453125 0.759375 0.05078125 0.05078125
1 0.1296875 0.596875 0.05 0.0484375
0 0.53828125 0.44765625 0.05078125 0.04921875
0 0.65234375 0.55 0.05078125 0.05
0 0.64375 0.76796875 0.05078125 0.05078125
0 0.2796875 0.7546875 0.05078125 0.05078125
0 0.49140625 0.8640625 0.05078125 0.05
0 0.3328125 0.31171875 0.0484375 0.04765625
0 0.42578125 0.81171875 0.05078125 0.05
1 0.07578125 0.65390625 0.05 0.04921875
0 0.48125 0.7046875 0.05 0.05
0 0.23203125 0.603125 0.04921875 0.05078125
0 0.28046875 0.35078125 0.05 0.04921875
0 0.1765625 0.34453125 0.04921875 0.04765625
0 0.4484375 0.34921875 0.05078125 0.04921875
0 0.6078125 0.9140625 0.05 0.05
0 0.1390625 0.5453125 0.05 0.05078125
0 0.50078125 0.30234375 0.04921875 0.0484375
0 0.60625 0.44921875 0.05 0.04765625
0 0.70625 0.5484375 0.05078125 0.05
0 0.80546875 0.76171875 0.05078125 0.05
1 0.96640625 0.6015625 0.05 0.05
0 0.28203125 0.7078125 0.04921875 0.05
0 0.08203125 0.5984375 0.04921875 0.05
0 0.3796875 0.65546875 0.05078125 0.05
0 0.084375 0.4484375 0.05 0.05
0 0.23046875 0.753125 0.05234375 0.0515625
0 0.28203125 0.65546875 0.05 0.05078125
0 0.4765625 0.915625 0.05 0.05
0 0.38984375 0.296875 0.05 0.04921875
0 0.74375 0.75625 0.0515625 0.0515625
0 0.84921875 0.8234375 0.05 0.05
0 0.54765625 0.290625 0.04921875 0.0484375
0 0.546875 0.4015625 0.05 0.05
0 0.490625 0.4453125 0.05 0.05
1 0.01953125 0.8078125 0.03828125 0.0484375
1 0.17265625 0.6453125 0.05 0.05
0 0.7546875 0.553125 0.05078125 0.05
0 0.2296875 0.346875 0.05078125 0.05
0 0.44453125 0.2421875 0.0484375 0.04765625
0 0.07578125 0.54921875 0.05078125 0.0515625
1 0.125 0.646875 0.0515625 0.05078125
0 0.55625 0.2421875 0.04921875 0.04921875
1 0.02109375 0.709375 0.04140625 0.0484375
0 0.2859375 0.25078125 0.0484375 0.04765625
0 0.84765625 0.659375 0.05 0.05
0 0.4984375 0.1875 0.0484375 0.0484375
1 0.07265625 0.7546875 0.05 0.05
0 0.54609375 0.19296875 0.05 0.04921875
0 0.6515625 0.50078125 0.05 0.0484375
0 0.78828125 0.65703125 0.05078125 0.04921875
0 0.9078125 0.8734375 0.05234375 0.05
0 0.5515625 0.1359375 0.05078125 0.04921875
0 0.8984375 0.825 0.05234375 0.0515625
0 0.39296875 0.234375 0.05 0.0484375
0 0.87265625 0.71484375 0.05078125 0.05234375
1 0.17265625 0.69609375 0.05078125 0.05078125
0 0.60234375 0.1390625 0.05 0.0484375
1 0.9703125 0.6515625 0.05078125 0.05078125
0 0.80390625 0.546875 0.04921875 0.05078125
0 0.128125 0.39296875 0.05 0.0484375
1 0.221875 0.6984375 0.05 0.05078125
0 0.8640625 0.9265625 0.05078125 0.05078125
0 0.18125 0.28984375 0.04921875 0.0484375
0 0.44609375 0.14765625 0.05 0.04921875
0 0.23828125 0.24140625 0.0484375 0.0484375
1 0.33046875 0.70703125 0.0484375 0.04921875
1 0.1203125 0.71328125 0.05078125 0.04921875
0 0.95390625 0.81328125 0.05078125 0.05
1 0.1828125 0.75078125 0.05078125 0.04921875
0 0.9609375 0.753125 0.0515625 0.0515625
1 0.86484375 0.55625 0.05078125 0.05
1 0.06328125 0.7 0.05 0.04921875
0 0.3421875 0.1953125 0.04921875 0.0484375
0 0.4875 0.9640625 0.0515625 0.0515625
0 0.59375 0.9625 0.05078125 0.0515625
1 0.07578125 0.8015625 0.05078125 0.05
1 0.54921875 0.34140625 0.05 0.05078125
1 0.9703125 0.70546875 0.05234375 0.0515625
1 0.0671875 0.86796875 0.0515625 0.0515625
0 0.61015625 0.0875 0.04921875 0.0484375
1 0.6375 0.4046875 0.05078125 0.05
0 0.0234375 0.54765625 0.046875 0.0515625
0 0.90703125 0.66171875 0.05078125 0.0515625
1 0.92109375 0.71171875 0.0515625 0.05234375
1 0.59296875 0.384375 0.05 0.04921875
1 0.6921875 0.6 0.05078125 0.05078125
0 0.9125 0.9203125 0.0515625 0.05
1 0.65390625 0.4484375 0.0515625 0.05078125
1 0.5953125 0.28984375 0.05078125 0.04921875
1 0.91484375 0.603125 0.05078125 0.0515625
1 0.44140625 0.86171875 0.0515625 0.05078125
1 0.37734375 0.80625 0.05 0.0484375
0 0.03203125 0.44453125 0.04921875 0.04921875
1 0.01875 0.91328125 0.0375 0.0484375
1 0.12578125 0.80625 0.05078125 0.0484375
1 0.92109375 0.4546875 0.0515625 0.0515625
1 0.80859375 0.49453125 0.05078125 0.05
1 0.59453125 0.196875 0.05078125 0.05
0 0.340625 0.0890625 0.0484375 0.04921875
1 0.65078125 0.1328125 0.0515625 0.05234375
1 0.75234375 0.0328125 0.0515625 0.05
1 0.66328125 0.07734375 0.05 0.05078125
0 0.4421875 0.09921875 0.04921875 0.04921875
0 0.3953125 0.0921875 0.05 0.0484375
0 0.6421875 0.96953125 0.05234375 0.05
1 0.5953125 0.33984375 0.05078125 0.05078125
1 0.22734375 0.85 0.05078125 0.05078125
1 0.7 0.1421875 0.0515625 0.05078125
1 0.81015625 0.60390625 0.04921875 0.04921875
1 0.8609375 0.7625 0.05 0.04921875
1 0.8125 0.0921875 0.0515625 0.04921875
1 0.75390625 0.496875 0.05 0.04921875
0 0.53828125 0.96953125 0.05078125 0.05
1 0.75390625 0.60390625 0.05 0.05078125
0 0.29375 0.0921875 0.04921875 0.04921875
1 0.865625 0.60546875 0.05078125 0.05078125
0 0.55546875 0.0875 0.04921875 0.0484375
1 0.7046875 0.49765625 0.0515625 0.04921875
1 0.33046875 0.7546875 0.05 0.0484375
1 0.86640625 0.13828125 0.05234375 0.05
1 0.6984375 0.34609375 0.05078125 0.05
1 0.759375 0.08515625 0.05078125 0.05
1 0.22734375 0.8015625 0.05 0.04921875
1 0.18359375 0.91953125 0.05 0.0484375
1 0.32265625 0.85859375 0.05078125 0.04921875
1 0.871875 0.44921875 0.05078125 0.05078125
1 0.91796875 0.503125 0.05234375 0.05078125
1 0.07578125 0.915625 0.05 0.0484375
1 0.27734375 0.8140625 0.05 0.0484375
1 0.9125 0.76015625 0.04921875 0.05
1 0.64765625 0.18515625 0.0515625 0.0515625
1 0.42109375 0.90703125 0.05078125 0.04921875
1 0.178125 0.7984375 0.05078125 0.0484375
1 0.37890625 0.853125 0.05078125 0.04921875
1 0.865625 0.0375 0.05078125 0.04921875
0 0.74296875 0.96328125 0.05078125 0.05078125
1 0.3296875 0.8109375 0.05078125 0.0484375
1 0.228125 0.896875 0.05078125 0.05
1 0.70390625 0.190625 0.0515625 0.05
1 0.92578125 0.34765625 0.05078125 0.05078125
1 0.60625 0.24296875 0.05 0.04921875
1 0.70234375 0.246875 0.05078125 0.04921875
1 0.8546875 0.29765625 0.05234375 0.05078125
1 0.81484375 0.1875 0.05078125 0.05078125
1 0.815625 0.13828125 0.0515625 0.05078125
1 0.7125 0.0859375 0.0515625 0.05078125
1 0.32421875 0.9109375 0.05 0.04921875
1 0.86484375 0.396875 0.0515625 0.0515625
1 0.65390625 0.2421875 0.05 0.05078125
0 0.1640625 0.19296875 0.05 0.0484375
1 0.9125 0.18125 0.05234375 0.05078125
1 0.97265625 0.28984375 0.053125 0.0515625
0 0.7 0.03828125 0.05078125 0.0484375
1 0.75625 0.38203125 0.05078125 0.04921875
1 0.43046875 0.95703125 0.05078125 0.05078125
1 0.76640625 0.19140625 0.0515625 0.05
0 0.603125 0.0390625 0.05078125 0.05
1 0.371875 0.91328125 0.05078125 0.04765625
0 0.90703125 0.9703125 0.05 0.0484375
1 0.7515625 0.24140625 0.05 0.05
1 0.8171875 0.38671875 0.0515625 0.05234375
1 0.7546875 0.28984375 0.0515625 0.05078125
0 0.65 0.03125 0.05078125 0.04921875
1 0.23359375 0.96015625 0.05078125 0.05
1 0.0625 0.9609375 0.05 0.05078125
1 0.8046875 0.28515625 0.05 0.05078125
1 0.33359375 0.9609375 0.05078125 0.05
1 0.9203125 0.2296875 0.05234375 0.0515625
0 0.4921875 0.0359375 0.05078125 0.04921875
0 0.2421875 0.040625 0.04921875 0.04765625