0 0.88125 0.42421875 0.053125 0.0546875
1 0.49921875 0.440625 0.0515625 0.05
1 0.6 0.48203125 0.05234375 0.04921875
1 0.2859375 0.5015625 0.053125 0.04921875
1 0.23515625 0.5 0.053125 0.05
1 0.55078125 0.49296875 0.0515625 0.04921875
1 0.45390625 0.38515625 0.0515625 0.046875
1 0.1890625 0.5421875 0.05234375 0.05
1 0.65625 0.5328125 0.0515625 0.05
1 0.45 0.43046875 0.0515625 0.04921875
1 0.72578125 0.57265625 0.0515625 0.05078125
1 0.67734375 0.578125 0.05234375 0.05078125
1 0.678125 0.634375 0.05234375 0.0515625
1 0.5140625 0.59921875 0.05390625 0.04765625
1 0.5015625 0.4875 0.0515625 0.04765625
0 0.865625 0.17421875 0.053125 0.05
1 0.2421875 0.5453125 0.05390625 0.05
1 0.62734375 0.56875 0.05078125 0.04921875
1 0.5625 0.58671875 0.05078125 0.046875
1 0.56328125 0.63359375 0.053125 0.0484375
1 0.29296875 0.690625 0.05625 0.04921875
0 0.92890625 0.47578125 0.05390625 0.053125
1 0.46171875 0.6421875 0.053125 0.04765625
1 0.78359375 0.62890625 0.05390625 0.04921875
1 0.6125 0.6765625 0.0515625 0.0515625
1 0.3515625 0.73828125 0.0546875 0.05
1 0.24140625 0.69609375 0.053125 0.05
1 0.6671875 0.73515625 0.05234375 0.0515625
1 0.2390625 0.44375 0.053125 0.05078125
1 0.0796875 0.5875 0.0546875 0.05
1 0.40625 0.7328125 0.05390625 0.05
1 0.66328125 0.68125 0.05234375 0.05078125
1 0.5578125 0.728125 0.053125 0.0515625
1 0.5125 0.64453125 0.05234375 0.046875
0 0.878125 0.271875 0.053125 0.0515625
1 0.2984375 0.7375 0.05546875 0.05
1 0.715625 0.68671875 0.05234375 0.0515625
1 0.56875 0.7828125 0.053125 0.053125
1 0.403125 0.78828125 0.0546875 0.05078125
1 0.35390625 0.38984375 0.05234375 0.0515625
0 0.80390625 0.1234375 0.05390625 0.0515625
1 0.35234375 0.78203125 0.05546875 0.05
1 0.09296875 0.63359375 0.05625 0.053125
1 0.140625 0.7984375 0.0546875 0.0515625
1 0.45390625 0.79609375 0.05234375 0.05234375
1 0.8890625 0.78359375 0.05546875 0.05
1 0.55625 0.8375 0.053125 0.05078125
1 0.40078125 0.83671875 0.05390625 0.04765625
1 0.0765625 0.75625 0.05625 0.05546875
0 0.7546875 0.125 0.05078125 0.05
1 0.928125 0.6828125 0.0546875 0.05234375
1 0.19453125 0.79140625 0.0546875 0.05078125
1 0.8859375 0.8296875 0.05390625 0.04765625
0 0.7140625 0.47734375 0.05546875 0.053125
0 0.4546875 0.33671875 0.05546875 0.0546875
0 0.77890625 0.57890625 0.0546875 0.0515625
0 0.78203125 0.67890625 0.05390625 0.0515625
1 0.2953125 0.83671875 0.05234375 0.04921875
1 0.93125 0.73515625 0.0546875 0.053125
0 0.83515625 0.628125 0.05390625 0.0515625
0 0.03671875 0.63359375 0.05234375 0.05390625
0 0.8421875 0.6828125 0.0546875 0.053125
0 0.725 0.82734375 0.05390625 0.0515625
1 0.24296875 0.8421875 0.05390625 0.05078125
0 0.88125 0.7359375 0.05390625 0.0546875
0 0.65703125 0.48046875 0.0546875 0.05390625
1 0.13828125 0.85390625 0.05390625 0.053125
1 0.5640625 0.8859375 0.053125 0.05078125
1 0.61875 0.8859375 0.05234375 0.04921875
0 0.82890625 0.78515625 0.05546875 0.0546875
1 0.70390625 0.12421875 0.05 0.04765625
0 0.08671875 0.53671875 0.05234375 0.0546875
0 0.3375 0.49375 0.05625 0.0515625
1 0.5109375 0.3390625 0.0515625 0.05078125
0 0.7765625 0.88828125 0.05390625 0.053125
1 0.88125 0.878125 0.053125 0.05
0 0.084375 0.6890625 0.05390625 0.05390625
0 0.709375 0.52578125 0.05625 0.04765625
1 0.028125 0.79921875 0.0546875 0.05234375
1 0.40234375 0.8828125 0.05390625 0.05
0 0.40546875 0.3921875 0.0546875 0.04921875
0 0.68125 0.890625 0.0546875 0.05234375
1 0.82734375 0.884375 0.05234375 0.05078125
1 0.703125 0.175 0.05 0.04921875
0 0.14453125 0.6375 0.05625 0.05390625
0 0.67265625 0.784375 0.05546875 0.05078125
0 0.28984375 0.44296875 0.0515625 0.05
1 0.7578125 0.17421875 0.0515625 0.05
0 0.13828125 0.53203125 0.05546875 0.053125
0 0.2484375 0.63828125 0.05546875 0.04765625
0 0.4 0.48671875 0.053125 0.0484375
0 0.34296875 0.44375 0.0546875 0.05078125
0 0.1359375 0.584375 0.0578125 0.053125
1 0.0875 0.865625 0.0546875 0.053125
0 0.134375 0.746875 0.05625 0.0546875
0 0.4515625 0.48828125 0.05234375 0.0515625
0 0.40625 0.63515625 0.053125 0.0515625
0 0.82734375 0.83515625 0.05546875 0.053125
0 0.4015625 0.43984375 0.0515625 0.04765625
0 0.140625 0.68984375 0.05546875 0.0546875
0 0.19375 0.5875 0.053125 0.0484375
0 0.2453125 0.590625 0.05625 0.05
0 0.190625 0.6921875 0.0546875 0.05390625
0 0.6203125 0.83359375 0.0546875 0.05234375
0 0.45546875 0.58671875 0.05390625 0.0484375
0 0.19140625 0.74296875 0.05703125 0.04921875
0 0.45625 0.73671875 0.0515625 0.05
0 0.24609375 0.74375 0.053125 0.05
0 0.61796875 0.72734375 0.0546875 0.0515625
0 0.29765625 0.58984375 0.05390625 0.05078125
0 0.61953125 0.7765625 0.05625 0.05234375
0 0.3453125 0.87734375 0.0546875 0.05
0 0.2953125 0.54453125 0.05625 0.04609375
0 0.24921875 0.79375 0.05390625 0.05
0 0.39609375 0.684375 0.05625 0.04921875
0 0.35078125 0.83125 0.0546875 0.04921875
0 0.4515625 0.53828125 0.05078125 0.04921875
0 0.30078125 0.7828125 0.05078125 0.05078125
0 0.5078125 0.73828125 0.04921875 0.05078125
0 0.50390625 0.784375 0.05390625 0.04609375
0 0.50703125 0.88046875 0.0546875 0.0515625
1 0.190625 0.1875 0.0515625 0.05234375
0 0.5140625 0.690625 0.05078125 0.04921875
0 0.3015625 0.63984375 0.04765625 0.053125
0 0.50390625 0.83203125 0.0546875 0.05
0 0.459375 0.68828125 0.05234375 0.0484375
1 0.15546875 0.2640625 0.0515625 0.04921875
1 0.5 0.18046875 0.0515625 0.05234375
0 0.3421875 0.68515625 0.05078125 0.0546875
0 0.50234375 0.53359375 0.05 0.04609375
0 0.55234375 0.540625 0.04921875 0.04765625
0 0.603125 0.5296875 0.05 0.04765625
0 0.5625 0.68046875 0.0484375 0.0484375