1 0.61015625 0.859375 0.05078125 0.046875
0 0.07265625 0.28984375 0.05390625 0.05078125
1 0.71328125 0.8421875 0.053125 0.04921875
1 0.8015625 0.8078125 0.0546875 0.0515625
0 0.2296875 0.2390625 0.05390625 0.05078125
1 0.90703125 0.76015625 0.053125 0.05078125
1 0.1359375 0.89921875 0.053125 0.05
0 0.1234375 0.4484375 0.05390625 0.05078125
1 0.3921875 0.90859375 0.053125 0.05
0 0.6484375 0.134375 0.0515625 0.05
1 0.85859375 0.703125 0.05234375 0.04921875
0 0.02421875 0.18984375 0.0484375 0.0484375
1 0.44921875 0.9046875 0.05390625 0.05078125
0 0.8078125 0.3421875 0.05234375 0.04921875
0 0.0828125 0.146875 0.0515625 0.05078125
0 0.1796875 0.18671875 0.05234375 0.05
0 0.76171875 0.19140625 0.053125 0.05
1 0.23671875 0.859375 0.053125 0.05
1 0.60234375 0.6453125 0.0515625 0.04921875
1 0.08203125 0.85859375 0.053125 0.05078125
0 0.81328125 0.18359375 0.05234375 0.0515625
1 0.75 0.65234375 0.05234375 0.05
0 0.125 0.39609375 0.053125 0.05
1 0.0375 0.9 0.053125 0.05
1 0.50625 0.80859375 0.053125 0.05
0 0.13125 0.14921875 0.05234375 0.0515625
1 0.18125 0.80390625 0.05390625 0.05078125
1 0.66328125 0.64765625 0.053125 0.04921875
1 0.92890625 0.44921875 0.05234375 0.04921875
0 0.9640625 0.12578125 0.053125 0.0515625
0 0.06640625 0.2390625 0.05390625 0.05
1 0.80234375 0.6515625 0.05234375 0.04921875
0 0.92109375 0.08046875 0.05390625 0.05078125
0 0.85859375 0.14140625 0.053125 0.05078125
1 0.921875 0.7 0.05234375 0.05078125
0 0.1796875 0.13203125 0.05234375 0.05078125
0 0.08125 0.5453125 0.0546875 0.05234375
0 0.70390625 0.18828125 0.0515625 0.046875
0 0.17578125 0.38671875 0.05390625 0.0515625
0 0.6546875 0.29375 0.05078125 0.0484375
0 0.75546875 0.2796875 0.05234375 0.05
1 0.34140625 0.853125 0.05390625 0.04921875
0 0.8578125 0.28828125 0.053125 0.05
1 0.2875 0.853125 0.05234375 0.04921875
0 0.75625 0.090625 0.05234375 0.04765625
0 0.13515625 0.54296875 0.05390625 0.05078125
0 0.18671875 0.4375 0.0515625 0.0515625
1 0.2890625 0.746875 0.0546875 0.05078125
0 0.03125 0.5953125 0.05234375 0.0515625
0 0.5515625 0.38984375 0.05234375 0.04921875
0 0.6 0.2953125 0.05234375 0.04921875
0 0.17734375 0.48984375 0.05390625 0.04921875
0 0.91875 0.2890625 0.053125 0.05
0 0.02890625 0.659375 0.0515625 0.04921875
0 0.80546875 0.28203125 0.0515625 0.05
0 0.65 0.0875 0.053125 0.05
0 0.1765625 0.33828125 0.05234375 0.05078125
1 0.08671875 0.79765625 0.053125 0.05
0 0.9171875 0.18984375 0.05390625 0.05
0 0.85859375 0.0890625 0.053125 0.05078125
0 0.4921875 0.390625 0.053125 0.04921875
0 0.2296875 0.19140625 0.05234375 0.04921875
0 0.078125 0.74921875 0.0546875 0.05
0 0.653125 0.49296875 0.053125 0.04921875
0 0.025 0.140625 0.05 0.0515625
0 0.17578125 0.29140625 0.053125 0.04765625
0 0.81015625 0.1375 0.0515625 0.0484375
0 0.746875 0.4 0.05390625 0.0484375
0 0.12890625 0.646875 0.05546875 0.0515625
0 0.228125 0.38515625 0.053125 0.0484375
1 0.33359375 0.80625 0.0546875 0.05
0 0.2875 0.43828125 0.053125 0.04921875
1 0.92265625 0.64765625 0.053125 0.0515625
1 0.865625 0.403125 0.053125 0.05078125
1 0.4984375 0.75 0.05234375 0.05
0 0.18359375 0.6453125 0.053125 0.04921875
0 0.13125 0.70234375 0.0546875 0.05
0 0.23671875 0.43359375 0.0515625 0.04921875
1 0.80546875 0.59375 0.05390625 0.04921875
0 0.07734375 0.7 0.053125 0.05078125
0 0.5453125 0.54296875 0.053125 0.05078125
0 0.36640625 0.19296875 0.05234375 0.04765625
1 0.4546875 0.85546875 0.05234375 0.0484375
0 0.69453125 0.44296875 0.05234375 0.04921875
1 0.97109375 0.6421875 0.053125 0.05
0 0.6953125 0.3890625 0.05234375 0.04921875
0 0.5953125 0.43671875 0.05234375 0.04921875
0 0.596875 0.24375 0.0515625 0.05078125
0 0.078125 0.65234375 0.053125 0.0515625
0 0.33046875 0.24296875 0.05234375 0.04765625
0 0.33828125 0.29140625 0.05390625 0.05078125
0 0.33125 0.38671875 0.05 0.0484375
1 0.9734375 0.59453125 0.053125 0.0515625
0 0.640625 0.390625 0.0515625 0.04765625
0 0.6453125 0.4359375 0.053125 0.05
0 0.1234375 0.09296875 0.05234375 0.05
1 0.1796875 0.7515625 0.053125 0.05078125
0 0.8578125 0.240625 0.0515625 0.0484375
1 0.50078125 0.6828125 0.05234375 0.0484375
0 0.3828125 0.39453125 0.053125 0.04921875
0 0.39609375 0.28984375 0.05234375 0.0484375
0 0.49375 0.5421875 0.053125 0.05
0 0.34609375 0.74375 0.05390625 0.04765625
0 0.12890625 0.6 0.0546875 0.0515625
0 0.03203125 0.79765625 0.05390625 0.05
0 0.6875 0.33984375 0.05234375 0.0484375
0 0.29453125 0.63984375 0.05234375 0.0484375
0 0.44765625 0.74921875 0.05390625 0.04921875
0 0.0296875 0.84453125 0.053125 0.04921875
0 0.5484375 0.48984375 0.0515625 0.04921875
0 0.44765625 0.290625 0.05234375 0.04921875
0 0.646875 0.03984375 0.05234375 0.0484375
1 0.28515625 0.6953125 0.053125 0.05078125
0 0.5984375 0.0296875 0.05078125 0.0484375
1 0.76484375 0.5390625 0.05234375 0.04921875
0 0.4984375 0.4953125 0.05 0.04921875
0 0.4890625 0.2390625 0.05234375 0.0484375
0 0.0234375 0.74765625 0.046875 0.0484375
1 0.1296875 0.7515625 0.053125 0.0515625
0 0.69453125 0.0234375 0.0515625 0.0453125
1 0.34453125 0.69375 0.053125 0.05078125
0 0.34453125 0.64140625 0.0546875 0.05078125
0 0.49140625 0.44765625 0.05390625 0.0484375
0 0.59140625 0.19609375 0.0515625 0.046875
0 0.39453125 0.703125 0.053125 0.0484375
0 0.5484375 0.33828125 0.05234375 0.0484375
0 0.28203125 0.390625 0.053125 0.05078125
1 0.59453125 0.55546875 0.0515625 0.05
0 0.2796875 0.34296875 0.0515625 0.046875
0 0.33125 0.33828125 0.05234375 0.04921875
1 0.23671875 0.6375 0.05390625 0.04921875
0 0.4484375 0.48984375 0.0515625 0.05
0 0.9125 0.025 0.05234375 0.046875
0 0.44921875 0.8078125 0.05234375 0.0484375
0 0.53828125 0.24609375 0.05234375 0.0484375
1 0.1859375 0.69609375 0.053125 0.05078125
0 0.39765625 0.590625 0.0546875 0.04921875
1 0.975 0.3421875 0.04921875 0.05078125
0 0.965625 0.0265625 0.053125 0.0484375
0 0.80625 0.021875 0.053125 0.04296875
1 0.659375 0.6 0.05234375 0.04921875
0 0.5484375 0.29296875 0.05234375 0.05078125
0 0.44296875 0.696875 0.053125 0.0484375
0 0.34296875 0.5921875 0.053125 0.0484375
1 0.79921875 0.3984375 0.053125 0.05
0 0.40234375 0.85234375 0.05390625 0.04921875
1 0.60234375 0.48828125 0.0515625 0.05
1 0.69375 0.53671875 0.0515625 0.04921875
1 0.45234375 0.64375 0.0515625 0.0484375
1 0.2265625 0.4828125 0.05234375 0.05078125
0 0.3890625 0.8078125 0.053125 0.0484375
1 0.86484375 0.33515625 0.053125 0.05078125
1 0.33828125 0.44375 0.053125 0.05
1 0.290625 0.48671875 0.05390625 0.05078125
1 0.5546875 0.5984375 0.05078125 0.04921875
0 0.39453125 0.64296875 0.05390625 0.05078125
1 0.50703125 0.63515625 0.0515625 0.04921875
1 0.38984375 0.490625 0.0515625 0.04921875
1 0.8171875 0.5484375 0.05234375 0.04765625
1 0.18046875 0.5953125 0.053125 0.05078125
1 0.79609375 0.45703125 0.05234375 0.05
0 0.4515625 0.596875 0.05234375 0.0484375
1 0.4453125 0.5421875 0.05234375 0.0515625
1 0.28828125 0.59140625 0.05390625 0.04921875
1 0.6421875 0.5453125 0.0515625 0.0515625
1 0.18671875 0.5359375 0.05390625 0.05
1 0.9734375 0.2921875 0.0515625 0.04921875
1 0.92265625 0.3359375 0.053125 0.05078125
1 0.7453125 0.4484375 0.0515625 0.04921875
1 0.4984375 0.2875 0.05390625 0.0515625
1 0.38984375 0.54296875 0.05234375 0.05078125
1 0.91328125 0.23828125 0.053125 0.05
1 0.3890625 0.44375 0.05390625 0.05
1 0.38359375 0.34453125 0.0515625 0.04921875
1 0.70390625 0.490625 0.0515625 0.04921875
0 0.01796875 0.0921875 0.0359375 0.046875
1 0.971875 0.1765625 0.05234375 0.04921875
1 0.4390625 0.4390625 0.05234375 0.05
1 0.4828125 0.3390625 0.053125 0.0515625
1 0.28984375 0.5453125 0.05234375 0.05
1 0.971875 0.2265625 0.053125 0.04921875
1 0.43359375 0.3921875 0.05234375 0.05
1 0.50546875 0.5875 0.0515625 0.0484375
1 0.340625 0.5453125 0.05234375 0.05
1 0.81171875 0.5015625 0.05390625 0.04765625
1 0.434375 0.3421875 0.0515625 0.05
1 0.23046875 0.5890625 0.053125 0.04921875