1 0.50625 0.48828125 0.04765625 0.04609375
0 0.24453125 0.440625 0.05 0.04765625
0 0.19140625 0.4453125 0.05 0.04765625
0 0.134375 0.44296875 0.05 0.0484375
1 0.50703125 0.39453125 0.0484375 0.046875
1 0.7609375 0.48515625 0.04921875 0.046875
1 0.3 0.45 0.05078125 0.0484375
0 0.40546875 0.29140625 0.0484375 0.04765625
1 0.56328125 0.3390625 0.0484375 0.046875
1 0.35078125 0.39140625 0.05078125 0.0484375
0 0.4546875 0.2921875 0.04765625 0.046875
0 0.19453125 0.340625 0.05 0.0484375
0 0.140625 0.3390625 0.05 0.04921875
1 0.39921875 0.85 0.04921875 0.0484375
1 0.6171875 0.28671875 0.0484375 0.0484375
0 0.08671875 0.33671875 0.05 0.04921875
0 0.61875 0.23359375 0.046875 0.046875
0 0.775 0.5796875 0.0484375 0.04609375
0 0.865625 0.5921875 0.04765625 0.0453125
1 0.8171875 0.43359375 0.0484375 0.046875
1 0.81875 0.58984375 0.04765625 0.046875
1 0.246875 0.74375 0.05078125 0.04921875
1 0.4015625 0.35 0.0484375 0.0484375
0 0.13828125 0.27890625 0.04921875 0.04921875
0 0.19296875 0.23125 0.04921875 0.0484375
0 0.6703125 0.23203125 0.0484375 0.046875
1 0.4515625 0.796875 0.04921875 0.0484375
1 0.075 0.38984375 0.05078125 0.05
1 0.96796875 0.5359375 0.0484375 0.04765625
1 0.13671875 0.69375 0.0515625 0.04921875
0 0.45625 0.2375 0.046875 0.046875
1 0.18984375 0.75 0.0515625 0.04921875
1 0.76875 0.1828125 0.0484375 0.046875
1 0.4546875 0.3421875 0.04921875 0.0484375
1 0.81640625 0.5375 0.0484375 0.046875
1 0.2453125 0.80390625 0.0515625 0.04921875
1 0.9671875 0.43046875 0.05 0.04765625
0 0.86640625 0.534375 0.04765625 0.04609375
1 0.2953125 0.18046875 0.05 0.0484375
1 0.509375 0.2875 0.04921875 0.0484375
1 0.9203125 0.5421875 0.04921875 0.0484375
1 0.02890625 0.69453125 0.05234375 0.0515625
1 0.19921875 0.69375 0.05078125 0.0484375
1 0.86796875 0.3765625 0.04765625 0.046875
0 0.6125 0.7984375 0.04765625 0.04765625
1 0.29765625 0.340625 0.05078125 0.0484375
1 0.0296875 0.80703125 0.053125 0.05078125
1 0.084375 0.8 0.05234375 0.05
1 0.86875 0.48515625 0.05 0.04765625
1 0.07734375 0.90703125 0.053125 0.0515625
0 0.5578125 0.74296875 0.046875 0.046875
1 0.92265625 0.48515625 0.04921875 0.04765625
1 0.0828125 0.69296875 0.05234375 0.05078125
1 0.13984375 0.7984375 0.05078125 0.04921875
1 0.9203125 0.378125 0.0484375 0.04765625
0 0.190625 0.80390625 0.05 0.046875
0 0.503125 0.690625 0.04765625 0.04609375
0 0.459375 0.18203125 0.04765625 0.04765625
0 0.6625 0.84453125 0.04765625 0.046875
0 0.4515625 0.85 0.04765625 0.046875
0 0.509375 0.18046875 0.046875 0.046875
1 0.1390625 0.18125 0.05 0.05
1 0.29609375 0.290625 0.05078125 0.04921875
1 0.18984375 0.2828125 0.05 0.04921875
0 0.6125 0.7453125 0.0484375 0.046875
0 0.29765625 0.80625 0.05 0.046875
0 0.44921875 0.7484375 0.04765625 0.04609375
0 0.19296875 0.1828125 0.04921875 0.04765625
1 0.3515625 0.12734375 0.05078125 0.05
1 0.4015625 0.1828125 0.05 0.04921875
1 0.240625 0.39375 0.0515625 0.05
0 0.815625 0.78984375 0.046875 0.04609375
1 0.24765625 0.2296875 0.04921875 0.046875
0 0.13359375 0.8515625 0.05 0.04765625
1 0.134375 0.3921875 0.0515625 0.05
0 0.18984375 0.85859375 0.05 0.046875
0 0.5078125 0.85078125 0.04765625 0.04765625
0 0.50859375 0.79921875 0.0484375 0.04609375
0 0.24765625 0.8609375 0.05 0.04609375
0 0.821875 0.18203125 0.0484375 0.04765625
0 0.084375 0.18359375 0.05078125 0.05
1 0.1890625 0.39375 0.05078125 0.05
1 0.509375 0.23359375 0.04921875 0.0484375
1 0.61796875 0.18203125 0.04921875 0.0484375
1 0.5671875 0.23203125 0.04765625 0.046875
1 0.34921875 0.2875 0.05 0.0484375
0 0.4046875 0.128125 0.0484375 0.0484375
0 0.3 0.9109375 0.04765625 0.046875
0 0.61015625 0.690625 0.0484375 0.04765625
0 0.29921875 0.86015625 0.05 0.04609375
0 0.56171875 0.89765625 0.04609375 0.04609375
0 0.56015625 0.6390625 0.046875 0.04609375
0 0.65703125 0.90625 0.04765625 0.04609375
0 0.13125 0.9046875 0.05078125 0.04765625
1 0.24375 0.34140625 0.0515625 0.05
1 0.3515625 0.23671875 0.04921875 0.04921875
1 0.56953125 0.18359375 0.04921875 0.0484375
1 0.4 0.23984375 0.04921875 0.04921875
0 0.5125 0.94453125 0.046875 0.0453125
0 0.565625 0.13046875 0.04765625 0.04765625
0 0.609375 0.94453125 0.046875 0.0453125
0 0.24921875 0.9625 0.0484375 0.04609375
0 0.1875 0.9640625 0.04765625 0.04609375