1 0.5453125 0.6015625 0.05234375 0.046875
0 0.39609375 0.59453125 0.05234375 0.0484375
1 0.565625 0.53984375 0.05390625 0.05
1 0.73828125 0.51953125 0.0546875 0.05
1 0.70390625 0.47734375 0.05546875 0.0515625
1 0.5875 0.64375 0.053125 0.04921875
1 0.27421875 0.740625 0.05390625 0.0515625
1 0.54375 0.484375 0.05546875 0.05078125
1 0.496875 0.7875 0.05390625 0.04921875
1 0.19140625 0.496875 0.05234375 0.05078125
1 0.5859375 0.36328125 0.05390625 0.05
1 0.57265625 0.69609375 0.05546875 0.05
1 0.709375 0.41953125 0.0546875 0.05
1 0.20234375 0.75078125 0.053125 0.05
1 0.103125 0.64921875 0.05390625 0.04921875
1 0.70703125 0.5796875 0.0546875 0.04921875
1 0.140625 0.503125 0.053125 0.05
1 0.24453125 0.796875 0.053125 0.04921875
1 0.57109375 0.74453125 0.0546875 0.05
1 0.6140625 0.27265625 0.0515625 0.04765625
1 0.8 0.73515625 0.0546875 0.04921875
1 0.1015625 0.5984375 0.0546875 0.05
1 0.565625 0.41484375 0.0515625 0.0484375
1 0.09140625 0.71171875 0.05390625 0.05
1 0.46328125 0.4296875 0.05234375 0.0484375
1 0.5796875 0.79296875 0.053125 0.04921875
1 0.4140625 0.421875 0.0515625 0.04921875
1 0.09375 0.55 0.05390625 0.04921875
1 0.57109375 0.31328125 0.05390625 0.0484375
1 0.7234375 0.62734375 0.05546875 0.05078125
1 0.8171875 0.68828125 0.05390625 0.05
1 0.66640625 0.26484375 0.0515625 0.04921875
1 0.7609375 0.3125 0.053125 0.046875
1 0.5140625 0.41875 0.05234375 0.0484375
1 0.359375 0.42890625 0.0515625 0.0484375
1 0.259375 0.846875 0.0546875 0.0515625
1 0.3109375 0.4265625 0.05078125 0.0484375
1 0.2609375 0.4203125 0.0515625 0.04921875
1 0.08984375 0.503125 0.05234375 0.04921875
1 0.18984375 0.43203125 0.05234375 0.04765625
1 0.1390625 0.75078125 0.05390625 0.05
1 0.87421875 0.42734375 0.053125 0.05078125
1 0.71640625 0.3703125 0.0546875 0.04765625
1 0.5796875 0.8421875 0.0546875 0.05234375
0 0.2046875 0.18515625 0.04921875 0.04609375
1 0.97578125 0.4171875 0.0484375 0.0515625
1 0.771875 0.64140625 0.05390625 0.05
1 0.81953125 0.62421875 0.0546875 0.05078125
1 0.8703125 0.36640625 0.053125 0.05
1 0.55546875 0.21171875 0.0546875 0.0484375
1 0.921875 0.3703125 0.05234375 0.05
1 0.915625 0.3140625 0.05390625 0.0515625
1 0.140625 0.4328125 0.0515625 0.0484375
1 0.08828125 0.759375 0.05234375 0.05
1 0.815625 0.84453125 0.05625 0.0515625
1 0.565625 0.25625 0.05546875 0.05
1 0.865625 0.7921875 0.05390625 0.05
1 0.9671875 0.31640625 0.05390625 0.0515625
1 0.23828125 0.9 0.05390625 0.05078125
1 0.715625 0.278125 0.0546875 0.0484375
1 0.9234375 0.41953125 0.0515625 0.04921875
1 0.35546875 0.8984375 0.05390625 0.05078125
1 0.303125 0.90078125 0.05234375 0.05078125
1 0.559375 0.15859375 0.053125 0.04609375
1 0.9328125 0.8390625 0.0546875 0.05390625
1 0.6625 0.896875 0.05390625 0.05078125
1 0.13828125 0.79765625 0.053125 0.04921875
1 0.56015625 0.1140625 0.053125 0.046875
1 0.71796875 0.89375 0.0546875 0.0515625
1 0.6078125 0.8953125 0.053125 0.05078125
1 0.0921875 0.8125 0.05234375 0.04921875
1 0.40390625 0.90625 0.053125 0.05
1 0.71171875 0.3234375 0.053125 0.046875
1 0.50546875 0.896875 0.0515625 0.04921875
1 0.56875 0.06640625 0.05234375 0.04453125
1 0.5546875 0.8953125 0.05234375 0.05078125
1 0.45390625 0.9015625 0.0515625 0.05
1 0.76953125 0.90234375 0.053125 0.05078125
1 0.8125 0.796875 0.05390625 0.0484375
1 0.821875 0.89921875 0.053125 0.05078125
0 0.0421875 0.50234375 0.0515625 0.0484375
0 0.03125 0.39375 0.05 0.04765625
1 0.87734375 0.89921875 0.05234375 0.05078125
1 0.9265625 0.8921875 0.05234375 0.05234375
0 0.09453125 0.4421875 0.05234375 0.04921875
0 0.034375 0.55546875 0.053125 0.0484375
0 0.9734375 0.47734375 0.053125 0.05078125
1 0.9765625 0.89609375 0.046875 0.0515625
0 0.4515625 0.378125 0.0515625 0.04765625
0 0.7609375 0.578125 0.05546875 0.04921875
0 0.4953125 0.3265625 0.0515625 0.04609375
1 0.9796875 0.83203125 0.03984375 0.05078125
0 0.859375 0.17265625 0.0515625 0.0484375
1 0.5578125 0.02265625 0.05234375 0.0421875
0 0.4984375 0.271875 0.05234375 0.04609375
0 0.5140625 0.37265625 0.05234375 0.04609375
0 0.18984375 0.85546875 0.053125 0.04765625
0 0.33828125 0.95390625 0.0546875 0.0484375
0 0.03359375 0.753125 0.05234375 0.05
0 0.04140625 0.8046875 0.053125 0.04921875
0 0.13515625 0.853125 0.0546875 0.04765625
0 0.86796875 0.7390625 0.05546875 0.04921875
0 0.3453125 0.38671875 0.053125 0.04765625
0 0.915625 0.4796875 0.0546875 0.05078125
0 0.290625 0.38515625 0.0515625 0.04765625
0 0.18828125 0.80625 0.05234375 0.046875
0 0.64765625 0.17734375 0.0515625 0.046875
0 0.61875 0.07890625 0.053125 0.0484375
0 0.0390625 0.6078125 0.053125 0.0484375
0 0.39375 0.38125 0.0515625 0.04765625
0 0.03359375 0.8609375 0.053125 0.0484375
0 0.040625 0.69921875 0.05234375 0.04921875
0 0.60078125 0.18984375 0.053125 0.0484375
0 0.96640625 0.7875 0.05390625 0.0515625
0 0.92265625 0.74296875 0.05703125 0.05
0 0.184375 0.91171875 0.053125 0.0484375
0 0.0828125 0.859375 0.05390625 0.04921875
0 0.396875 0.9546875 0.0546875 0.04765625
0 0.86796875 0.68828125 0.0546875 0.05078125
0 0.23671875 0.38046875 0.05234375 0.04765625
0 0.49140625 0.21953125 0.0515625 0.04765625
0 0.92109375 0.2609375 0.0546875 0.04921875
0 0.60625 0.13046875 0.05390625 0.0484375
0 0.81171875 0.52265625 0.05546875 0.0484375
0 0.2828125 0.9640625 0.0546875 0.0484375
0 0.621875 0.02421875 0.053125 0.0453125
0 0.1859375 0.38671875 0.053125 0.046875
0 0.9703125 0.2703125 0.05390625 0.046875
0 0.9171875 0.79375 0.05546875 0.05078125
0 0.8109375 0.4140625 0.05390625 0.04765625
0 0.0875 0.3984375 0.0515625 0.04765625
0 0.45078125 0.9484375 0.053125 0.04765625
0 0.81953125 0.57734375 0.05625 0.0484375
0 0.4796875 0.03671875 0.05234375 0.046875
0 0.17578125 0.959375 0.05234375 0.04765625
0 0.6484375 0.9578125 0.053125 0.0484375
0 0.871875 0.62890625 0.05546875 0.05078125
0 0.134375 0.3859375 0.05078125 0.04765625
0 0.03828125 0.653125 0.053125 0.04921875
0 0.8640625 0.31484375 0.0546875 0.04765625
0 0.23203125 0.96171875 0.05390625 0.04765625
0 0.80546875 0.47578125 0.05390625 0.04765625
0 0.6 0.959375 0.05390625 0.04765625
0 0.5015625 0.94453125 0.0546875 0.04921875
0 0.8609375 0.48359375 0.05625 0.05
0 0.809375 0.17890625 0.0546875 0.0484375
0 0.87421875 0.5828125 0.05703125 0.0484375
0 0.4875 0.171875 0.053125 0.04765625
0 0.91796875 0.9484375 0.0546875 0.05078125
0 0.703125 0.17734375 0.053125 0.04765625
0 0.5515625 0.94375 0.0515625 0.0484375
0 0.971875 0.9515625 0.053125 0.05
0 0.85859375 0.9484375 0.0546875 0.05078125
0 0.70390625 0.23125 0.05390625 0.0484375
0 0.753125 0.94921875 0.05546875 0.0515625
0 0.49375 0.0828125 0.053125 0.04765625
0 0.80390625 0.95078125 0.053125 0.05078125
0 0.49140625 0.12578125 0.0546875 0.04921875
0 0.81171875 0.234375 0.05546875 0.0484375
0 0.803125 0.3671875 0.05546875 0.04765625
0 0.7015625 0.9484375 0.05078125 0.04765625
0 0.7546875 0.17421875 0.04921875 0.04765625
0 0.753125 0.22109375 0.04921875 0.046875
0 0.76640625 0.2671875 0.05078125 0.0421875
0 0.815625 0.278125 0.05078125 0.046875
0 0.81015625 0.32109375 0.0546875 0.046875