1 0.6015625 0.6859375 0.05234375 0.0515625
0 0.065625 0.24765625 0.0546875 0.05
1 0.65078125 0.72109375 0.053125 0.05078125
1 0.39765625 0.77421875 0.05234375 0.05
1 0.5984375 0.86015625 0.0546875 0.05078125
1 0.2375 0.3421875 0.05390625 0.05078125
1 0.49375 0.7265625 0.053125 0.04921875
0 0.76171875 0.0640625 0.05390625 0.05
1 0.328125 0.54765625 0.05390625 0.05078125
1 0.34140625 0.6125 0.05390625 0.0484375
1 0.54453125 0.72578125 0.05234375 0.05
1 0.3890625 0.346875 0.05234375 0.05078125
1 0.065625 0.696875 0.05703125 0.05234375
1 0.27421875 0.4015625 0.0546875 0.0515625
1 0.82890625 0.7203125 0.05390625 0.04921875
1 0.759375 0.83046875 0.05546875 0.05
1 0.3125 0.29296875 0.05234375 0.05078125
1 0.121875 0.44609375 0.05546875 0.05
1 0.453125 0.77578125 0.0515625 0.04921875
1 0.3390625 0.665625 0.0546875 0.05078125
1 0.2828125 0.66015625 0.05546875 0.05078125
1 0.71640625 0.2390625 0.05234375 0.04921875
1 0.2859375 0.83203125 0.05546875 0.0515625
1 0.6734375 0.1671875 0.053125 0.05078125
1 0.1796875 0.6734375 0.05625 0.05234375
1 0.178125 0.56796875 0.0546875 0.05078125
1 0.3390625 0.3609375 0.05234375 0.0484375
1 0.17890625 0.45546875 0.0546875 0.0515625
1 0.06875 0.609375 0.05546875 0.0515625
1 0.12421875 0.74140625 0.05546875 0.0515625
1 0.1171875 0.29140625 0.0546875 0.05234375
1 0.6984375 0.8828125 0.0546875 0.0515625
1 0.06640625 0.38515625 0.0546875 0.05234375
1 0.8328125 0.34375 0.05234375 0.0515625
1 0.93203125 0.721875 0.05234375 0.0515625
1 0.06953125 0.3296875 0.05390625 0.05234375
1 0.86640625 0.5703125 0.05390625 0.04921875
1 0.11796875 0.575 0.05703125 0.053125
1 0.65703125 0.11171875 0.05390625 0.05234375
1 0.8171875 0.76875 0.05390625 0.05
1 0.5984375 0.10546875 0.053125 0.0515625
1 0.228125 0.61953125 0.05390625 0.05
1 0.45703125 0.8703125 0.05390625 0.05078125
1 0.2859375 0.23046875 0.0546875 0.0515625
1 0.22890625 0.46953125 0.05390625 0.05078125
1 0.7140625 0.11953125 0.05390625 0.0515625
1 0.23515625 0.51875 0.0546875 0.04921875
1 0.48828125 0.825 0.05390625 0.05078125
1 0.22890625 0.1265625 0.0546875 0.0515625
1 0.05859375 0.44921875 0.05546875 0.05234375
1 0.021875 0.575 0.04375 0.04921875
1 0.3375 0.1859375 0.053125 0.05234375
1 0.76640625 0.225 0.053125 0.05078125
1 0.77890625 0.1703125 0.0546875 0.05234375
1 0.4875 0.1296875 0.05234375 0.0515625
1 0.284375 0.178125 0.05390625 0.05078125
1 0.653125 0.92109375 0.05390625 0.05078125
1 0.0203125 0.3328125 0.03984375 0.0515625
1 0.38984375 0.07421875 0.05234375 0.05078125
1 0.3265625 0.13046875 0.05390625 0.05
1 0.27578125 0.45234375 0.05390625 0.0515625
1 0.50234375 0.7765625 0.053125 0.04921875
1 0.14921875 0.8171875 0.0546875 0.05
1 0.71796875 0.2953125 0.0546875 0.0515625
1 0.27578125 0.54921875 0.05390625 0.05
1 0.2328125 0.88515625 0.05625 0.0515625
1 0.0578125 0.5015625 0.0546875 0.0515625
1 0.1796875 0.23359375 0.05390625 0.0515625
1 0.76484375 0.88125 0.05546875 0.0515625
1 0.91875 0.45859375 0.05390625 0.05078125
1 0.8234375 0.228125 0.0515625 0.05
1 0.878125 0.82890625 0.05390625 0.05078125
1 0.4359375 0.128125 0.0515625 0.05078125
1 0.28984375 0.75859375 0.05390625 0.0515625
1 0.97890625 0.771875 0.0421875 0.0515625
1 0.025 0.759375 0.05 0.05
1 0.1265625 0.884375 0.05546875 0.0515625
1 0.88125 0.71953125 0.05234375 0.05078125
1 0.27734375 0.06875 0.0546875 0.05
1 0.28515625 0.70859375 0.05390625 0.05078125
1 0.50859375 0.8734375 0.05390625 0.0515625
1 0.87265625 0.6203125 0.05390625 0.05
1 0.81640625 0.82421875 0.05546875 0.05078125
1 0.4015625 0.934375 0.05390625 0.05
1 0.12734375 0.23671875 0.053125 0.0515625
1 0.928125 0.82421875 0.05234375 0.05234375
1 0.1203125 0.17890625 0.05390625 0.0515625
1 0.5515625 0.92890625 0.05234375 0.0515625
1 0.3390625 0.93828125 0.05546875 0.05078125
1 0.125 0.128125 0.053125 0.05078125
1 0.87265625 0.671875 0.0546875 0.05
0 0.9265625 0.2421875 0.0546875 0.0515625
1 0.5046875 0.0796875 0.05234375 0.05
1 0.29140625 0.88046875 0.05546875 0.053125
1 0.9734375 0.65234375 0.05234375 0.05234375
1 0.2359375 0.7640625 0.0546875 0.0515625
1 0.975 0.6 0.05 0.05
1 0.1765625 0.1296875 0.05234375 0.05078125
1 0.87890625 0.28359375 0.05390625 0.05078125
1 0.559375 0.07109375 0.05234375 0.04921875
1 0.1828125 0.7234375 0.0546875 0.05078125
1 0.9203125 0.4046875 0.053125 0.05078125
1 0.9765625 0.8265625 0.046875 0.05
1 0.70390625 0.93203125 0.053125 0.05078125
1 0.9171875 0.559375 0.05390625 0.05078125
1 0.871875 0.3875 0.0546875 0.05078125
1 0.23046875 0.56953125 0.053125 0.04921875
1 0.8828125 0.33515625 0.05234375 0.0515625
1 0.175 0.775 0.05546875 0.0515625
1 0.23359375 0.715625 0.053125 0.05
1 0.18671875 0.9390625 0.05546875 0.0515625
1 0.87578125 0.234375 0.05390625 0.0515625
1 0.5015625 0.92890625 0.053125 0.05078125
1 0.28828125 0.9328125 0.05546875 0.0515625
1 0.44609375 0.07578125 0.053125 0.05078125
0 0.934375 0.3453125 0.05390625 0.05078125
1 0.4515625 0.9328125 0.05234375 0.05
1 0.01640625 0.45234375 0.0328125 0.0515625
1 0.59375 0.971875 0.0546875 0.05
0 0.971875 0.4984375 0.053125 0.05
0 0.96953125 0.54921875 0.05234375 0.05078125
1 0.92421875 0.61640625 0.05078125 0.04921875
0 0.9671875 0.4359375 0.05390625 0.05
0 0.96953125 0.3828125 0.05234375 0.0515625
1 0.9765625 0.878125 0.046875 0.05078125
0 0.92109375 0.1 0.05546875 0.05078125
1 0.4921875 0.9765625 0.05234375 0.046875
0 0.91015625 0.17890625 0.05390625 0.05
0 0.87421875 0.08203125 0.0546875 0.05078125
1 0.70390625 0.978125 0.0515625 0.04375
1 0.409375 0.97890625 0.053125 0.0421875
0 0.86015625 0.184375 0.05546875 0.053125
0 0.8703125 0.13515625 0.0546875 0.04921875
1 0.9125 0.509375 0.05390625 0.05