0 0.80859375 0.5078125 0.04921875 0.05234375
1 0.178125 0.19375 0.05390625 0.0546875
1 0.19140625 0.5109375 0.05234375 0.053125
1 0.18984375 0.815625 0.05390625 0.05625
0 0.8125 0.196875 0.0484375 0.053125
0 0.809375 0.80546875 0.04921875 0.0546875
1 0.446875 0.040625 0.053125 0.05390625
1 0.44609375 0.25078125 0.05390625 0.05625
1 0.43984375 0.1953125 0.0546875 0.05546875
1 0.503125 0.15078125 0.053125 0.05546875
1 0.5046875 0.25 0.0515625 0.0546875
0 0.50625 0.5109375 0.053125 0.05390625
1 0.44609375 0.4046875 0.05390625 0.053125
1 0.446875 0.0921875 0.05234375 0.0515625
1 0.5015625 0.35703125 0.05078125 0.05390625
0 0.54609375 0.46015625 0.046875 0.0515625
0 0.55 0.29765625 0.046875 0.05546875
1 0.48984375 0.76484375 0.05234375 0.0546875
1 0.49921875 0.5625 0.0515625 0.05390625
1 0.4984375 0.45859375 0.0515625 0.05390625
1 0.44921875 0.5546875 0.05078125 0.05234375
0 0.55703125 0.61875 0.046875 0.0515625
1 0.44765625 0.303125 0.05390625 0.05390625
1 0.45546875 0.6625 0.053125 0.05390625
1 0.45 0.45625 0.0515625 0.05390625
1 0.50703125 0.66328125 0.0515625 0.0546875
1 0.4515625 0.7109375 0.05234375 0.05390625
1 0.5 0.965625 0.05 0.05234375
0 0.546875 0.9703125 0.046875 0.04765625
1 0.45625 0.503125 0.05 0.05
1 0.4421875 0.35625 0.053125 0.05390625
0 0.55390625 0.81796875 0.04609375 0.05078125
0 0.5484375 0.76640625 0.0453125 0.05078125
1 0.44140625 0.85859375 0.05 0.0515625
1 0.48671875 0.86640625 0.04921875 0.053125
0 0.5421875 0.196875 0.046875 0.05234375
1 0.45078125 0.6125 0.05 0.05234375
0 0.55625 0.66953125 0.046875 0.0515625
1 0.446875 0.14453125 0.05234375 0.0515625
0 0.503125 0.04453125 0.046875 0.05234375
1 0.453125 0.9640625 0.0484375 0.0515625
0 0.50390625 0.303125 0.0453125 0.05234375
1 0.44453125 0.809375 0.05 0.0515625
1 0.4453125 0.90625 0.04921875 0.05
0 0.55546875 0.14609375 0.04765625 0.05234375
0 0.55 0.353125 0.04609375 0.05234375
0 0.56171875 0.4078125 0.046875 0.0515625
0 0.51484375 0.4078125 0.04609375 0.05234375
0 0.55390625 0.5109375 0.046875 0.05078125
0 0.55546875 0.565625 0.046875 0.05078125
0 0.50546875 0.7140625 0.046875 0.05078125
0 0.55078125 0.24609375 0.046875 0.05234375
0 0.49609375 0.6125 0.04921875 0.0515625
0 0.49765625 0.2015625 0.0453125 0.05
0 0.56171875 0.0953125 0.04609375 0.0515625
0 0.49921875 0.81875 0.046875 0.0515625
0 0.55390625 0.04296875 0.05 0.05078125
0 0.5046875 0.09921875 0.0484375 0.0515625
0 0.53984375 0.871875 0.0484375 0.05
0 0.49453125 0.91640625 0.046875 0.0515625
0 0.54765625 0.92109375 0.0484375 0.04921875
0 0.55078125 0.71796875 0.0453125 0.04609375
1 0.44140625 0.76015625 0.04921875 0.05