0 0.34296875 0.69453125 0.05234375 0.04921875
1 0.28984375 0.5015625 0.0515625 0.046875
1 0.24140625 0.484375 0.05234375 0.04921875
1 0.2328125 0.396875 0.05234375 0.046875
1 0.3578125 0.54921875 0.053125 0.04609375
1 0.3453125 0.5921875 0.04921875 0.0484375
1 0.2875 0.4453125 0.0515625 0.05
1 0.40234375 0.38828125 0.0515625 0.046875
1 0.328125 0.29375 0.0515625 0.0484375
1 0.33671875 0.43828125 0.04921875 0.0453125
1 0.35 0.39765625 0.05 0.0453125
1 0.40390625 0.6359375 0.05 0.04765625
1 0.43984375 0.5796875 0.05078125 0.0484375
1 0.29375 0.353125 0.0515625 0.0515625
1 0.6015625 0.49453125 0.0515625 0.04609375
1 0.50859375 0.4546875 0.05078125 0.04765625
1 0.54921875 0.42265625 0.05 0.0484375
1 0.60859375 0.40625 0.0515625 0.04765625
1 0.8609375 0.41015625 0.0515625 0.046875
1 0.45078125 0.53671875 0.05 0.046875
1 0.490625 0.6765625 0.05078125 0.04921875
0 0.14921875 0.55703125 0.053125 0.04765625
1 0.55 0.55078125 0.0515625 0.04765625
1 0.35390625 0.64140625 0.0515625 0.04921875
0 0.39375 0.69453125 0.04921875 0.04453125
1 0.80859375 0.59375 0.0515625 0.04765625
1 0.709375 0.53984375 0.0515625 0.04453125
1 0.503125 0.71953125 0.05234375 0.0484375
1 0.540625 0.50625 0.05 0.05
0 0.2453125 0.5921875 0.0515625 0.0453125
1 0.8046875 0.4078125 0.05234375 0.0484375
1 0.7640625 0.49765625 0.0515625 0.04765625
1 0.14375 0.25078125 0.053125 0.0484375
0 0.45234375 0.625 0.05078125 0.04609375
1 0.35546875 0.353125 0.05234375 0.0484375
1 0.70546875 0.59375 0.04921875 0.0484375
1 0.7953125 0.31328125 0.0515625 0.04609375
1 0.45390625 0.43671875 0.05078125 0.04765625
1 0.45625 0.30234375 0.05078125 0.05
1 0.553125 0.68671875 0.0515625 0.04921875
1 0.55078125 0.35390625 0.05078125 0.0453125
1 0.50234375 0.40625 0.05078125 0.0484375
1 0.85859375 0.5859375 0.05234375 0.05
1 0.49921875 0.63359375 0.04921875 0.04765625
1 0.49296875 0.5125 0.05 0.0484375
1 0.60390625 0.68203125 0.05078125 0.0484375
1 0.68828125 0.2703125 0.05078125 0.046875
1 0.9046875 0.3640625 0.05234375 0.04921875
1 0.52421875 0.26328125 0.0515625 0.05
1 0.915625 0.446875 0.05234375 0.0484375
1 0.79140625 0.2671875 0.0515625 0.0515625
1 0.609375 0.72578125 0.05234375 0.0453125
1 0.65859375 0.59140625 0.046875 0.04765625
1 0.540625 0.1796875 0.05078125 0.0484375
1 0.5984375 0.63359375 0.05078125 0.04609375
1 0.49375 0.559375 0.05078125 0.04765625
1 0.19921875 0.16875 0.0515625 0.0484375
0 0.30078125 0.6375 0.0515625 0.0453125
1 0.8140625 0.50234375 0.0515625 0.04609375
0 0.30234375 0.54375 0.053125 0.0484375
0 0.6984375 0.784375 0.0515625 0.046875
1 0.759375 0.53984375 0.05078125 0.0453125
1 0.684375 0.2265625 0.05 0.0484375
1 0.40546875 0.16328125 0.0515625 0.04921875
1 0.54375 0.59375 0.05078125 0.0453125
1 0.5484375 0.63359375 0.05078125 0.04765625
1 0.45390625 0.25703125 0.0515625 0.046875
1 0.603125 0.21796875 0.05078125 0.04921875
0 0.5203125 0.8234375 0.053125 0.04921875
1 0.64140625 0.1875 0.05 0.04921875
1 0.51328125 0.13203125 0.05078125 0.05078125
1 0.09765625 0.17109375 0.05234375 0.05
0 0.6125 0.7734375 0.05234375 0.0484375
1 0.7453125 0.2515625 0.0515625 0.0453125
0 0.50625 0.76640625 0.05234375 0.04765625
0 0.7546875 0.59296875 0.0515625 0.0453125
0 0.25078125 0.546875 0.05078125 0.04609375
0 0.41640625 0.74921875 0.0484375 0.04609375
0 0.17734375 0.72890625 0.053125 0.0484375
1 0.35546875 0.1171875 0.05234375 0.04921875
0 0.43984375 0.6765625 0.0515625 0.04765625
0 0.14453125 0.490625 0.053125 0.04921875
1 0.54765625 0.740625 0.04921875 0.04765625
1 0.90078125 0.64140625 0.053125 0.0515625
0 0.19921875 0.771875 0.0515625 0.046875
0 0.6609375 0.6859375 0.0515625 0.04765625
0 0.28828125 0.87109375 0.0515625 0.04765625
0 0.696875 0.6390625 0.05078125 0.046875
0 0.140625 0.4421875 0.05234375 0.0484375
1 0.71015625 0.7296875 0.0515625 0.046875
0 0.6140625 0.8203125 0.05078125 0.04609375
0 0.18046875 0.39921875 0.0515625 0.04453125
0 0.75703125 0.78203125 0.05234375 0.04765625
0 0.240625 0.79453125 0.0515625 0.046875
0 0.6 0.59140625 0.0515625 0.04296875
1 0.76015625 0.7359375 0.05 0.046875
1 0.68125 0.13125 0.0515625 0.04765625
0 0.23671875 0.4390625 0.05234375 0.04609375
0 0.7921875 0.8359375 0.05234375 0.0484375
0 0.1953125 0.50078125 0.05078125 0.04765625
0 0.18046875 0.81328125 0.05234375 0.04609375
1 0.66015625 0.7296875 0.0515625 0.04453125
0 0.1484375 0.671875 0.053125 0.04765625
0 0.55546875 0.884375 0.0515625 0.04921875
1 0.6015625 0.12578125 0.0515625 0.04609375
1 0.7421875 0.12890625 0.053125 0.05
0 0.90859375 0.59375 0.053125 0.04765625
1 0.5515625 0.7859375 0.05 0.04921875
0 0.56875 0.83828125 0.0515625 0.0484375
0 0.6046875 0.5453125 0.05 0.04609375
1 0.89921875 0.11640625 0.046875 0.04453125
0 0.81328125 0.6390625 0.05234375 0.04921875
0 0.86171875 0.76875 0.05078125 0.04453125
1 0.04921875 0.1609375 0.053125 0.0484375
0 0.19921875 0.54609375 0.05078125 0.04609375
1 0.8921875 0.1625 0.053125 0.0484375
0 0.8109375 0.540625 0.0515625 0.04453125
0 0.809375 0.72890625 0.05234375 0.0453125
0 0.453125 0.7203125 0.04921875 0.0453125
0 0.93125 0.72734375 0.05234375 0.04765625
0 0.71171875 0.68359375 0.0515625 0.0484375
1 0.94296875 0.16171875 0.0515625 0.05078125
0 0.45859375 0.7640625 0.05 0.0421875
1 0.96171875 0.421875 0.053125 0.05078125
1 0.2890625 0.0796875 0.0515625 0.0515625
0 0.9640625 0.50859375 0.053125 0.04921875
0 0.18671875 0.21171875 0.05234375 0.0484375
0 0.9671875 0.61875 0.053125 0.04609375
1 0.90546875 0.2671875 0.0546875 0.05234375
0 0.80703125 0.8796875 0.053125 0.0484375
0 0.703125 0.36484375 0.05078125 0.04609375
0 0.753125 0.409375 0.05 0.04609375
0 0.91328125 0.50234375 0.05234375 0.0484375
0 0.64921875 0.359375 0.05 0.0453125
0 0.2484375 0.1765625 0.05234375 0.04921875
0 0.6546875 0.45859375 0.05 0.0453125
1 0.5421875 0.07890625 0.0515625 0.0515625
1 0.38984375 0.07265625 0.05078125 0.053125
0 0.11640625 0.9078125 0.053125 0.04921875
0 0.95234375 0.3734375 0.05078125 0.04609375
0 0.7609375 0.68984375 0.05078125 0.0453125
1 0.33828125 0.07109375 0.05078125 0.0515625
0 0.33515625 0.21484375 0.0515625 0.046875
0 0.1890625 0.30078125 0.053125 0.046875
0 0.86015625 0.5359375 0.0515625 0.04375
0 0.66328125 0.4015625 0.05078125 0.04453125
1 0.68984375 0.08515625 0.04921875 0.046875
0 0.9765625 0.553125 0.046875 0.04453125
0 0.853125 0.36796875 0.0515625 0.04609375
0 0.86015625 0.67265625 0.05078125 0.0453125
0 0.23671875 0.2234375 0.0515625 0.04609375
0 0.18359375 0.34609375 0.0515625 0.04375
0 0.3046875 0.128125 0.05234375 0.046875
0 0.8546875 0.215625 0.0515625 0.04375
0 0.1453125 0.12109375 0.053125 0.0484375
0 0.6578125 0.540625 0.05078125 0.04140625
0 0.19609375 0.12421875 0.05390625 0.04765625
0 0.7421875 0.31015625 0.04453125 0.0453125
0 0.903125 0.20703125 0.05078125 0.04453125
1 0.74296875 0.0796875 0.0515625 0.0484375
0 0.7046875 0.4546875 0.05078125 0.04765625
0 0.89453125 0.31875 0.053125 0.0484375
0 0.09296875 0.1234375 0.05234375 0.04921875
0 0.4578125 0.12109375 0.0515625 0.046875
0 0.24921875 0.1265625 0.0515625 0.04765625
0 0.284375 0.2140625 0.04921875 0.0453125
0 0.80625 0.4515625 0.05078125 0.04609375
0 0.7125 0.4984375 0.04921875 0.0421875
0 0.86328125 0.49375 0.0515625 0.04609375
0 0.840625 0.278125 0.05234375 0.046875
0 0.79375 0.16328125 0.0515625 0.046875
0 0.80390625 0.3578125 0.0515625 0.04765625
0 0.84296875 0.3234375 0.053125 0.04765625
0 0.80625 0.1234375 0.0515625 0.0453125
0 0.2515625 0.91796875 0.0515625 0.04609375
0 0.0375 0.115625 0.0515625 0.04921875
0 0.96015625 0.3296875 0.053125 0.04765625
0 0.85546875 0.45234375 0.05234375 0.0453125
1 0.9734375 0.67421875 0.0515625 0.04921875
0 0.4375 0.07421875 0.05078125 0.0515625
0 0.2375 0.0796875 0.05234375 0.05078125
0 0.9546875 0.20546875 0.053125 0.0453125
1 0.903125 0.071875 0.04921875 0.046875
0 0.84140625 0.17265625 0.05078125 0.04609375
0 0.85390625 0.08046875 0.05078125 0.04921875
0 0.48828125 0.07265625 0.05234375 0.05
0 0.17109375 0.065625 0.05234375 0.04453125
0 0.55234375 0.934375 0.05078125 0.04609375
0 0.86171875 0.92265625 0.05 0.0453125
0 0.0734375 0.9359375 0.05078125 0.04765625
0 0.9109375 0.6859375 0.05234375 0.046875
0 0.80390625 0.07421875 0.05234375 0.05078125
1 0.05 0.06171875 0.05234375 0.0484375
1 0.309375 0.8171875 0.0515625 0.05
1 0.928125 0.828125 0.0515625 0.0484375
1 0.64921875 0.6359375 0.04765625 0.0421875
1 0.60546875 0.45 0.046875 0.0421875
1 0.5046875 0.3125 0.046875 0.0453125
1 0.55234375 0.309375 0.046875 0.0453125
1 0.60078125 0.3140625 0.05 0.046875
1 0.6 0.359375 0.04765625 0.0421875
1 0.6546875 0.31640625 0.04765625 0.04375
0 0.7015625 0.3171875 0.0453125 0.0453125
0 0.75703125 0.3640625 0.0484375 0.046875
1 0.8578125 0.13046875 0.0484375 0.04375
1 0.74453125 0.17265625 0.04765625 0.0421875
1 0.7546875 0.215625 0.04921875 0.04140625
1 0.8046875 0.2109375 0.05 0.046875
1 0.51484375 0.21640625 0.04921875 0.04453125
1 0.44765625 0.21328125 0.053125 0.04375
1 0.4015625 0.259375 0.046875 0.04453125
1 0.40859375 0.3046875 0.046875 0.0453125
1 0.2984375 0.17109375 0.04453125 0.04140625
1 0.34765625 0.171875 0.05078125 0.04453125
1 0.390625 0.21328125 0.05 0.04609375
1 0.35390625 0.25546875 0.04765625 0.0453125
1 0.30234375 0.2546875 0.04765625 0.04609375
1 0.2515625 0.26875 0.0484375 0.04609375
1 0.2015625 0.25859375 0.04921875 0.04765625
1 0.23984375 0.31015625 0.0484375 0.04140625
1 0.15 0.165625 0.046875 0.04453125
1 0.13203125 0.20625 0.053125 0.04296875
1 0.2421875 0.35390625 0.04921875 0.04609375
0 0.75625 0.45859375 0.0484375 0.04453125
0 0.6515625 0.50234375 0.05078125 0.0390625
0 0.81171875 0.684375 0.05 0.04453125