0 0.6484375 0.5296875 0.05234375 0.053125
0 0.384375 0.26953125 0.0515625 0.05078125
1 0.47890625 0.17421875 0.05234375 0.0515625
0 0.2296875 0.2734375 0.05234375 0.0515625
0 0.28828125 0.52265625 0.05234375 0.0515625
0 0.50078125 0.6796875 0.05234375 0.0515625
0 0.1765625 0.33046875 0.05234375 0.0515625
0 0.53984375 0.5390625 0.0515625 0.05078125
0 0.56953125 0.62578125 0.05234375 0.0515625
0 0.87734375 0.38359375 0.05 0.0484375
1 0.65078125 0.334375 0.05390625 0.053125
0 0.71171875 0.27734375 0.05234375 0.0515625
0 0.23671875 0.6375 0.05390625 0.05234375
0 0.7546875 0.1703125 0.0515625 0.04921875
0 0.8140625 0.21875 0.05078125 0.04921875
0 0.05859375 0.5734375 0.0546875 0.05546875
0 0.228125 0.7296875 0.05390625 0.05390625
0 0.3421875 0.734375 0.053125 0.05390625
0 0.2328125 0.58515625 0.05234375 0.0515625
1 0.5453125 0.3328125 0.05546875 0.0546875
0 0.7640625 0.3203125 0.05078125 0.05
0 0.69609375 0.16796875 0.05234375 0.0515625
0 0.7046875 0.43203125 0.0515625 0.04921875
0 0.5640625 0.8484375 0.0546875 0.05625
0 0.70390625 0.21875 0.05 0.04765625
1 0.765625 0.37421875 0.05390625 0.0515625
1 0.8171875 0.4703125 0.0546875 0.05390625
1 0.4390625 0.4796875 0.0546875 0.053125
1 0.5046875 0.428125 0.0546875 0.053125
0 0.7328125 0.6671875 0.05390625 0.05234375
1 0.83828125 0.80234375 0.0578125 0.0578125
1 0.815625 0.33125 0.053125 0.0515625
1 0.6734375 0.75078125 0.05546875 0.05546875
1 0.90078125 0.7375 0.0578125 0.0578125
1 0.3328125 0.43046875 0.053125 0.05234375
1 0.3390625 0.62421875 0.0546875 0.05390625
1 0.3921875 0.740625 0.05234375 0.053125
1 0.8421875 0.90390625 0.05859375 0.05859375
1 0.38984375 0.5921875 0.0515625 0.05234375
1 0.3421875 0.67890625 0.0546875 0.0546875
0 0.82734375 0.6359375 0.0515625 0.05
1 0.553125 0.48515625 0.0515625 0.0515625
0 0.76875 0.27265625 0.04921875 0.04765625
0 0.2890625 0.7265625 0.0515625 0.0515625
1 0.4421875 0.5890625 0.05078125 0.05078125
0 0.2375 0.4734375 0.05078125 0.053125
1 0.4953125 0.56015625 0.0484375 0.05