0 0.50390625 0.47890625 0.05234375 0.0515625
1 0.28828125 0.63125 0.05625 0.05234375
1 0.23984375 0.53125 0.05703125 0.05234375
1 0.61875 0.68359375 0.05546875 0.05390625
1 0.35234375 0.684375 0.05625 0.0546875
1 0.2375 0.68125 0.05703125 0.05390625
0 0.67265625 0.425 0.0546875 0.05078125
1 0.184375 0.584375 0.0578125 0.0546875
1 0.56484375 0.6859375 0.05546875 0.05390625
1 0.3921875 0.74375 0.05703125 0.053125
1 0.18046875 0.68671875 0.0578125 0.0546875
0 0.7109375 0.3765625 0.05546875 0.04921875
1 0.13046875 0.6359375 0.05625 0.05390625
1 0.13359375 0.534375 0.05703125 0.0546875
0 0.61484375 0.4203125 0.05390625 0.0515625
0 0.7671875 0.47578125 0.05546875 0.05234375
1 0.2984375 0.6859375 0.05625 0.053125
0 0.56171875 0.42109375 0.0546875 0.05
1 0.1328125 0.47890625 0.05703125 0.0546875
0 0.8140625 0.278125 0.05546875 0.05234375
0 0.44375 0.378125 0.053125 0.0515625
1 0.553125 0.7375 0.05703125 0.0546875
1 0.6109375 0.73984375 0.05625 0.053125
0 0.55625 0.5828125 0.0546875 0.0515625
1 0.18828125 0.74140625 0.0578125 0.0546875
1 0.678125 0.7421875 0.0578125 0.0546875
1 0.07578125 0.6359375 0.05859375 0.0546875
0 0.55703125 0.6359375 0.0546875 0.0515625
0 0.34921875 0.33671875 0.05234375 0.0515625
1 0.8375 0.684375 0.05859375 0.05390625
0 0.13203125 0.43046875 0.05625 0.05234375
0 0.446875 0.52578125 0.05546875 0.05078125
0 0.303125 0.58671875 0.05625 0.05234375
1 0.5640625 0.78828125 0.05703125 0.053125
0 0.4 0.334375 0.053125 0.05234375
1 0.071875 0.684375 0.059375 0.0546875
1 0.18671875 0.53203125 0.05625 0.05390625
0 0.73125 0.61875 0.0578125 0.05390625
0 0.61328125 0.52890625 0.0546875 0.0515625
0 0.24453125 0.3328125 0.05390625 0.0515625
1 0.6 0.3734375 0.053125 0.0515625
0 0.884375 0.4265625 0.05703125 0.0515625
1 0.0796875 0.43125 0.05703125 0.05390625
0 0.29765625 0.33515625 0.0546875 0.05234375
0 0.13046875 0.38125 0.05703125 0.05390625
0 0.3578125 0.5796875 0.05546875 0.0515625
0 0.4453125 0.6328125 0.0546875 0.05234375
1 0.3921875 0.28125 0.053125 0.0515625
1 0.546875 0.3734375 0.05390625 0.053125
1 0.3453125 0.7875 0.0578125 0.05390625
1 0.8421875 0.73671875 0.05859375 0.0546875
1 0.65703125 0.37890625 0.0546875 0.05234375
1 0.88515625 0.6234375 0.05859375 0.0546875
1 0.90390625 0.73671875 0.059375 0.05546875
1 0.4953125 0.38125 0.0546875 0.0515625
1 0.234375 0.78125 0.059375 0.05625
1 0.45390625 0.79140625 0.059375 0.0546875
1 0.290625 0.284375 0.0546875 0.05234375
1 0.6703125 0.790625 0.0578125 0.05390625
0 0.2375 0.58046875 0.05546875 0.053125
0 0.771875 0.321875 0.05390625 0.05078125
1 0.23828125 0.2859375 0.053125 0.05234375
1 0.66328125 0.328125 0.0546875 0.05
1 0.06953125 0.4875 0.05859375 0.05546875
0 0.56015625 0.5265625 0.0546875 0.05
0 0.83203125 0.6359375 0.0578125 0.0515625
0 0.77265625 0.425 0.05546875 0.0515625
0 0.82890625 0.57734375 0.05703125 0.05
0 0.29296875 0.5328125 0.05546875 0.0515625
1 0.93828125 0.63125 0.05703125 0.0546875
0 0.459375 0.68359375 0.05546875 0.05390625
1 0.44453125 0.2828125 0.05390625 0.05
1 0.07578125 0.5875 0.0578125 0.053125
0 0.5 0.43046875 0.053125 0.0484375
0 0.39375 0.634375 0.0546875 0.05234375
0 0.61875 0.6359375 0.05546875 0.05078125
0 0.775 0.57734375 0.0546875 0.05234375
0 0.34140625 0.634375 0.0546875 0.0515625
1 0.45390625 0.32890625 0.0546875 0.05078125
0 0.2453125 0.484375 0.05703125 0.0515625
0 0.1875 0.4796875 0.05625 0.05234375
0 0.40546875 0.684375 0.05546875 0.05546875
0 0.1875 0.2828125 0.05390625 0.05078125
0 0.7640625 0.228125 0.05390625 0.0515625
0 0.86015625 0.18046875 0.05625 0.05390625
0 0.9375 0.42578125 0.0546875 0.0515625
0 0.13515625 0.2875 0.0546875 0.0515625
0 0.44609375 0.74296875 0.05625 0.053125
0 0.71640625 0.32890625 0.05625 0.04921875
1 0.71796875 0.28203125 0.0546875 0.05078125
0 0.51171875 0.6890625 0.0546875 0.05234375
1 0.77734375 0.78515625 0.05859375 0.0546875
0 0.67265625 0.69375 0.05703125 0.0515625
0 0.72734375 0.68125 0.05703125 0.05234375
1 0.93828125 0.57890625 0.05703125 0.0546875
0 0.234375 0.63046875 0.0546875 0.053125
1 0.9390625 0.68203125 0.05859375 0.05625
0 0.18203125 0.640625 0.05390625 0.05078125
0 0.88359375 0.378125 0.05625 0.04765625
1 0.5671875 0.840625 0.0578125 0.05546875
0 0.07734375 0.38046875 0.05390625 0.0515625
1 0.19453125 0.85 0.06015625 0.0578125
1 0.02578125 0.6390625 0.0515625 0.0546875
0 0.49921875 0.7375 0.05625 0.05390625
1 0.18125 0.23671875 0.0546875 0.05078125
0 0.721875 0.56796875 0.05546875 0.05234375
1 0.3375 0.23359375 0.05546875 0.0515625
0 0.1375 0.33828125 0.05625 0.05234375
1 0.13984375 0.853125 0.06015625 0.05625
0 0.8828125 0.5734375 0.05703125 0.05234375
1 0.1828125 0.1875 0.0546875 0.05
1 0.72265625 0.7796875 0.05703125 0.053125
0 0.93828125 0.5265625 0.05703125 0.05390625
0 0.73203125 0.73046875 0.0578125 0.053125
1 0.6734375 0.84296875 0.06015625 0.05625
1 0.234375 0.1796875 0.053125 0.05234375
1 0.0265625 0.54765625 0.05234375 0.0546875
0 0.5453125 0.1328125 0.0546875 0.05
1 0.4375 0.18984375 0.05390625 0.0515625
1 0.1265625 0.190625 0.0546875 0.05078125
1 0.50625 0.84296875 0.059375 0.05625
1 0.3859375 0.19765625 0.05390625 0.053125
1 0.60234375 0.22890625 0.053125 0.0484375
0 0.509375 0.7859375 0.0578125 0.05390625
0 0.8171875 0.2296875 0.053125 0.04765625
1 0.0796875 0.73515625 0.06015625 0.05390625
1 0.90390625 0.79609375 0.0609375 0.0578125
1 0.29453125 0.8453125 0.05859375 0.05546875
1 0.2890625 0.1859375 0.05390625 0.05234375
0 0.65 0.13671875 0.0546875 0.0484375
1 0.6546875 0.2265625 0.053125 0.0515625
1 0.49140625 0.18046875 0.0546875 0.05234375
1 0.7078125 0.22890625 0.0546875 0.053125
1 0.49296875 0.1328125 0.0546875 0.04921875
1 0.36171875 0.89296875 0.06015625 0.05546875
0 0.8296875 0.528125 0.05625 0.0515625
0 0.340625 0.28125 0.0546875 0.0515625
0 0.78671875 0.7359375 0.05703125 0.0515625
1 0.5484375 0.18125 0.0546875 0.0515625
0 0.49296875 0.084375 0.05390625 0.05
0 0.0796875 0.234375 0.05390625 0.0515625
1 0.60859375 0.278125 0.05546875 0.05390625
0 0.03125 0.33671875 0.0546875 0.053125
1 0.90546875 0.8484375 0.0609375 0.05625
0 0.13046875 0.23828125 0.05546875 0.0515625
0 0.859375 0.13125 0.05546875 0.0515625
1 0.02421875 0.4375 0.0484375 0.05234375
0 0.76640625 0.18046875 0.0546875 0.05
0 0.88125 0.33203125 0.05625 0.0484375
1 0.9578125 0.79140625 0.0578125 0.05546875
1 0.6 0.1796875 0.0546875 0.05078125
0 0.75625 0.128125 0.0546875 0.0515625
0 0.9140625 0.22265625 0.0546875 0.0515625
1 0.70390625 0.1828125 0.05234375 0.0484375
1 0.021875 0.3890625 0.04375 0.05
0 0.9796875 0.3734375 0.040625 0.05078125
1 0.34296875 0.1421875 0.05390625 0.05234375
1 0.18203125 0.8984375 0.059375 0.05703125
1 0.38828125 0.09375 0.05390625 0.05234375
1 0.0703125 0.1859375 0.05390625 0.05
0 0.71015625 0.0859375 0.05390625 0.05078125
0 0.796875 0.0890625 0.053125 0.05
1 0.440625 0.0890625 0.05390625 0.05078125
0 0.975 0.27734375 0.05 0.0515625
1 0.7015625 0.13359375 0.05390625 0.0515625
0 0.02578125 0.2421875 0.0515625 0.053125
1 0.59765625 0.13125 0.05546875 0.0515625
1 0.021875 0.78671875 0.04375 0.0546875
1 0.73125 0.8921875 0.0609375 0.05703125
0 0.653125 0.090625 0.0515625 0.04609375
1 0.65 0.1796875 0.0515625 0.04765625
0 0.54921875 0.08671875 0.05390625 0.04765625
1 0.85 0.8953125 0.059375 0.05546875
1 0.06484375 0.8875 0.06015625 0.0578125
1 0.98203125 0.57421875 0.0359375 0.0546875
0 0.98125 0.43046875 0.03671875 0.05234375
0 0.978125 0.32578125 0.04296875 0.04765625
0 0.9796875 0.47890625 0.040625 0.05
1 0.38515625 0.04765625 0.05234375 0.046875
1 0.615625 0.9 0.06015625 0.05625
0 0.86015625 0.0875 0.0546875 0.04453125
0 0.6015625 0.08515625 0.05234375 0.04609375
0 0.98125 0.52578125 0.0375 0.0515625
0 0.4375 0.04296875 0.05234375 0.04765625
0 0.54453125 0.03515625 0.05234375 0.04921875
0 0.4875 0.03515625 0.053125 0.04921875
0 0.97265625 0.175 0.0546875 0.053125
1 0.271875 0.0921875 0.05546875 0.05390625
1 0.9828125 0.63125 0.03359375 0.0546875
1 0.22734375 0.9421875 0.0609375 0.0578125
0 0.7 0.04140625 0.05390625 0.04765625
0 0.80234375 0.04296875 0.05234375 0.0484375
1 0.35390625 0.94453125 0.06171875 0.05625
1 0.9625 0.8953125 0.059375 0.05703125
1 0.2234375 0.04921875 0.053125 0.05234375
1 0.13828125 0.96796875 0.0609375 0.05546875
1 0.01796875 0.89375 0.0359375 0.05625
1 0.7921875 0.95078125 0.059375 0.05703125
1 0.99453125 0.84296875 0.01015625 0.04453125