1 0.503125 0.40234375 0.05234375 0.04921875
0 0.44453125 0.15859375 0.05234375 0.05
1 0.45 0.40390625 0.05390625 0.05
0 0.40859375 0.11328125 0.0546875 0.05
1 0.396875 0.4 0.053125 0.0484375
1 0.55546875 0.403125 0.053125 0.05
1 0.346875 0.4 0.05234375 0.04921875
1 0.29609375 0.39921875 0.05390625 0.05
1 0.55546875 0.49765625 0.05390625 0.04921875
1 0.25546875 0.44296875 0.05546875 0.04921875
1 0.60625 0.49921875 0.053125 0.04921875
0 0.3546875 0.109375 0.05546875 0.04921875
1 0.2046875 0.44140625 0.05546875 0.05
1 0.29765625 0.49765625 0.0546875 0.0484375
1 0.34921875 0.5453125 0.053125 0.0484375
1 0.40625 0.25234375 0.05390625 0.05
0 0.45703125 0.20703125 0.053125 0.05
0 0.39375 0.16015625 0.05390625 0.05
1 0.55703125 0.4484375 0.053125 0.0484375
1 0.35625 0.2484375 0.053125 0.05
1 0.3984375 0.54375 0.053125 0.0484375
1 0.50234375 0.49609375 0.05234375 0.04765625
1 0.1984375 0.53984375 0.0546875 0.04921875
1 0.56328125 0.30703125 0.05390625 0.05078125
1 0.24453125 0.48671875 0.05390625 0.04765625
1 0.51171875 0.31015625 0.05546875 0.05078125
1 0.45546875 0.2546875 0.053125 0.05
1 0.246875 0.3921875 0.053125 0.04921875
1 0.396875 0.496875 0.0546875 0.0484375
0 0.50859375 0.21171875 0.053125 0.05078125
0 0.55390625 0.11640625 0.053125 0.05078125
1 0.4078125 0.44453125 0.0546875 0.04921875
0 0.5609375 0.209375 0.053125 0.05
1 0.5609375 0.35390625 0.0546875 0.0484375
0 0.6109375 0.16015625 0.0515625 0.0484375
1 0.25546875 0.25 0.05390625 0.05
1 0.1421875 0.49375 0.0546875 0.04921875
1 0.15234375 0.45 0.05546875 0.05
0 0.71484375 0.25 0.053125 0.0484375
1 0.40625 0.20625 0.05546875 0.05078125
0 0.60625 0.11015625 0.05234375 0.0484375
1 0.6015625 0.5921875 0.053125 0.046875
1 0.30234375 0.590625 0.05390625 0.0484375
0 0.6140625 0.3046875 0.053125 0.05
0 0.6125 0.3578125 0.05390625 0.0484375
1 0.31484375 0.20703125 0.0546875 0.05
1 0.40078125 0.73203125 0.05390625 0.04921875
0 0.50703125 0.2578125 0.0546875 0.04921875
1 0.6109375 0.21015625 0.0546875 0.05078125
0 0.559375 0.16328125 0.05390625 0.05
1 0.140625 0.54140625 0.0546875 0.05078125
0 0.7671875 0.16171875 0.0546875 0.0484375
1 0.2421875 0.29609375 0.053125 0.05078125
1 0.30625 0.253125 0.053125 0.05
1 0.59765625 0.54609375 0.05234375 0.0484375
1 0.26328125 0.203125 0.05546875 0.05
0 0.6109375 0.25625 0.0515625 0.04921875
0 0.815625 0.2140625 0.05390625 0.0484375
1 0.40625 0.303125 0.0546875 0.05078125
1 0.75625 0.59765625 0.05546875 0.04921875
1 0.4984375 0.596875 0.05546875 0.04921875
1 0.2046875 0.2515625 0.0546875 0.05078125
0 0.7640625 0.21015625 0.05390625 0.04921875
1 0.35390625 0.29609375 0.05390625 0.05
1 0.20078125 0.34765625 0.05546875 0.0515625
0 0.715625 0.30703125 0.05390625 0.04921875
1 0.15234375 0.5875 0.0546875 0.04921875
1 0.5609375 0.25703125 0.0546875 0.05078125
1 0.54375 0.64140625 0.05234375 0.0484375
1 0.3015625 0.2984375 0.053125 0.05
1 0.34296875 0.15546875 0.0546875 0.05078125
0 0.4484375 0.06796875 0.05546875 0.0484375
1 0.853125 0.55234375 0.05546875 0.05
1 0.290625 0.6390625 0.05390625 0.05
1 0.803125 0.5421875 0.0546875 0.0484375
1 0.59453125 0.640625 0.053125 0.04921875
1 0.34296875 0.63203125 0.053125 0.04765625
0 0.69453125 0.5046875 0.05546875 0.04921875
1 0.29453125 0.74296875 0.05546875 0.0484375
0 0.665625 0.29921875 0.053125 0.04921875
1 0.45625 0.7421875 0.05390625 0.04921875
1 0.4 0.5890625 0.053125 0.04609375
0 0.70625 0.4515625 0.05625 0.04921875
0 0.6609375 0.40546875 0.05546875 0.04765625
0 0.8109375 0.109375 0.05390625 0.04921875
0 0.80625 0.44453125 0.05625 0.0484375
1 0.75625 0.64765625 0.05625 0.04921875
1 0.09140625 0.5484375 0.0546875 0.0484375
1 0.19609375 0.6921875 0.0546875 0.0484375
1 0.0890625 0.64296875 0.05625 0.0515625
1 0.74921875 0.69453125 0.0546875 0.0484375
0 0.86328125 0.4515625 0.05625 0.04921875
1 0.85703125 0.59921875 0.05703125 0.05078125
1 0.6625 0.15703125 0.05546875 0.05
0 0.51640625 0.06640625 0.0546875 0.04765625
1 0.14921875 0.30625 0.0546875 0.05
0 0.76015625 0.4046875 0.05546875 0.0484375
0 0.715625 0.353125 0.05546875 0.04765625
1 0.7125 0.20390625 0.05234375 0.04921875
1 0.70390625 0.5984375 0.053125 0.0484375
1 0.6515625 0.64140625 0.053125 0.04765625
0 0.60625 0.4046875 0.0546875 0.0484375
1 0.49375 0.64609375 0.05390625 0.0484375
1 0.19609375 0.73828125 0.0546875 0.04921875
1 0.69453125 0.69609375 0.05546875 0.04921875
1 0.66328125 0.2 0.0546875 0.05
1 0.090625 0.69140625 0.05390625 0.05
0 0.35546875 0.05703125 0.0546875 0.05
1 0.6640625 0.253125 0.053125 0.05
1 0.09296875 0.4515625 0.05625 0.0515625
0 0.30390625 0.0609375 0.0515625 0.04921875
1 0.2984375 0.696875 0.05546875 0.05
1 0.7140625 0.159375 0.053125 0.0484375
1 0.24140625 0.6515625 0.05234375 0.04765625
1 0.1453125 0.7421875 0.05390625 0.04921875
1 0.24765625 0.109375 0.05546875 0.05
0 0.60234375 0.06328125 0.05390625 0.0484375
1 0.09921875 0.30625 0.05546875 0.0515625
1 0.45 0.69609375 0.053125 0.0484375
1 0.909375 0.60390625 0.05390625 0.05078125
1 0.1484375 0.35234375 0.05546875 0.05078125
0 0.24765625 0.5484375 0.053125 0.04765625
0 0.203125 0.5875 0.053125 0.0484375
1 0.49296875 0.7890625 0.05234375 0.0484375
1 0.290625 0.78828125 0.0546875 0.05
1 0.909375 0.49921875 0.0546875 0.0484375
1 0.340625 0.784375 0.053125 0.04921875
1 0.15390625 0.15 0.05390625 0.04921875
1 0.09453125 0.35390625 0.05625 0.0515625
1 0.6984375 0.74453125 0.05625 0.04921875
0 0.64921875 0.55 0.05234375 0.046875
0 0.915625 0.45390625 0.0546875 0.04921875
1 0.4421875 0.78828125 0.05390625 0.04921875
0 0.29921875 0.5421875 0.05234375 0.046875
1 0.196875 0.79375 0.05546875 0.0515625
1 0.6578125 0.1125 0.05546875 0.05
0 0.25234375 0.59765625 0.05234375 0.0484375
1 0.20390625 0.15625 0.05546875 0.04921875
0 0.753125 0.5515625 0.05390625 0.046875
0 0.80859375 0.496875 0.05625 0.04765625
1 0.0359375 0.64765625 0.0546875 0.0515625
0 0.81484375 0.30703125 0.05625 0.04765625
1 0.0390625 0.69609375 0.05625 0.0515625
1 0.76640625 0.25703125 0.05546875 0.05
1 0.03984375 0.553125 0.0546875 0.05
1 0.3 0.1078125 0.05390625 0.0484375
1 0.71171875 0.06640625 0.053125 0.04765625
1 0.0390625 0.44765625 0.05546875 0.05078125
0 0.70078125 0.5515625 0.05390625 0.04609375
0 0.86015625 0.5046875 0.05390625 0.046875
1 0.24453125 0.84609375 0.0546875 0.05078125
1 0.0484375 0.74140625 0.05546875 0.05
0 0.8203125 0.0625 0.05390625 0.04765625
1 0.85 0.70078125 0.05703125 0.05
1 0.09453125 0.78359375 0.05625 0.05078125
1 0.91328125 0.653125 0.05625 0.05078125
1 0.6984375 0.78984375 0.05546875 0.04921875
1 0.80859375 0.790625 0.0578125 0.0484375
0 0.390625 0.78359375 0.05234375 0.04921875
1 0.86484375 0.74375 0.05703125 0.04765625
1 0.146875 0.10078125 0.0546875 0.0515625
1 0.9125 0.4046875 0.05703125 0.04921875
0 0.190625 0.6375 0.053125 0.0484375
0 0.653125 0.5953125 0.0515625 0.0453125
0 0.40546875 0.82890625 0.0546875 0.0484375
1 0.03984375 0.35390625 0.0546875 0.0515625
1 0.659375 0.065625 0.05546875 0.04765625
1 0.0984375 0.20390625 0.05546875 0.05
1 0.96640625 0.5015625 0.05625 0.05078125
1 0.9671875 0.4546875 0.05625 0.05
1 0.1515625 0.83203125 0.05625 0.05
0 0.13984375 0.63359375 0.0546875 0.0484375
1 0.759375 0.11484375 0.0546875 0.05
1 0.09921875 0.83046875 0.05625 0.05078125
1 0.0921875 0.11015625 0.05390625 0.05
0 0.34609375 0.8328125 0.0546875 0.04921875
1 0.253125 0.06328125 0.05546875 0.0484375
0 0.2953125 0.8359375 0.05390625 0.05078125
1 0.8109375 0.8359375 0.0546875 0.0484375
1 0.75703125 0.8421875 0.05625 0.05
1 0.97109375 0.553125 0.05625 0.04921875
0 0.51484375 0.8296875 0.05234375 0.046875
1 0.03984375 0.83671875 0.05625 0.0515625
1 0.9640625 0.6453125 0.05546875 0.0515625
0 0.7046875 0.83828125 0.05390625 0.0484375
0 0.4640625 0.83125 0.05390625 0.046875
1 0.86640625 0.8390625 0.05546875 0.04921875
1 0.76953125 0.0609375 0.05390625 0.04921875
0 0.55390625 0.7828125 0.0546875 0.0484375
0 0.65390625 0.83828125 0.0546875 0.0484375
1 0.040625 0.10390625 0.05546875 0.053125
0 0.29765625 0.8828125 0.0546875 0.04921875
0 0.60234375 0.8296875 0.053125 0.04765625
1 0.2484375 0.8984375 0.0546875 0.05
0 0.40703125 0.87734375 0.05390625 0.04765625
1 0.9578125 0.3609375 0.05625 0.05078125
1 0.14375 0.05390625 0.0546875 0.04921875
1 0.03515625 0.88359375 0.0546875 0.0515625
0 0.815625 0.88203125 0.05703125 0.0484375
0 0.7546875 0.89140625 0.0578125 0.0484375
1 0.2 0.9296875 0.05546875 0.05078125
1 0.0890625 0.93671875 0.05625 0.05078125
0 0.36171875 0.9328125 0.0546875 0.04921875