1 0.47109375 0.74765625 0.04921875 0.05078125
0 0.04921875 0.79765625 0.053125 0.0515625
0 0.103125 0.84609375 0.05234375 0.0515625
1 0.5203125 0.74296875 0.0515625 0.053125
1 0.56875 0.74296875 0.05078125 0.05390625
1 0.3015625 0.79453125 0.0546875 0.05390625
1 0.621875 0.7421875 0.0515625 0.0546875
0 0.15390625 0.85234375 0.05234375 0.053125
0 0.04296875 0.74765625 0.053125 0.0515625
0 0.2046875 0.8625 0.053125 0.05234375
1 0.7296875 0.5953125 0.053125 0.0515625
1 0.46640625 0.79921875 0.053125 0.05078125
1 0.21328125 0.646875 0.05390625 0.0515625
1 0.68046875 0.74453125 0.05234375 0.053125
1 0.834375 0.53984375 0.05078125 0.05078125
1 0.83515625 0.65078125 0.0515625 0.0515625
1 0.2484375 0.8 0.053125 0.05390625
1 0.20390625 0.58359375 0.053125 0.0515625
1 0.2171875 0.4375 0.053125 0.04921875
0 0.25234375 0.85 0.053125 0.053125
1 0.72890625 0.38828125 0.05078125 0.04921875
1 0.15546875 0.59453125 0.05234375 0.0515625
1 0.77734375 0.3875 0.04921875 0.05
1 0.2140625 0.53515625 0.05234375 0.04921875
0 0.359375 0.90703125 0.053125 0.05234375
1 0.61875 0.38125 0.04921875 0.04765625
1 0.41796875 0.8484375 0.05390625 0.0546875
1 0.7328125 0.69453125 0.053125 0.05234375
1 0.72734375 0.6453125 0.05234375 0.05078125
1 0.10078125 0.69375 0.053125 0.0546875
1 0.09375 0.7453125 0.05390625 0.05390625
1 0.19609375 0.796875 0.05234375 0.053125
1 0.57265625 0.43671875 0.05 0.05078125
0 0.4671875 0.9015625 0.053125 0.05078125
1 0.15625 0.3984375 0.0515625 0.05
1 0.21484375 0.48671875 0.053125 0.0484375
1 0.678125 0.38515625 0.05 0.0484375
1 0.7796875 0.59765625 0.0515625 0.0515625
1 0.78828125 0.69375 0.05078125 0.0515625
0 0.0953125 0.64140625 0.05546875 0.05234375
1 0.5671875 0.7953125 0.05234375 0.053125
0 0.16171875 0.646875 0.0546875 0.0515625
1 0.20546875 0.3921875 0.05234375 0.05
0 0.5171875 0.903125 0.05234375 0.0515625
0 0.57109375 0.8484375 0.05234375 0.0515625
1 0.5203125 0.39921875 0.04921875 0.04921875
1 0.35625 0.846875 0.053125 0.053125
1 0.82890625 0.59140625 0.04921875 0.05078125
1 0.89375 0.69453125 0.0515625 0.05390625
1 0.884375 0.5453125 0.05078125 0.0515625
1 0.04453125 0.65 0.0515625 0.05234375
1 0.82734375 0.3890625 0.05 0.05
1 0.51875 0.35 0.04921875 0.04765625
1 0.47265625 0.3984375 0.04921875 0.04921875
1 0.26640625 0.4546875 0.0515625 0.05078125
1 0.728125 0.43671875 0.05 0.0484375
1 0.15546875 0.446875 0.05234375 0.05
1 0.14765625 0.8 0.053125 0.05390625
1 0.58125 0.24296875 0.04921875 0.04921875
1 0.93359375 0.5375 0.05078125 0.05234375
0 0.05 0.5984375 0.05390625 0.05234375
0 0.8328125 0.74921875 0.05234375 0.05078125
1 0.628125 0.240625 0.0484375 0.04921875
1 0.67421875 0.29296875 0.05 0.04765625
1 0.940625 0.69453125 0.05078125 0.0546875
1 0.36328125 0.4515625 0.05 0.05
1 0.425 0.39375 0.04921875 0.05
1 0.6734375 0.2453125 0.0484375 0.0484375
1 0.67890625 0.3390625 0.05 0.04765625
1 0.15703125 0.70234375 0.05234375 0.05390625
0 0.68359375 0.85 0.0546875 0.05390625
1 0.31640625 0.45 0.04921875 0.05078125
1 0.20625 0.6984375 0.053125 0.053125
1 0.93828125 0.590625 0.05078125 0.05
1 0.46640625 0.84921875 0.05234375 0.053125
0 0.01875 0.4 0.0375 0.04921875
1 0.525 0.446875 0.05 0.05
0 0.63359375 0.79375 0.053125 0.0515625
0 0.84140625 0.85625 0.05546875 0.05390625
0 0.68359375 0.6890625 0.05234375 0.05
1 0.15 0.49375 0.05234375 0.04921875
1 0.05078125 0.69921875 0.05234375 0.053125
0 0.1 0.5921875 0.053125 0.05234375
1 0.8359375 0.7 0.05078125 0.05
1 0.1 0.7953125 0.05390625 0.05390625
1 0.61875 0.43359375 0.04921875 0.05
0 0.7828125 0.74296875 0.0546875 0.0515625
0 0.684375 0.79453125 0.053125 0.05078125
1 0.2171875 0.19765625 0.05 0.0484375
1 0.51640625 0.19765625 0.05 0.0484375
1 0.32109375 0.19375 0.05078125 0.04921875
0 0.73203125 0.74375 0.0546875 0.0515625
1 0.72578125 0.19453125 0.05 0.04765625
1 0.4671875 0.19140625 0.05 0.04921875
1 0.16875 0.196875 0.04921875 0.04921875
1 0.36796875 0.19921875 0.05078125 0.04921875
0 0.88984375 0.74765625 0.053125 0.053125
0 0.51875 0.79453125 0.053125 0.05234375
1 0.4109375 0.45390625 0.05078125 0.05
0 0.51640625 0.8515625 0.053125 0.05234375
1 0.109375 0.39296875 0.05078125 0.05078125
0 0.32578125 0.39453125 0.0515625 0.05
0 0.89375 0.79765625 0.05625 0.0546875
1 0.7203125 0.24140625 0.04921875 0.0484375
0 0.10390625 0.53828125 0.053125 0.05078125
1 0.0609375 0.3890625 0.05078125 0.05078125
0 0.734375 0.85625 0.05546875 0.053125
0 0.27578125 0.3953125 0.05078125 0.04921875
1 0.30234375 0.84609375 0.053125 0.05234375
0 0.15234375 0.54609375 0.053125 0.0515625
0 0.88671875 0.6421875 0.053125 0.0515625
0 0.06640625 0.340625 0.0515625 0.0484375
1 0.365625 0.2546875 0.05078125 0.0484375
0 0.678125 0.63359375 0.0515625 0.04921875
0 0.9390625 0.6421875 0.05234375 0.0515625
1 0.778125 0.19375 0.05078125 0.04921875
1 0.12109375 0.19921875 0.05 0.04921875
1 0.9390625 0.74375 0.0515625 0.05078125
0 0.37734375 0.39296875 0.05 0.0484375
0 0.07109375 0.24375 0.0515625 0.0484375
1 0.21875 0.2453125 0.0515625 0.04921875
0 0.678125 0.48125 0.0515625 0.0484375
0 0.7875 0.84765625 0.05546875 0.0546875
1 0.0546875 0.44296875 0.0515625 0.053125
0 0.11953125 0.34375 0.0515625 0.05078125
0 0.7859375 0.54609375 0.0515625 0.05
0 0.9421875 0.7953125 0.0546875 0.05546875
0 0.171875 0.35078125 0.0515625 0.04921875
0 0.01796875 0.3453125 0.0359375 0.04765625
0 0.72734375 0.48515625 0.053125 0.04921875
0 0.83828125 0.4875 0.05234375 0.04921875
0 0.31953125 0.34453125 0.0515625 0.04921875
0 0.22109375 0.346875 0.05234375 0.04921875
0 0.30078125 0.94375 0.053125 0.0515625
0 0.8953125 0.49140625 0.05234375 0.05078125
0 0.7328125 0.54375 0.05390625 0.05
0 0.565625 0.3890625 0.04921875 0.04765625
1 0.4078125 0.90078125 0.053125 0.053125
1 0.8921875 0.85078125 0.0515625 0.0515625
0 0.1703125 0.25 0.0515625 0.04921875
0 0.94375 0.4890625 0.05078125 0.05078125
0 0.4265625 0.34453125 0.05078125 0.04765625
0 0.778125 0.4390625 0.05234375 0.04921875
1 0.1203125 0.2484375 0.0515625 0.04921875
0 0.471875 0.35078125 0.04921875 0.04765625
0 0.371875 0.303125 0.05234375 0.0484375
1 0.8328125 0.19765625 0.04921875 0.0484375
1 0.61875 0.490625 0.05078125 0.05
0 0.2203125 0.2953125 0.053125 0.05
0 0.890625 0.909375 0.0546875 0.05625
0 0.01796875 0.28828125 0.0359375 0.0484375
1 0.89140625 0.1484375 0.05 0.0453125
0 0.87578125 0.38359375 0.05234375 0.05
0 0.41328125 0.953125 0.053125 0.0515625
0 0.83203125 0.43984375 0.05234375 0.05
0 0.63203125 0.3296875 0.05078125 0.046875
0 0.2703125 0.25234375 0.05234375 0.04921875
0 0.1234375 0.2953125 0.05234375 0.04921875
0 0.32109375 0.29375 0.0515625 0.04921875
0 0.675 0.58125 0.05078125 0.04765625
0 0.47265625 0.2890625 0.05 0.04765625
1 0.8875 0.19453125 0.05078125 0.04921875
1 0.9390625 0.8484375 0.05 0.05234375
0 0.07265625 0.1953125 0.0484375 0.046875
0 0.42578125 0.24765625 0.0515625 0.04765625
0 0.5234375 0.296875 0.05 0.04765625
0 0.5671875 0.34296875 0.05 0.04921875
0 0.68046875 0.4328125 0.04921875 0.04765625
0 0.275 0.19609375 0.05078125 0.0484375
0 0.525 0.24921875 0.05 0.0484375
0 0.83515625 0.1484375 0.05078125 0.046875
0 0.4171875 0.1953125 0.05078125 0.04609375
0 0.7796875 0.146875 0.05234375 0.046875
0 0.62734375 0.19453125 0.04921875 0.04609375
0 0.5734375 0.19609375 0.04921875 0.0453125
0 0.1171875 0.15078125 0.0515625 0.04765625
0 0.678125 0.19765625 0.04921875 0.046875
0 0.3765625 0.15 0.05234375 0.04765625
1 0.015625 0.44921875 0.03046875 0.0515625
0 0.5703125 0.29453125 0.04921875 0.04765625
0 0.22890625 0.1421875 0.05078125 0.046875
0 0.7296875 0.14453125 0.05078125 0.04765625
0 0.6796875 0.15 0.0515625 0.04765625
0 0.3203125 0.14375 0.05078125 0.04765625
0 0.53046875 0.1453125 0.05 0.046875
0 0.4734375 0.14453125 0.05 0.04609375
1 0.871875 0.09375 0.04921875 0.04765625
0 0.01015625 0.5953125 0.01953125 0.05234375
0 0.01171875 0.64765625 0.02265625 0.05078125
0 0.01171875 0.69921875 0.0234375 0.0515625