0 0.5078125 0.63359375 0.04140625 0.04453125
1 0.246875 0.6421875 0.046875 0.046875
1 0.3046875 0.6484375 0.04765625 0.04765625
1 0.34765625 0.753125 0.046875 0.046875
0 0.5109375 0.69609375 0.04375 0.04765625
1 0.34765625 0.69609375 0.04609375 0.04765625
1 0.146875 0.496875 0.0484375 0.05078125
1 0.30078125 0.70625 0.046875 0.04765625
0 0.4625 0.74921875 0.04375 0.046875
1 0.35703125 0.590625 0.04765625 0.05
0 0.56796875 0.74140625 0.04140625 0.0453125
0 0.60625 0.7015625 0.0421875 0.046875
1 0.39609375 0.53984375 0.046875 0.04921875
0 0.715625 0.75625 0.0421875 0.04609375
0 0.39765625 0.75078125 0.04453125 0.0484375
0 0.66875 0.69921875 0.0421875 0.04453125
1 0.15546875 0.446875 0.046875 0.05078125
1 0.35703125 0.803125 0.046875 0.04765625
1 0.66015625 0.59375 0.0484375 0.0484375
1 0.7609375 0.44765625 0.0453125 0.046875
1 0.71171875 0.4484375 0.0453125 0.04765625
1 0.56640625 0.53046875 0.046875 0.04921875
1 0.45546875 0.85078125 0.046875 0.0453125
1 0.5640625 0.8484375 0.04765625 0.04765625
1 0.60859375 0.54296875 0.0453125 0.046875
1 0.60859375 0.49140625 0.046875 0.0484375
1 0.7109375 0.85234375 0.04765625 0.046875
0 0.80625 0.753125 0.04296875 0.04609375
1 0.19453125 0.84453125 0.046875 0.0484375
1 0.40546875 0.84765625 0.04765625 0.04765625
1 0.61484375 0.8515625 0.04609375 0.0453125
1 0.1 0.44375 0.046875 0.05078125
1 0.80859375 0.4390625 0.0453125 0.046875
1 0.85234375 0.44140625 0.04609375 0.04609375
0 0.7609375 0.696875 0.04296875 0.046875
1 0.86328125 0.5984375 0.04765625 0.05
1 0.346875 0.33828125 0.0453125 0.04921875
0 0.8609375 0.7125 0.04453125 0.04765625
1 0.759375 0.49609375 0.04609375 0.046875
0 0.50234375 0.334375 0.0453125 0.046875
1 0.8015625 0.59921875 0.04609375 0.046875
1 0.35234375 0.89453125 0.046875 0.046875
1 0.6640625 0.84921875 0.04765625 0.04765625
1 0.40234375 0.3890625 0.04921875 0.05078125
1 0.815625 0.8484375 0.04609375 0.04765625
1 0.2984375 0.340625 0.04765625 0.0484375
1 0.475 0.88984375 0.046875 0.046875
1 0.909375 0.70703125 0.046875 0.046875
1 0.7078125 0.38984375 0.046875 0.0484375
1 0.40625 0.8984375 0.04765625 0.046875
1 0.7546875 0.6 0.04453125 0.04609375
1 0.65546875 0.546875 0.0453125 0.0453125
1 0.25625 0.90546875 0.0484375 0.046875
1 0.9015625 0.35078125 0.046875 0.046875
0 0.30390625 0.8390625 0.04375 0.046875
1 0.51875 0.896875 0.04453125 0.0453125
1 0.90859375 0.803125 0.04609375 0.0453125
0 0.24765625 0.70390625 0.04453125 0.046875
1 0.709375 0.54921875 0.0453125 0.04609375
1 0.15 0.80546875 0.046875 0.046875
0 0.203125 0.64765625 0.04375 0.0484375
1 0.20703125 0.90234375 0.046875 0.04765625
1 0.915625 0.7625 0.046875 0.04765625
0 0.50078125 0.2828125 0.04453125 0.04765625
1 0.86015625 0.85234375 0.0453125 0.0453125
1 0.865625 0.55 0.04609375 0.04609375
0 0.1 0.4984375 0.04609375 0.0484375
1 0.95859375 0.7015625 0.04453125 0.046875
1 0.90625 0.5484375 0.04453125 0.04609375
1 0.34921875 0.2328125 0.0484375 0.05078125
1 0.95625 0.5515625 0.0453125 0.04765625
1 0.8109375 0.9 0.04609375 0.04609375
1 0.8640625 0.49921875 0.046875 0.04921875
0 0.0953125 0.54921875 0.0453125 0.0484375
1 0.5625 0.89453125 0.04609375 0.04609375
1 0.39609375 0.2328125 0.0484375 0.04921875
0 0.75703125 0.3 0.04296875 0.0453125
1 0.709375 0.90546875 0.04765625 0.04609375
0 0.14140625 0.33984375 0.04453125 0.0484375
1 0.95625 0.75703125 0.04453125 0.04609375
1 0.1921875 0.8 0.0453125 0.04609375
1 0.1015625 0.8 0.04609375 0.046875
1 0.95859375 0.503125 0.046875 0.04921875
0 0.0375 0.490625 0.04453125 0.04921875
0 0.95390625 0.6015625 0.04140625 0.046875
0 0.303125 0.903125 0.04296875 0.04453125
1 0.5609375 0.1859375 0.04921875 0.0484375
1 0.1484375 0.240625 0.0453125 0.046875
1 0.96171875 0.80859375 0.0453125 0.0453125
1 0.2109375 0.18515625 0.04765625 0.05
1 0.95703125 0.30859375 0.04609375 0.046875
0 0.09453125 0.34375 0.04453125 0.04921875
1 0.909375 0.30703125 0.046875 0.05
0 0.71171875 0.196875 0.04375 0.04921875
1 0.96015625 0.659375 0.04453125 0.04765625
1 0.35390625 0.13515625 0.046875 0.0484375
0 0.04453125 0.3890625 0.04375 0.0484375
0 0.80546875 0.15546875 0.0421875 0.04765625
1 0.5109375 0.1828125 0.04765625 0.04765625
0 0.7109375 0.1421875 0.04375 0.04921875
0 0.80859375 0.24140625 0.04296875 0.04765625
1 0.95859375 0.2625 0.04765625 0.04765625
0 0.9109375 0.153125 0.04296875 0.04765625
1 0.9171875 0.20234375 0.046875 0.04921875
0 0.1484375 0.90859375 0.04453125 0.04765625
1 0.29921875 0.134375 0.04765625 0.04921875
0 0.56171875 0.23671875 0.04375 0.04609375
0 0.1046875 0.8515625 0.04453125 0.04765625
0 0.77265625 0.0984375 0.0421875 0.04765625
1 0.30703125 0.95234375 0.0453125 0.046875
0 0.86953125 0.0921875 0.0421875 0.04765625
0 0.76328125 0.90546875 0.0421875 0.0453125
0 0.71015625 0.08828125 0.04375 0.0484375
0 0.65546875 0.240625 0.04296875 0.04453125
1 0.2453125 0.94765625 0.046875 0.046875
1 0.565625 0.140625 0.04765625 0.046875
1 0.253125 0.13125 0.0453125 0.046875
1 0.91171875 0.9078125 0.0453125 0.04609375
1 0.709375 0.946875 0.04765625 0.04609375
1 0.96015625 0.20078125 0.04765625 0.0484375
1 0.3515625 0.95234375 0.046875 0.0453125
1 0.45 0.13671875 0.046875 0.04765625
1 0.40234375 0.9484375 0.04453125 0.04609375
1 0.15234375 0.1890625 0.04609375 0.0484375
1 0.45625 0.07890625 0.04765625 0.05
1 0.20625 0.13828125 0.04609375 0.046875
1 0.76640625 0.95703125 0.04453125 0.0453125
0 0.81328125 0.04453125 0.0421875 0.04765625
1 0.809375 0.95 0.0453125 0.04453125
1 0.9546875 0.90234375 0.04453125 0.0453125
1 0.40390625 0.0828125 0.04765625 0.04765625
1 0.51640625 0.07421875 0.04765625 0.0515625
1 0.96171875 0.45703125 0.04609375 0.0453125
0 0.19609375 0.94453125 0.04453125 0.046875
1 0.96015625 0.15703125 0.04609375 0.046875
0 0.57109375 0.03125 0.04140625 0.0453125
0 0.90859375 0.0484375 0.04140625 0.04609375
0 0.865625 0.04453125 0.04296875 0.04765625
0 0.040625 0.9109375 0.04453125 0.0453125
0 0.9625 0.09765625 0.04296875 0.0484375
0 0.509375 0.02265625 0.04453125 0.04375
0 0.153125 0.95 0.04453125 0.04609375
0 0.709375 0.03125 0.04296875 0.04609375
0 0.09453125 0.95234375 0.04453125 0.04375
1 0.4640625 0.02421875 0.0484375 0.04453125
1 0.203125 0.55078125 0.04375 0.04375
1 0.4 0.13671875 0.04375 0.0453125
1 0.44453125 0.1890625 0.04453125 0.0453125
1 0.44921875 0.23359375 0.04375 0.0453125
1 0.49921875 0.23828125 0.0453125 0.04296875
1 0.34921875 0.28515625 0.04375 0.04453125
1 0.39609375 0.28671875 0.0453125 0.046875
1 0.453125 0.290625 0.04453125 0.046875
1 0.29765625 0.39453125 0.0484375 0.05
1 0.35625 0.39765625 0.0421875 0.0453125
1 0.1484375 0.39609375 0.04140625 0.04296875
1 0.2140625 0.4375 0.04140625 0.04453125
1 0.25546875 0.4421875 0.04375 0.04453125
1 0.29921875 0.44765625 0.04296875 0.04609375
1 0.19921875 0.496875 0.0453125 0.046875
1 0.2546875 0.4921875 0.0421875 0.04375
1 0.2515625 0.5453125 0.03984375 0.04140625
1 0.24765625 0.59921875 0.04453125 0.0421875
1 0.30703125 0.54921875 0.04375 0.04609375
1 0.35234375 0.540625 0.04140625 0.04921875
1 0.29921875 0.60078125 0.04296875 0.04609375
1 0.39609375 0.490625 0.04375 0.04609375
1 0.55703125 0.48515625 0.04296875 0.0453125
1 0.6078125 0.44140625 0.04375 0.04609375
1 0.65625 0.39453125 0.0453125 0.046875
1 0.65546875 0.44375 0.04375 0.04296875
1 0.84921875 0.396875 0.04375 0.04453125
1 0.86015625 0.346875 0.04140625 0.04921875
1 0.7125 0.6015625 0.046875 0.04921875
0 0.1484375 0.85078125 0.0421875 0.04375
0 0.040625 0.440625 0.04375 0.046875
0 0.1015625 0.39375 0.0453125 0.04921875
0 0.1484375 0.55078125 0.04375 0.04375
0 0.16015625 0.59375 0.04453125 0.04375
0 0.20390625 0.5953125 0.04453125 0.04765625
0 0.35546875 0.846875 0.04296875 0.04765625
0 0.2953125 0.74765625 0.040625 0.04375
0 0.30546875 0.78984375 0.04375 0.04765625
0 0.40078125 0.79765625 0.04296875 0.04765625
0 0.4578125 0.7984375 0.0453125 0.0453125
0 0.51484375 0.80078125 0.04375 0.0484375
0 0.51875 0.8484375 0.04375 0.04453125
0 0.56171875 0.8015625 0.04296875 0.04453125
0 0.609375 0.803125 0.04296875 0.046875
0 0.66015625 0.79609375 0.040625 0.0453125
0 0.7109375 0.80859375 0.04296875 0.04453125
0 0.75859375 0.8078125 0.04296875 0.0453125
0 0.7609375 0.85 0.0421875 0.04296875
0 0.81328125 0.8046875 0.04296875 0.0421875
0 0.85703125 0.7984375 0.0421875 0.04375
0 0.8578125 0.7546875 0.0421875 0.04296875
0 0.3484375 0.65 0.04296875 0.04765625
0 0.39921875 0.65078125 0.040625 0.04765625
0 0.4421875 0.646875 0.04375 0.04765625
0 0.39609375 0.7 0.04296875 0.046875
0 0.40703125 0.59609375 0.03984375 0.04453125
0 0.9046875 0.60390625 0.03984375 0.04296875
0 0.9015625 0.646875 0.040625 0.04296875
0 0.85859375 0.65 0.04296875 0.04453125
0 0.80859375 0.64609375 0.040625 0.04921875
0 0.76484375 0.64921875 0.0421875 0.04453125
0 0.7046875 0.64609375 0.04375 0.0453125
0 0.64921875 0.64140625 0.04375 0.04453125
0 0.55625 0.59375 0.04453125 0.04765625
0 0.60625 0.59453125 0.0421875 0.04765625
0 0.4421875 0.54296875 0.04296875 0.04921875
0 0.51875 0.5484375 0.040625 0.046875
0 0.4984375 0.49765625 0.04375 0.04765625
0 0.303125 0.49765625 0.0421875 0.04375
0 0.3515625 0.4953125 0.04453125 0.046875
0 0.35546875 0.44609375 0.04375 0.0453125
0 0.40546875 0.4453125 0.0421875 0.04765625
0 0.44921875 0.4484375 0.0453125 0.0453125
0 0.44453125 0.4921875 0.04453125 0.046875
0 0.51640625 0.43828125 0.0421875 0.0453125
0 0.56484375 0.4375 0.0421875 0.0515625
0 0.609375 0.39765625 0.046875 0.0421875
0 0.66171875 0.35078125 0.040625 0.046875
0 0.70390625 0.3421875 0.04375 0.04765625
0 0.7609375 0.34453125 0.04375 0.04765625
0 0.75859375 0.39375 0.0421875 0.04765625
0 0.80703125 0.39453125 0.04296875 0.0453125
0 0.8109375 0.34921875 0.040625 0.04765625
0 0.8625 0.2953125 0.04296875 0.046875
0 0.9046875 0.24609375 0.0421875 0.04765625
0 0.8609375 0.24296875 0.04296875 0.046875
0 0.865625 0.19765625 0.04296875 0.04765625
0 0.76328125 0.19375 0.04296875 0.0484375
0 0.6109375 0.18984375 0.04375 0.046875
0 0.66953125 0.1453125 0.0421875 0.0484375
0 0.60859375 0.13671875 0.04375 0.04765625
0 0.66015625 0.0875 0.040625 0.04921875
0 0.6171875 0.08359375 0.04296875 0.05234375
0 0.5625 0.07734375 0.04375 0.0484375
0 0.1921875 0.38515625 0.0421875 0.04765625
0 0.2390625 0.39609375 0.04375 0.04765625
0 0.24921875 0.35234375 0.0421875 0.04375
0 0.19921875 0.33046875 0.04375 0.0453125
0 0.20078125 0.28203125 0.0453125 0.0484375
0 0.2546875 0.29296875 0.0421875 0.04765625
0 0.30234375 0.29296875 0.04453125 0.04765625
0 0.2046875 0.234375 0.04296875 0.04765625
0 0.25390625 0.19296875 0.04296875 0.0515625
0 0.2984375 0.190625 0.04453125 0.046875
0 0.30234375 0.23515625 0.04453125 0.0453125
0 0.35 0.18828125 0.04375 0.04453125
0 0.39453125 0.18828125 0.04375 0.0453125
0 0.403125 0.33515625 0.04140625 0.0484375
0 0.44609375 0.34375 0.0421875 0.046875
0 0.45 0.39140625 0.04375 0.0484375