1 0.4421875 0.4 0.05078125 0.04921875
0 0.39375 0.2953125 0.05234375 0.0515625
0 0.4453125 0.29609375 0.0515625 0.05078125
1 0.3421875 0.4 0.053125 0.04921875
1 0.1875 0.44453125 0.0546875 0.05078125
1 0.5453125 0.34296875 0.05234375 0.05
1 0.290625 0.3984375 0.05234375 0.05
0 0.59765625 0.29609375 0.05234375 0.05078125
1 0.29375 0.29765625 0.05234375 0.05078125
0 0.59453125 0.34921875 0.05234375 0.0515625
1 0.44375 0.34921875 0.05234375 0.05078125
0 0.39296875 0.24375 0.0515625 0.0515625
0 0.4453125 0.134375 0.05390625 0.05078125
0 0.44609375 0.24453125 0.05390625 0.0515625
0 0.49609375 0.24765625 0.053125 0.05078125
1 0.4984375 0.296875 0.05234375 0.05078125
1 0.18671875 0.39140625 0.0546875 0.0515625
1 0.390625 0.45546875 0.053125 0.04765625
1 0.39375 0.35234375 0.053125 0.05078125
1 0.5515625 0.4015625 0.053125 0.05
0 0.49765625 0.1375 0.053125 0.0515625
0 0.6 0.45 0.0515625 0.046875
0 0.60078125 0.396875 0.05234375 0.04765625
1 0.3453125 0.2984375 0.05234375 0.05
0 0.65 0.28984375 0.053125 0.0515625
0 0.7640625 0.3375 0.05390625 0.05
0 0.54765625 0.19453125 0.05390625 0.0515625
0 0.60234375 0.1890625 0.05390625 0.05078125
1 0.290625 0.503125 0.053125 0.05078125
1 0.17421875 0.18984375 0.05234375 0.05
0 0.65 0.34609375 0.05234375 0.04921875
1 0.08125 0.40078125 0.05390625 0.05078125
0 0.28671875 0.60703125 0.053125 0.0484375
1 0.39375 0.13984375 0.053125 0.0515625
1 0.240625 0.39375 0.05234375 0.05
0 0.65546875 0.13828125 0.05234375 0.05078125
1 0.5515625 0.45078125 0.053125 0.04921875
0 0.76328125 0.3921875 0.0546875 0.05
0 0.759375 0.28984375 0.05390625 0.05
0 0.70859375 0.34921875 0.053125 0.04921875
1 0.3453125 0.49765625 0.05390625 0.04921875
0 0.54765625 0.2421875 0.0515625 0.04921875
1 0.1796875 0.3390625 0.053125 0.05078125
0 0.3359375 0.55859375 0.05234375 0.04765625
1 0.54765625 0.29375 0.05234375 0.0515625
1 0.23671875 0.60390625 0.05390625 0.0515625
1 0.1359375 0.50546875 0.05546875 0.05078125
0 0.4984375 0.0859375 0.053125 0.0515625
0 0.60078125 0.140625 0.05234375 0.05
1 0.084375 0.5984375 0.0546875 0.0515625
0 0.7609375 0.23984375 0.05390625 0.05
1 0.1296875 0.34453125 0.0515625 0.05
1 0.134375 0.5578125 0.05546875 0.0515625
1 0.1875 0.4984375 0.05390625 0.05078125
0 0.86875 0.13671875 0.0546875 0.05078125
0 0.65234375 0.45078125 0.05078125 0.046875
0 0.75625 0.4484375 0.05390625 0.05
1 0.134375 0.39140625 0.053125 0.05078125
1 0.44140625 0.5578125 0.053125 0.05
1 0.2890625 0.19375 0.05234375 0.05
1 0.34453125 0.25078125 0.053125 0.05078125
0 0.7046875 0.3984375 0.053125 0.0484375
1 0.340625 0.19609375 0.05390625 0.0515625
0 0.809375 0.453125 0.05390625 0.05
1 0.65546875 0.50390625 0.0515625 0.0484375
1 0.44609375 0.50859375 0.0515625 0.04921875
1 0.7078125 0.28828125 0.053125 0.0515625
0 0.86875 0.18671875 0.05390625 0.05
1 0.2921875 0.08671875 0.053125 0.05078125
0 0.65703125 0.2421875 0.05234375 0.04921875
1 0.54765625 0.546875 0.053125 0.0484375
1 0.234375 0.140625 0.0515625 0.05
1 0.60234375 0.56171875 0.05234375 0.0484375
0 0.70390625 0.0859375 0.05234375 0.04921875
1 0.55234375 0.50078125 0.05234375 0.04921875
1 0.08671875 0.49296875 0.05234375 0.04921875
0 0.915625 0.2421875 0.05546875 0.05078125
1 0.39140625 0.5546875 0.053125 0.05
1 0.396875 0.19375 0.05390625 0.0515625
0 0.54765625 0.1453125 0.053125 0.04921875
0 0.8140625 0.4 0.05234375 0.05
1 0.39453125 0.08984375 0.053125 0.05
1 0.49609375 0.19921875 0.05234375 0.05078125
0 0.2890625 0.7609375 0.05390625 0.0484375
0 0.91875 0.19296875 0.0546875 0.0515625
1 0.29296875 0.24921875 0.053125 0.05
0 0.1390625 0.75546875 0.05390625 0.05
1 0.71015625 0.2359375 0.05234375 0.0515625
1 0.65546875 0.18984375 0.05234375 0.0515625
1 0.44140625 0.60703125 0.053125 0.04921875
1 0.23984375 0.50078125 0.053125 0.05078125
1 0.39375 0.503125 0.0515625 0.04921875
0 0.6 0.0875 0.05078125 0.04921875
0 0.65234375 0.5515625 0.05234375 0.046875
1 0.13671875 0.2921875 0.053125 0.04921875
1 0.6046875 0.50390625 0.053125 0.04921875
1 0.76171875 0.19140625 0.0546875 0.0515625
0 0.75625 0.503125 0.053125 0.04765625
0 0.6515625 0.08984375 0.05234375 0.04921875
1 0.4484375 0.0859375 0.05234375 0.05
0 0.2921875 0.8109375 0.0546875 0.04921875
1 0.23828125 0.66328125 0.053125 0.05078125
1 0.44609375 0.19609375 0.05234375 0.05078125
1 0.34296875 0.8109375 0.053125 0.04921875
1 0.07890625 0.65546875 0.0546875 0.0515625
0 0.190625 0.81171875 0.0546875 0.05078125
1 0.8625 0.45625 0.053125 0.04921875
0 0.809375 0.50625 0.05390625 0.04921875
1 0.71015625 0.134375 0.05234375 0.05078125
1 0.0828125 0.14296875 0.05390625 0.05234375
0 0.08046875 0.7515625 0.0546875 0.05
1 0.7046875 0.184375 0.05234375 0.05234375
1 0.02734375 0.35234375 0.05234375 0.0515625
1 0.81796875 0.1296875 0.0546875 0.053125
1 0.184375 0.14296875 0.053125 0.05078125
1 0.8125 0.2984375 0.053125 0.05
1 0.3453125 0.759375 0.05390625 0.05
1 0.596875 0.609375 0.0515625 0.04921875
1 0.50078125 0.5046875 0.0515625 0.0484375
1 0.55078125 0.66640625 0.053125 0.04921875
1 0.44296875 0.71171875 0.05234375 0.04921875
1 0.134375 0.13828125 0.053125 0.05078125
1 0.9203125 0.4421875 0.05390625 0.05
1 0.340625 0.6625 0.05234375 0.05
0 0.70625 0.50390625 0.0515625 0.04765625
1 0.18359375 0.659375 0.053125 0.0515625
1 0.23828125 0.7140625 0.053125 0.05
1 0.18984375 0.70859375 0.05390625 0.05078125
1 0.2390625 0.76484375 0.05390625 0.0515625
1 0.865625 0.2359375 0.05390625 0.0515625
1 0.81484375 0.2421875 0.053125 0.05078125
0 0.8609375 0.5046875 0.05390625 0.05078125
0 0.8671875 0.5515625 0.05390625 0.04765625
0 0.91484375 0.08046875 0.05390625 0.05078125
1 0.92265625 0.38671875 0.053125 0.05
1 0.81875 0.353125 0.053125 0.0515625
1 0.86640625 0.396875 0.053125 0.05
0 0.8125 0.653125 0.05390625 0.0484375
0 0.7515625 0.60546875 0.05390625 0.046875
1 0.91171875 0.2921875 0.053125 0.05
1 0.390625 0.70546875 0.05234375 0.0484375
1 0.18125 0.0875 0.053125 0.05
0 0.44375 0.865625 0.0546875 0.05078125
1 0.7609375 0.13671875 0.05234375 0.05
1 0.5015625 0.91953125 0.05390625 0.05078125
1 0.44375 0.76640625 0.053125 0.04921875
0 0.8671875 0.609375 0.053125 0.04765625
0 0.70546875 0.7609375 0.05390625 0.0484375
1 0.03203125 0.7140625 0.05234375 0.05
1 0.8703125 0.34140625 0.053125 0.05078125
1 0.91796875 0.6015625 0.05234375 0.04921875
1 0.18984375 0.7609375 0.05390625 0.05
1 0.02578125 0.66484375 0.0515625 0.05234375
0 0.81484375 0.6046875 0.0546875 0.04921875
1 0.92265625 0.33828125 0.053125 0.05078125
1 0.5015625 0.8671875 0.05390625 0.05078125
0 0.91796875 0.6546875 0.053125 0.0484375
1 0.0296875 0.1421875 0.053125 0.053125
0 0.92109375 0.7046875 0.053125 0.046875
1 0.7578125 0.0796875 0.05390625 0.05078125
1 0.6484375 0.7609375 0.05390625 0.04921875
0 0.81328125 0.55625 0.0546875 0.05
1 0.5515625 0.85625 0.053125 0.04921875
0 0.03203125 0.7625 0.05234375 0.05078125
1 0.60234375 0.853125 0.053125 0.04921875
1 0.6578125 0.81171875 0.0546875 0.05
1 0.2421875 0.81171875 0.05390625 0.05234375
0 0.75 0.709375 0.053125 0.04609375
0 0.86796875 0.759375 0.053125 0.046875
1 0.078125 0.09453125 0.05234375 0.05
0 0.709375 0.81171875 0.0546875 0.04921875
1 0.60078125 0.80625 0.05390625 0.05
0 0.1859375 0.8625 0.0546875 0.05
0 0.96875 0.24921875 0.05390625 0.05078125
1 0.60703125 0.91640625 0.05390625 0.05078125
0 0.3375 0.86015625 0.053125 0.05
0 0.49296875 0.03359375 0.0515625 0.05
0 0.70390625 0.65859375 0.05234375 0.046875
1 0.8140625 0.08046875 0.05390625 0.05
0 0.45078125 0.91640625 0.05390625 0.04921875
1 0.865625 0.08125 0.053125 0.0515625
0 0.81875 0.81640625 0.05390625 0.046875
1 0.659375 0.9125 0.05390625 0.05078125
1 0.2375 0.8609375 0.0546875 0.05
1 0.33359375 0.040625 0.05390625 0.05078125
1 0.9140625 0.5046875 0.053125 0.05
0 0.86171875 0.71328125 0.053125 0.0484375
1 0.0234375 0.559375 0.046875 0.05
0 0.0359375 0.81171875 0.053125 0.0515625
1 0.028125 0.240625 0.05390625 0.05234375
0 0.70546875 0.0359375 0.053125 0.05
1 0.9734375 0.7046875 0.05234375 0.05
1 0.290625 0.915625 0.05390625 0.05078125
1 0.92265625 0.76484375 0.05390625 0.0515625
0 0.81640625 0.76796875 0.053125 0.0484375
1 0.2390625 0.9109375 0.0515625 0.0515625
1 0.9734375 0.76015625 0.05234375 0.05078125
1 0.9734375 0.60546875 0.053125 0.05078125
0 0.54296875 0.03046875 0.05234375 0.04921875
1 0.97578125 0.384375 0.04765625 0.04921875
1 0.921875 0.81875 0.05390625 0.05234375
1 0.8171875 0.871875 0.0546875 0.05078125
1 0.8171875 0.190625 0.053125 0.0515625
1 0.3921875 0.0359375 0.05234375 0.05
1 0.971875 0.453125 0.053125 0.05
1 0.765625 0.9140625 0.05078125 0.04921875
1 0.91953125 0.5515625 0.05234375 0.05
1 0.971875 0.81875 0.05234375 0.0515625
1 0.86796875 0.87109375 0.053125 0.0515625
1 0.44296875 0.03515625 0.05234375 0.05078125
0 0.3953125 0.91953125 0.053125 0.04765625
1 0.8171875 0.91875 0.053125 0.04921875
0 0.1359375 0.915625 0.05390625 0.05078125
1 0.1875 0.915625 0.053125 0.05
1 0.27890625 0.0359375 0.05234375 0.05078125
0 0.9671875 0.1375 0.05625 0.05078125
1 0.96796875 0.2984375 0.053125 0.05078125
1 0.871875 0.81640625 0.053125 0.05078125
0 0.70859375 0.9203125 0.05390625 0.05078125
0 0.084375 0.865625 0.053125 0.04921875
0 0.034375 0.86015625 0.053125 0.05
0 0.340625 0.90859375 0.05546875 0.05078125
1 0.65703125 0.97265625 0.05390625 0.05
1 0.50390625 0.97421875 0.0546875 0.05
0 0.86796875 0.92578125 0.053125 0.05078125
0 0.9203125 0.92421875 0.053125 0.04921875
1 0.975 0.5546875 0.05 0.05
1 0.2390625 0.96796875 0.053125 0.05234375
0 0.965625 0.0875 0.05546875 0.05
1 0.5546875 0.97578125 0.053125 0.0484375
1 0.9171875 0.86875 0.05 0.05078125
0 0.91484375 0.03125 0.053125 0.0515625
0 0.9671875 0.87578125 0.053125 0.05
1 0.29375 0.97265625 0.05546875 0.04921875
1 0.86484375 0.03359375 0.0546875 0.05078125
1 0.7609375 0.025 0.0546875 0.04921875
1 0.07890625 0.03828125 0.05234375 0.05078125
0 0.3453125 0.9640625 0.05390625 0.05078125
0 0.03125 0.91484375 0.0515625 0.0484375
0 0.44375 0.971875 0.05390625 0.0484375
0 0.75859375 0.96484375 0.0546875 0.04921875
0 0.7078125 0.96796875 0.05390625 0.04765625
0 0.18828125 0.96796875 0.05234375 0.04921875
0 0.81171875 0.9671875 0.053125 0.04921875
0 0.97421875 0.928125 0.0515625 0.0484375
0 0.8625 0.971875 0.0546875 0.04765625
0 0.1375 0.965625 0.053125 0.05
1 0.60546875 0.97578125 0.0546875 0.0484375
0 0.0875 0.97265625 0.053125 0.04765625
1 0.34296875 0.3515625 0.05078125 0.05078125
1 0.28984375 0.6640625 0.05 0.04765625
1 0.34140625 0.7109375 0.04921875 0.04609375
1 0.49296875 0.709375 0.05 0.04921875
1 0.49375 0.7578125 0.04765625 0.04765625
1 0.5484375 0.71484375 0.0515625 0.046875
1 0.54296875 0.76015625 0.04921875 0.046875
1 0.54453125 0.80859375 0.05078125 0.0484375
0 0.28671875 0.865625 0.05078125 0.04921875
0 0.13515625 0.86328125 0.0484375 0.04765625
0 0.08125 0.70234375 0.0515625 0.0484375
0 0.13359375 0.7078125 0.0515625 0.0453125
0 0.13125 0.66015625 0.0515625 0.04609375
0 0.134375 0.60546875 0.05 0.05
0 0.18515625 0.5984375 0.0515625 0.04921875
0 0.18515625 0.55 0.04921875 0.04765625
0 0.23515625 0.54765625 0.05078125 0.04765625
0 0.2859375 0.5546875 0.05 0.0484375
0 0.3390625 0.61015625 0.05 0.04921875
0 0.38984375 0.6109375 0.04921875 0.05
0 0.3875 0.65859375 0.05 0.0484375
0 0.43984375 0.65625 0.05 0.04765625
0 0.49140625 0.65625 0.05 0.0453125
0 0.49453125 0.60390625 0.05078125 0.04921875
0 0.54609375 0.6109375 0.05 0.0484375
0 0.4921875 0.55234375 0.05078125 0.05
0 0.64609375 0.60546875 0.04921875 0.0484375
0 0.64921875 0.6625 0.0515625 0.0484375
0 0.603125 0.71015625 0.05 0.0484375
0 0.59375 0.7578125 0.05078125 0.04765625
0 0.65546875 0.71171875 0.0515625 0.05
0 0.76171875 0.81875 0.0515625 0.04921875
0 0.65859375 0.86171875 0.053125 0.0484375
0 0.71171875 0.86484375 0.053125 0.04765625
0 0.76484375 0.865625 0.05078125 0.04765625
1 0.59921875 0.65703125 0.0484375 0.04609375
0 0.28984375 0.7125 0.05234375 0.04921875
0 0.39609375 0.75703125 0.04921875 0.04765625
0 0.39375 0.809375 0.05078125 0.05078125
0 0.44375 0.81484375 0.0484375 0.04921875
0 0.49375 0.81484375 0.05234375 0.05078125
1 0.9734375 0.65390625 0.053125 0.0515625
0 0.8078125 0.7109375 0.0515625 0.04921875