1 0.45625 0.634375 0.053125 0.05234375
0 0.08359375 0.7 0.053125 0.04921875
1 0.1390625 0.4375 0.053125 0.04921875
1 0.1875 0.37578125 0.053125 0.0484375
1 0.0796875 0.5390625 0.05390625 0.04921875
1 0.246875 0.44140625 0.053125 0.0484375
0 0.0953125 0.64296875 0.053125 0.0484375
0 0.1359375 0.70234375 0.053125 0.0484375
0 0.25625 0.6546875 0.05234375 0.04765625
1 0.29375 0.375 0.05234375 0.0484375
0 0.2046875 0.64765625 0.0515625 0.0484375
1 0.19140625 0.54296875 0.05390625 0.05
1 0.50859375 0.7484375 0.05625 0.05390625
1 0.409375 0.7453125 0.05546875 0.05234375
1 0.246875 0.33359375 0.0515625 0.04765625
1 0.1921875 0.484375 0.05390625 0.05
1 0.303125 0.546875 0.053125 0.0484375
1 0.81171875 0.29140625 0.05234375 0.04765625
1 0.1328125 0.49140625 0.053125 0.0484375
1 0.66875 0.75078125 0.05625 0.0515625
1 0.075 0.5953125 0.053125 0.05
1 0.71015625 0.33046875 0.05234375 0.0484375
1 0.1296875 0.58984375 0.05390625 0.0515625
0 0.1921875 0.803125 0.05234375 0.04921875
1 0.60234375 0.2328125 0.0515625 0.04765625
1 0.646875 0.19140625 0.0515625 0.046875
0 0.3515625 0.746875 0.05234375 0.04921875
1 0.75625 0.18125 0.05234375 0.04921875
0 0.29375 0.60234375 0.0515625 0.04765625
1 0.2453125 0.49375 0.053125 0.04765625
1 0.80546875 0.18671875 0.0515625 0.0484375
1 0.60078125 0.15 0.05234375 0.04921875
1 0.815625 0.440625 0.053125 0.0484375
1 0.71015625 0.2484375 0.0515625 0.0484375
1 0.65625 0.334375 0.0515625 0.0484375
1 0.8609375 0.2359375 0.05234375 0.04921875
0 0.3578125 0.584375 0.05234375 0.04765625
1 0.18671875 0.5984375 0.053125 0.05
1 0.92265625 0.234375 0.05234375 0.04921875
1 0.24296875 0.596875 0.053125 0.04921875
0 0.9703125 0.4921875 0.053125 0.05
1 0.83203125 0.78671875 0.0578125 0.053125
1 0.60703125 0.28359375 0.0515625 0.0484375
0 0.87578125 0.47890625 0.0515625 0.04765625
0 0.390625 0.44609375 0.05078125 0.04765625
1 0.70859375 0.38828125 0.0515625 0.0484375
1 0.7140625 0.13203125 0.05234375 0.0484375
1 0.76328125 0.23984375 0.05078125 0.04765625
0 0.915625 0.4390625 0.05234375 0.04765625
0 0.34296875 0.4984375 0.0515625 0.046875
0 0.5484375 0.43203125 0.0515625 0.04765625
0 0.85859375 0.39140625 0.053125 0.0484375
1 0.60390625 0.48984375 0.0515625 0.04765625
0 0.446875 0.4453125 0.05078125 0.046875
1 0.97265625 0.54296875 0.0546875 0.05234375
0 0.29765625 0.4421875 0.0515625 0.04765625
1 0.809375 0.346875 0.053125 0.0484375
0 0.50703125 0.490625 0.0515625 0.04609375
1 0.66484375 0.4359375 0.0515625 0.04921875
0 0.60546875 0.43359375 0.05078125 0.04765625
1 0.15234375 0.63984375 0.05390625 0.05
0 0.9640625 0.39296875 0.053125 0.04921875
0 0.9234375 0.3375 0.053125 0.0484375
0 0.34296875 0.38828125 0.0515625 0.0484375
0 0.65625 0.38828125 0.0515625 0.046875
0 0.3546875 0.89140625 0.05234375 0.04921875
1 0.50703125 0.53828125 0.05234375 0.04765625
0 0.38671875 0.33046875 0.05 0.046875
0 0.86328125 0.34453125 0.05234375 0.046875
0 0.44609375 0.3890625 0.05078125 0.04765625
0 0.49375 0.284375 0.05078125 0.04609375
1 0.8796875 0.52578125 0.0546875 0.05
1 0.815625 0.490625 0.05390625 0.0484375
1 0.659375 0.5390625 0.05234375 0.04765625
0 0.49765625 0.140625 0.05 0.04921875
0 0.9265625 0.28984375 0.053125 0.046875
0 0.43671875 0.33828125 0.05234375 0.046875
0 0.190625 0.184375 0.0515625 0.04765625
0 0.8640625 0.1875 0.05234375 0.046875
0 0.5515625 0.32578125 0.05 0.046875
0 0.80390625 0.1296875 0.05 0.04765625
0 0.92109375 0.18671875 0.05234375 0.04765625
0 0.55 0.146875 0.05078125 0.04765625
1 0.45859375 0.89140625 0.05703125 0.0546875
0 0.60546875 0.38515625 0.05078125 0.04765625
0 0.353125 0.146875 0.05078125 0.04765625
0 0.60078125 0.33828125 0.05 0.046875
0 0.553125 0.27890625 0.05 0.046875
0 0.7140625 0.07890625 0.05078125 0.046875
0 0.6140625 0.0859375 0.05 0.04765625