1 0.48515625 0.8140625 0.06640625 0.06796875
0 0.0765625 0.534375 0.06484375 0.06796875
1 0.6234375 0.87890625 0.06640625 0.06796875
1 0.34296875 0.73515625 0.065625 0.06875
0 0.14140625 0.534375 0.0671875 0.06875
1 0.2765625 0.74375 0.0640625 0.06796875
1 0.61953125 0.73984375 0.06640625 0.06875
1 0.7546875 0.88203125 0.06484375 0.06640625
0 0.2078125 0.5328125 0.0671875 0.06796875
1 0.4859375 0.6671875 0.06640625 0.0671875
0 0.2015625 0.2484375 0.06484375 0.0671875
0 0.88515625 0.52265625 0.06640625 0.06875
1 0.690625 0.73828125 0.06484375 0.06875
0 0.2734375 0.31171875 0.06640625 0.06796875
1 0.76328125 0.80625 0.0671875 0.06796875
1 0.19921875 0.6703125 0.06484375 0.0671875
1 0.4078125 0.6671875 0.06484375 0.0671875
1 0.1328125 0.67265625 0.06484375 0.0671875
0 0.20703125 0.17578125 0.06484375 0.06640625
0 0.27578125 0.384375 0.065625 0.06953125
0 0.203125 0.10625 0.0625 0.06484375
0 0.8203125 0.45234375 0.065625 0.06796875
0 0.21015625 0.60078125 0.06640625 0.0671875
1 0.88671875 0.8796875 0.0671875 0.06875
1 0.8203125 0.87578125 0.06484375 0.0671875
0 0.27421875 0.66640625 0.065625 0.06640625
0 0.8953125 0.80390625 0.0640625 0.06796875
0 0.76875 0.67109375 0.06640625 0.0671875
1 0.62265625 0.6609375 0.065625 0.06640625
0 0.409375 0.384375 0.0640625 0.065625
0 0.83359375 0.7375 0.06484375 0.06796875
0 0.81953125 0.51953125 0.06796875 0.0671875
1 0.06328125 0.60078125 0.065625 0.06796875
0 0.88515625 0.09609375 0.065625 0.0671875
0 0.48359375 0.528125 0.06484375 0.06484375
0 0.40546875 0.5953125 0.06484375 0.0640625
0 0.3421875 0.384375 0.06484375 0.0671875
1 0.1359375 0.60234375 0.06640625 0.0671875
0 0.7546875 0.23984375 0.065625 0.06796875
0 0.6203125 0.59453125 0.06484375 0.065625
0 0.696875 0.6609375 0.065625 0.065625
0 0.753125 0.45234375 0.06640625 0.06875
1 0.5515625 0.596875 0.06484375 0.06640625
0 0.47578125 0.4546875 0.06328125 0.06484375
0 0.81875 0.09296875 0.06484375 0.0671875
0 0.678125 0.30546875 0.065625 0.06640625
0 0.34296875 0.6640625 0.0640625 0.065625
0 0.54453125 0.22734375 0.06484375 0.06640625
0 0.75390625 0.1 0.06640625 0.0671875
1 0.89375 0.45546875 0.0671875 0.07109375
0 0.60546875 0.3078125 0.0640625 0.0671875
0 0.7546875 0.16875 0.06640625 0.06875
0 0.615625 0.09609375 0.06484375 0.06640625
0 0.546875 0.528125 0.0640625 0.0671875
0 0.6890625 0.1703125 0.06484375 0.065625
0 0.540625 0.45625 0.0640625 0.065625
0 0.68671875 0.4515625 0.06640625 0.06796875
1 0.484375 0.59453125 0.0640625 0.06640625
0 0.76796875 0.7390625 0.0671875 0.0671875
0 0.61796875 0.4546875 0.065625 0.06796875
0 0.83125 0.80546875 0.06640625 0.0671875
0 0.6234375 0.165625 0.06640625 0.0671875
1 0.48359375 0.38671875 0.065625 0.06796875
0 0.61796875 0.23515625 0.0640625 0.06796875
1 0.40703125 0.31328125 0.06484375 0.0671875
1 0.26796875 0.24375 0.065625 0.06796875
1 0.3421875 0.3140625 0.06328125 0.06484375
1 0.753125 0.30703125 0.06875 0.06875
1 0.40390625 0.16953125 0.065625 0.06953125
1 0.82109375 0.23515625 0.06640625 0.06875
1 0.53984375 0.3 0.06640625 0.06875
1 0.4765625 0.23203125 0.065625 0.0671875
1 0.61640625 0.384375 0.065625 0.06796875
1 0.82109375 0.38125 0.06640625 0.0703125
1 0.89375 0.30703125 0.0671875 0.06875
1 0.68671875 0.38125 0.065625 0.06796875
1 0.753125 0.38203125 0.065625 0.06796875
1 0.5515625 0.38359375 0.0640625 0.0671875
1 0.33671875 0.16640625 0.06484375 0.06875
1 0.8890625 0.378125 0.0671875 0.06953125
1 0.2734375 0.1734375 0.065625 0.06875
1 0.4703125 0.165625 0.0671875 0.06796875
1 0.26875 0.09296875 0.065625 0.06796875
1 0.88515625 0.16328125 0.06796875 0.0703125
1 0.47265625 0.0953125 0.06640625 0.0671875
1 0.55234375 0.16015625 0.06640625 0.0671875
1 0.5421875 0.09296875 0.065625 0.0640625
1 0.821875 0.16328125 0.06796875 0.06875