0 0.53046875 0.5171875 0.05390625 0.04921875
1 0.48203125 0.3609375 0.05546875 0.05234375
0 0.4796875 0.6171875 0.053125 0.046875
0 0.65234375 0.4546875 0.05390625 0.0484375
1 0.42890625 0.35 0.053125 0.05
1 0.38125 0.29921875 0.05390625 0.0515625
1 0.31953125 0.35234375 0.05390625 0.05234375
0 0.5953125 0.46328125 0.05390625 0.04921875
0 0.48046875 0.56171875 0.0546875 0.0484375
1 0.2703125 0.3546875 0.053125 0.05078125
0 0.540625 0.46328125 0.0546875 0.04921875
1 0.27734375 0.2984375 0.05390625 0.05078125
0 0.70390625 0.415625 0.0546875 0.0484375
1 0.328125 0.6109375 0.05546875 0.05234375
1 0.37890625 0.615625 0.053125 0.05
1 0.22734375 0.2984375 0.053125 0.05078125
0 0.74296875 0.365625 0.05546875 0.04921875
1 0.27890625 0.60859375 0.0546875 0.05
0 0.43515625 0.6609375 0.053125 0.046875
1 0.428125 0.615625 0.053125 0.05
1 0.6515625 0.403125 0.053125 0.05234375
0 0.31875 0.65859375 0.05234375 0.0484375
0 0.53984375 0.3015625 0.05390625 0.0484375
1 0.43125 0.14140625 0.05390625 0.05234375
1 0.8078125 0.31953125 0.053125 0.0515625
0 0.753125 0.62421875 0.05546875 0.04765625
1 0.175 0.61640625 0.053125 0.0515625
0 0.6453125 0.19296875 0.05390625 0.0484375
1 0.2734375 0.403125 0.05234375 0.05078125
0 0.221875 0.4046875 0.05390625 0.05078125
0 0.8484375 0.56796875 0.05546875 0.04765625
0 0.21875 0.45546875 0.05390625 0.04921875
1 0.38125 0.66640625 0.0515625 0.04921875
0 0.75546875 0.3078125 0.0546875 0.04921875
0 0.21875 0.35078125 0.05390625 0.05
0 0.27265625 0.25 0.05390625 0.04921875
1 0.225 0.6109375 0.05390625 0.05
0 0.8 0.475 0.05546875 0.04921875
0 0.74296875 0.5671875 0.0578125 0.0484375
1 0.17578125 0.49296875 0.0515625 0.0484375
1 0.27109375 0.45625 0.0515625 0.05
1 0.2734375 0.1984375 0.053125 0.05078125
1 0.17265625 0.396875 0.05234375 0.05
0 0.265625 0.67109375 0.05234375 0.0484375
0 0.85546875 0.62109375 0.05625 0.04765625
0 0.6375 0.76484375 0.0546875 0.046875
1 0.16796875 0.5484375 0.053125 0.0484375
0 0.74765625 0.68046875 0.05546875 0.0484375
1 0.22421875 0.503125 0.053125 0.04765625
0 0.6890625 0.71796875 0.053125 0.046875
1 0.79375 0.571875 0.053125 0.0484375
1 0.4296875 0.56640625 0.0515625 0.04765625
0 0.740625 0.46953125 0.0546875 0.04765625
0 0.584375 0.35625 0.05234375 0.04765625
1 0.91328125 0.309375 0.0546875 0.05234375
0 0.4359375 0.7125 0.053125 0.046875
0 0.16484375 0.34375 0.05390625 0.04921875
1 0.11484375 0.60546875 0.053125 0.05078125
0 0.16953125 0.446875 0.05390625 0.04921875
0 0.17265625 0.29375 0.05390625 0.05078125
0 0.69765625 0.246875 0.05390625 0.04921875
0 0.740625 0.728125 0.05625 0.046875
0 0.59296875 0.2515625 0.05546875 0.05078125
0 0.75234375 0.2484375 0.05625 0.0515625
1 0.85234375 0.51640625 0.0546875 0.0515625
0 0.63984375 0.35234375 0.053125 0.0484375
1 0.85390625 0.2546875 0.0546875 0.05390625
0 0.11875 0.44453125 0.0546875 0.05078125
1 0.11171875 0.3390625 0.05234375 0.05234375
1 0.21640625 0.6578125 0.053125 0.05078125
0 0.11484375 0.66015625 0.05390625 0.04921875
0 0.3265625 0.8609375 0.05390625 0.0484375
1 0.9015625 0.575 0.0546875 0.05078125
0 0.56640625 0.73125 0.05390625 0.04765625
1 0.9046875 0.51484375 0.053125 0.05
1 0.90625 0.4671875 0.05390625 0.05078125
1 0.22421875 0.14453125 0.05390625 0.05078125
1 0.390625 0.096875 0.05390625 0.05078125
0 0.11875 0.503125 0.053125 0.04921875
0 0.5984375 0.309375 0.053125 0.0484375
1 0.1765625 0.75703125 0.053125 0.05
0 0.1671875 0.6625 0.05390625 0.05
0 0.63359375 0.8734375 0.0546875 0.0484375
0 0.2203125 0.20234375 0.053125 0.04921875
0 0.65 0.30234375 0.05390625 0.05
1 0.46796875 0.8140625 0.0515625 0.046875
0 0.23125 0.80625 0.053125 0.04765625
1 0.06875 0.40390625 0.053125 0.0515625
1 0.52265625 0.81328125 0.05078125 0.04609375
1 0.90859375 0.2546875 0.053125 0.05234375
1 0.125 0.7078125 0.05234375 0.05078125
1 0.325 0.1484375 0.05234375 0.04921875
1 0.0703125 0.4578125 0.0515625 0.0484375
0 0.8125 0.20703125 0.05546875 0.05
0 0.2296875 0.759375 0.05390625 0.04765625
1 0.128125 0.7546875 0.0515625 0.0484375
0 0.38515625 0.715625 0.053125 0.046875
1 0.58046875 0.778125 0.0515625 0.0484375
0 0.334375 0.715625 0.05234375 0.046875
1 0.85390625 0.7328125 0.05234375 0.0484375
0 0.22578125 0.7125 0.05390625 0.04921875
0 0.59609375 0.13828125 0.05390625 0.05078125
1 0.9078125 0.6265625 0.05234375 0.05
1 0.32734375 0.5625 0.05234375 0.0484375
0 0.1703125 0.1921875 0.05390625 0.05
1 0.596875 0.0890625 0.05390625 0.05
0 0.80703125 0.36875 0.05546875 0.04921875
0 0.7484375 0.51796875 0.05703125 0.04921875
0 0.78984375 0.7796875 0.0546875 0.04921875
0 0.8640625 0.41484375 0.05625 0.05
1 0.915625 0.2046875 0.05390625 0.0515625
1 0.65234375 0.09296875 0.05390625 0.05078125
1 0.078125 0.75703125 0.05078125 0.04921875
0 0.4296875 0.8640625 0.053125 0.046875
1 0.4421875 0.0953125 0.05390625 0.0515625
0 0.334375 0.1 0.05234375 0.04921875
1 0.84296875 0.7828125 0.053125 0.05
0 0.11328125 0.19140625 0.0546875 0.05
0 0.96015625 0.5125 0.05625 0.04921875
0 0.06640625 0.5046875 0.0546875 0.05078125
1 0.06328125 0.6578125 0.0515625 0.05078125
1 0.58203125 0.82421875 0.04921875 0.04765625
0 0.16171875 0.240625 0.0546875 0.0515625
0 0.91640625 0.41875 0.0546875 0.04921875
1 0.37578125 0.81171875 0.0515625 0.04765625
0 0.175 0.85703125 0.05234375 0.04765625
1 0.53828125 0.09453125 0.053125 0.05
1 0.06328125 0.60703125 0.05078125 0.0484375
0 0.6484375 0.14140625 0.0546875 0.0515625
1 0.06953125 0.140625 0.0515625 0.0515625
0 0.53046875 0.875 0.05390625 0.0484375
1 0.18203125 0.80625 0.05234375 0.04921875
1 0.853125 0.090625 0.053125 0.05234375
0 0.8078125 0.15625 0.0546875 0.0515625
1 0.06171875 0.18984375 0.05078125 0.05
0 0.69375 0.83828125 0.05390625 0.0484375
1 0.90859375 0.72890625 0.0546875 0.0515625
0 0.86015625 0.31328125 0.05546875 0.05
0 0.13125 0.80234375 0.05234375 0.04765625
0 0.80390625 0.884375 0.05625 0.0484375
0 0.0234375 0.4515625 0.04609375 0.05
1 0.37890625 0.8609375 0.05234375 0.04765625
1 0.903125 0.82734375 0.053125 0.05078125
1 0.953125 0.56328125 0.05390625 0.05
0 0.6921875 0.884375 0.05546875 0.04765625
0 0.9640625 0.4625 0.05703125 0.05078125
0 0.7984375 0.8265625 0.05703125 0.04921875
0 0.9140625 0.36171875 0.0546875 0.05
0 0.28203125 0.103125 0.0546875 0.05
0 0.08046875 0.8078125 0.0546875 0.04921875
0 0.75625 0.14609375 0.05625 0.05
0 0.85 0.82734375 0.05546875 0.04921875
0 0.47890625 0.87421875 0.0546875 0.04921875
0 0.7421875 0.92734375 0.05625 0.04765625
0 0.80234375 0.0984375 0.05625 0.05234375
0 0.23046875 0.09609375 0.05390625 0.05
0 0.70703125 0.09921875 0.0546875 0.04921875
0 0.38203125 0.9125 0.05390625 0.04765625
1 0.06171875 0.09296875 0.05078125 0.05
0 0.86015625 0.3671875 0.05625 0.0515625
0 0.6390625 0.928125 0.05546875 0.04765625
1 0.91875 0.08984375 0.0546875 0.05234375
0 0.27109375 0.91328125 0.053125 0.046875
0 0.48671875 0.925 0.0546875 0.04765625
1 0.97578125 0.3140625 0.0484375 0.04765625
0 0.12109375 0.14296875 0.0546875 0.0515625
0 0.97421875 0.41328125 0.0515625 0.0515625
0 0.96953125 0.365625 0.05546875 0.053125
0 0.84921875 0.925 0.05546875 0.04765625
0 0.0265625 0.8515625 0.05234375 0.0484375
0 0.1265625 0.09453125 0.05234375 0.05
1 0.85703125 0.87890625 0.053125 0.05078125
1 0.90859375 0.87890625 0.05390625 0.046875
1 0.021875 0.75703125 0.04375 0.0484375
0 0.17890625 0.08984375 0.0546875 0.05078125
1 0.03046875 0.80546875 0.0515625 0.04921875
1 0.0203125 0.40234375 0.03984375 0.046875
1 0.5875 0.9234375 0.05234375 0.046875
0 0.3875 0.04609375 0.053125 0.0484375
1 0.5375 0.92265625 0.05078125 0.046875
0 0.803125 0.040625 0.05625 0.0515625
0 0.64765625 0.04296875 0.05390625 0.05
0 0.128125 0.91328125 0.053125 0.04765625
1 0.32109375 0.91875 0.05 0.04765625
1 0.43828125 0.0453125 0.0515625 0.046875
1 0.1078125 0.04296875 0.05234375 0.05
1 0.6890625 0.93515625 0.05078125 0.04765625
0 0.275 0.05 0.05390625 0.04921875
1 0.8640625 0.034375 0.05390625 0.04921875
1 0.05625 0.03984375 0.0515625 0.046875
0 0.7015625 0.03359375 0.05546875 0.05078125
0 0.0671875 0.91015625 0.053125 0.04765625
1 0.9625 0.77734375 0.0546875 0.0484375
1 0.9703125 0.19765625 0.0546875 0.05078125
0 0.159375 0.04453125 0.05234375 0.0484375
1 0.91640625 0.0359375 0.053125 0.05
1 0.90078125 0.9328125 0.0515625 0.0484375
0 0.7890625 0.97578125 0.05390625 0.04609375
1 0.4796875 0.5140625 0.05 0.04609375
1 0.48984375 0.46484375 0.04921875 0.0484375
1 0.49140625 0.41640625 0.04765625 0.0453125
1 0.53359375 0.35625 0.046875 0.046875
1 0.5421875 0.415625 0.05234375 0.046875
1 0.6 0.41484375 0.0484375 0.046875
1 0.328125 0.303125 0.05078125 0.04765625
1 0.3234375 0.25234375 0.04765625 0.046875
1 0.3734375 0.203125 0.05078125 0.04921875
1 0.37890625 0.25078125 0.04921875 0.0453125
1 0.42578125 0.2046875 0.04921875 0.0484375
1 0.43046875 0.2515625 0.05078125 0.046875
1 0.43203125 0.3 0.04921875 0.0515625
1 0.47734375 0.2 0.0515625 0.05
1 0.48125 0.24921875 0.0515625 0.046875
1 0.4875 0.29765625 0.0515625 0.046875
1 0.54140625 0.24609375 0.04921875 0.0453125
1 0.53984375 0.196875 0.0515625 0.0484375
1 0.5921875 0.19375 0.05234375 0.046875
1 0.48671875 0.1421875 0.053125 0.04765625
1 0.54375 0.14765625 0.04921875 0.0484375
1 0.59609375 0.04140625 0.05234375 0.046875
1 0.86171875 0.1453125 0.05 0.04921875
1 0.86328125 0.20234375 0.0515625 0.04921875
1 0.85390625 0.46484375 0.05 0.046875
1 0.80625 0.63515625 0.05 0.04375
1 0.81484375 0.6796875 0.05234375 0.0484375
1 0.8015625 0.725 0.05234375 0.0453125
1 0.1734375 0.13984375 0.046875 0.046875
1 0.2734375 0.15078125 0.0515625 0.04765625
1 0.1109375 0.24140625 0.04921875 0.05078125
1 0.11328125 0.290625 0.04921875 0.046875
1 0.11953125 0.396875 0.05078125 0.046875
1 0.80078125 0.5234375 0.05 0.04765625
1 0.8046875 0.25546875 0.05 0.05
0 0.7015625 0.1484375 0.053125 0.05078125
0 0.17578125 0.7078125 0.05078125 0.04765625
0 0.284375 0.71484375 0.0515625 0.04765625