1 0.5171875 0.63515625 0.0484375 0.05390625
0 0.19140625 0.46015625 0.05234375 0.0515625
0 0.190625 0.4078125 0.05234375 0.05078125
1 0.6765625 0.54375 0.053125 0.0546875
1 0.7203125 0.71640625 0.053125 0.05546875
0 0.25 0.45078125 0.05234375 0.05078125
1 0.3546875 0.71328125 0.05234375 0.05546875
0 0.29921875 0.45625 0.0515625 0.0515625
0 0.40234375 0.45 0.0515625 0.0484375
1 0.14296875 0.70703125 0.0515625 0.0546875
0 0.35 0.45078125 0.05234375 0.05
1 0.87421875 0.59296875 0.05234375 0.05625
0 0.30234375 0.50625 0.05078125 0.05
0 0.140625 0.4046875 0.05234375 0.05078125
1 0.50078125 0.80625 0.0515625 0.05546875
0 0.45703125 0.45234375 0.0515625 0.0484375
0 0.2421875 0.39921875 0.053125 0.05
1 0.821875 0.4921875 0.0515625 0.05390625
1 0.81875 0.796875 0.053125 0.05625
0 0.50703125 0.4484375 0.05 0.0484375
0 0.35546875 0.39375 0.05078125 0.05078125
0 0.29375 0.4015625 0.0515625 0.05
0 0.14609375 0.353125 0.05390625 0.053125
1 0.1953125 0.8109375 0.053125 0.05625
0 0.559375 0.3875 0.05234375 0.05078125
0 0.2453125 0.2796875 0.0515625 0.0515625
0 0.19921875 0.35625 0.05234375 0.0515625
0 0.50625 0.3953125 0.0515625 0.05
0 0.6109375 0.40078125 0.0515625 0.04921875
0 0.45390625 0.4 0.05234375 0.05
0 0.246875 0.3421875 0.0515625 0.0515625
1 0.50390625 0.50078125 0.053125 0.053125
0 0.4046875 0.3984375 0.0515625 0.04921875
0 0.30078125 0.2875 0.05 0.04921875
0 0.66953125 0.39140625 0.05 0.0484375
0 0.825 0.3484375 0.0515625 0.05078125
0 0.1375 0.25078125 0.05390625 0.0515625
0 0.2953125 0.35 0.0515625 0.04921875
1 0.296875 0.61484375 0.053125 0.0546875
0 0.67734375 0.3390625 0.05078125 0.05
0 0.728125 0.34375 0.04921875 0.04921875
0 0.81484375 0.29609375 0.053125 0.05390625
0 0.61171875 0.28359375 0.05078125 0.05078125
1 0.41796875 0.509375 0.05234375 0.05390625
0 0.39453125 0.34609375 0.05234375 0.0484375
0 0.50625 0.34453125 0.05 0.0484375
0 0.3453125 0.34296875 0.05 0.04921875
1 0.3046875 0.85234375 0.0515625 0.0546875
1 0.66328125 0.86015625 0.0515625 0.05546875
0 0.659375 0.2890625 0.0484375 0.04921875
0 0.44921875 0.34375 0.05234375 0.0484375
0 0.559375 0.334375 0.05078125 0.046875
0 0.73515625 0.19453125 0.053125 0.0515625
0 0.2921875 0.1875 0.05390625 0.05
0 0.81640625 0.23984375 0.05234375 0.05
0 0.50234375 0.28984375 0.0515625 0.046875
0 0.61875 0.2328125 0.0515625 0.0484375
1 0.928125 0.84921875 0.05390625 0.0546875
0 0.68046875 0.1875 0.0515625 0.0515625
0 0.87578125 0.34375 0.05234375 0.05234375
0 0.50703125 0.240625 0.05078125 0.0484375
0 0.24609375 0.16640625 0.05234375 0.0515625
0 0.51015625 0.125 0.05234375 0.05234375
1 0.24609375 0.56484375 0.05078125 0.053125
0 0.61796875 0.13046875 0.05078125 0.04921875
0 0.1375 0.1984375 0.053125 0.05390625
0 0.66484375 0.1296875 0.05078125 0.0484375
1 0.02734375 0.5078125 0.05234375 0.05546875
1 0.55625 0.4453125 0.05234375 0.05546875
1 0.08203125 0.50625 0.05234375 0.05546875
1 0.30234375 0.5609375 0.05234375 0.0546875
1 0.6703125 0.44453125 0.0515625 0.05390625
1 0.3515625 0.50546875 0.0515625 0.05546875
0 0.7171875 0.13203125 0.05 0.0484375
1 0.7296875 0.39609375 0.053125 0.0546875
1 0.8828125 0.40703125 0.0515625 0.05625
1 0.62109375 0.33515625 0.0515625 0.053125
0 0.77578125 0.13125 0.053125 0.0515625
0 0.934375 0.3578125 0.053125 0.05390625
0 0.8171875 0.1796875 0.05390625 0.05234375
0 0.9359375 0.24609375 0.0546875 0.0546875
1 0.83359375 0.40390625 0.0515625 0.05625
0 0.15078125 0.140625 0.0515625 0.053125
1 0.62109375 0.4484375 0.05 0.05234375
1 0.14140625 0.51015625 0.053125 0.05390625
1 0.2046875 0.5109375 0.05234375 0.053125
1 0.08828125 0.40625 0.0546875 0.0546875
0 0.4515625 0.128125 0.05390625 0.0515625
1 0.3 0.1328125 0.05234375 0.053125
1 0.2515625 0.50546875 0.0515625 0.0546875
1 0.78203125 0.396875 0.0515625 0.0546875
1 0.140625 0.45625 0.05234375 0.0515625
0 0.15078125 0.56796875 0.05390625 0.05546875
0 0.034375 0.22890625 0.05390625 0.05390625
0 0.559375 0.071875 0.05234375 0.05078125
0 0.20234375 0.11796875 0.05234375 0.053125
0 0.50859375 0.0703125 0.0515625 0.0515625
1 0.7625 0.28671875 0.0515625 0.05546875
1 0.7734375 0.34375 0.05078125 0.05234375
1 0.3984375 0.18046875 0.05078125 0.0546875
0 0.92890625 0.17734375 0.05390625 0.05234375
1 0.0828125 0.296875 0.05234375 0.0546875
1 0.0328125 0.2828125 0.053125 0.05625
1 0.34921875 0.178125 0.0515625 0.05390625
1 0.5671875 0.1234375 0.0515625 0.053125
1 0.45 0.1828125 0.05234375 0.0546875
1 0.3984375 0.29609375 0.05078125 0.053125
1 0.190625 0.18828125 0.0515625 0.0546875
1 0.13515625 0.303125 0.05234375 0.0546875
1 0.18515625 0.29921875 0.05234375 0.053125
1 0.45625 0.24140625 0.05 0.05078125
1 0.5609375 0.284375 0.05078125 0.05234375
0 0.978125 0.271875 0.04296875 0.053125
1 0.50703125 0.184375 0.05234375 0.05234375
1 0.446875 0.29296875 0.05 0.0515625
1 0.30859375 0.23671875 0.05390625 0.05390625
0 0.7203125 0.07578125 0.0546875 0.05390625
1 0.24140625 0.22734375 0.053125 0.05390625
0 0.871875 0.12734375 0.05390625 0.053125
1 0.0921875 0.35234375 0.05234375 0.05390625
1 0.61875 0.18125 0.05078125 0.05234375
1 0.190625 0.24765625 0.0515625 0.0515625
1 0.71171875 0.2953125 0.053125 0.0546875
1 0.565625 0.17890625 0.0515625 0.0515625
1 0.56328125 0.23125 0.05078125 0.0515625
1 0.71953125 0.2453125 0.0515625 0.0515625
1 0.35546875 0.2390625 0.05078125 0.053125
0 0.98515625 0.35 0.0296875 0.05
1 0.35078125 0.29140625 0.05078125 0.053125
1 0.6703125 0.23828125 0.05078125 0.05078125