1 0.49765625 0.61640625 0.04765625 0.0484375
0 0.2921875 0.70703125 0.04765625 0.0484375
1 0.44609375 0.6453125 0.04765625 0.046875
1 0.446875 0.59609375 0.0484375 0.04609375
1 0.34609375 0.61015625 0.0484375 0.04765625
0 0.28671875 0.76015625 0.04921875 0.046875
1 0.4390625 0.5484375 0.046875 0.0453125
1 0.290625 0.60390625 0.04765625 0.04765625
1 0.3421875 0.55078125 0.04765625 0.046875
0 0.29765625 0.815625 0.04921875 0.0484375
0 0.353125 0.65625 0.04609375 0.0484375
1 0.440625 0.69609375 0.046875 0.04609375
1 0.6625 0.6546875 0.046875 0.04609375
0 0.2921875 0.5484375 0.0484375 0.0484375
0 0.39921875 0.7546875 0.04765625 0.046875
1 0.3421875 0.70234375 0.04765625 0.046875
1 0.4484375 0.75078125 0.0484375 0.046875
0 0.2328125 0.56015625 0.046875 0.04765625
0 0.3921875 0.59453125 0.0484375 0.0484375
0 0.39921875 0.65703125 0.04765625 0.04921875
1 0.7078125 0.66328125 0.046875 0.046875
0 0.39453125 0.70234375 0.0484375 0.04765625
1 0.70625 0.709375 0.046875 0.046875
0 0.49296875 0.66328125 0.046875 0.04765625
0 0.659375 0.709375 0.046875 0.04765625
1 0.29296875 0.6546875 0.0484375 0.04765625
0 0.39140625 0.54765625 0.0484375 0.0484375
0 0.55546875 0.65703125 0.04609375 0.046875
1 0.49921875 0.759375 0.04765625 0.046875
1 0.65 0.76015625 0.046875 0.046875
1 0.34453125 0.753125 0.04921875 0.0484375
1 0.709375 0.75703125 0.046875 0.04765625
0 0.55546875 0.6 0.04609375 0.04609375
1 0.55390625 0.76640625 0.04765625 0.046875
1 0.23359375 0.50859375 0.0484375 0.0484375
0 0.50078125 0.71171875 0.04765625 0.046875
0 0.29375 0.86484375 0.0484375 0.0484375
0 0.5984375 0.7109375 0.04609375 0.04609375
0 0.5546875 0.54921875 0.04609375 0.04765625
1 0.4984375 0.284375 0.046875 0.04765625
0 0.40546875 0.81171875 0.04765625 0.04765625
0 0.43671875 0.5015625 0.046875 0.04765625
0 0.28203125 0.50234375 0.04921875 0.04921875
1 0.6 0.7609375 0.046875 0.046875
0 0.5046875 0.55625 0.04765625 0.04765625
0 0.5515625 0.71015625 0.046875 0.046875
1 0.46328125 0.7953125 0.04765625 0.046875
1 0.3453125 0.81171875 0.0484375 0.0484375
0 0.7703125 0.63984375 0.04765625 0.0484375
0 0.328125 0.50625 0.04609375 0.0484375
0 0.50234375 0.81875 0.04765625 0.04765625
0 0.6640625 0.596875 0.046875 0.046875
1 0.24140625 0.60859375 0.04765625 0.046875
0 0.2875 0.45 0.0484375 0.04921875
0 0.609375 0.59453125 0.046875 0.04609375
1 0.503125 0.2375 0.046875 0.046875
0 0.771875 0.69921875 0.04765625 0.04609375
0 0.7171875 0.60390625 0.04765625 0.046875
1 0.76875 0.76015625 0.04921875 0.04765625
0 0.39765625 0.871875 0.0484375 0.046875
0 0.50234375 0.49453125 0.04765625 0.046875
0 0.39140625 0.490625 0.0484375 0.04921875
0 0.50703125 0.8734375 0.0484375 0.0484375
1 0.65625 0.80625 0.0484375 0.04765625
1 0.54921875 0.8140625 0.046875 0.04765625
0 0.8203125 0.7515625 0.046875 0.04609375
0 0.815625 0.8171875 0.04765625 0.046875
0 0.3859375 0.44375 0.04765625 0.046875
1 0.7703125 0.8109375 0.04921875 0.04921875
1 0.70703125 0.2453125 0.04765625 0.04765625
1 0.5515625 0.190625 0.046875 0.04921875
1 0.7578125 0.24296875 0.04765625 0.04765625
1 0.55546875 0.28828125 0.046875 0.0484375
1 0.8171875 0.2453125 0.04765625 0.04765625
1 0.6125 0.2875 0.04609375 0.04921875
1 0.5015625 0.14140625 0.046875 0.04921875
1 0.453125 0.86875 0.0484375 0.04765625
1 0.1859375 0.56171875 0.04765625 0.046875
1 0.6578125 0.29140625 0.04609375 0.0484375
1 0.7171875 0.86796875 0.04765625 0.04921875
1 0.6109375 0.8640625 0.046875 0.046875
1 0.346875 0.865625 0.0484375 0.0484375
0 0.5015625 0.4453125 0.04765625 0.046875
1 0.553125 0.8609375 0.04765625 0.046875
0 0.2359375 0.38828125 0.046875 0.0484375
1 0.3515625 0.2953125 0.046875 0.04765625
0 0.43984375 0.40234375 0.04765625 0.046875
1 0.8640625 0.24765625 0.046875 0.04921875
1 0.18671875 0.503125 0.046875 0.0484375
0 0.3984375 0.29453125 0.046875 0.046875
0 0.45703125 0.9203125 0.0484375 0.046875
0 0.8078125 0.29140625 0.04765625 0.04921875
0 0.453125 0.29609375 0.04765625 0.04765625
0 0.7578125 0.290625 0.0484375 0.04921875
0 0.8578125 0.8609375 0.0484375 0.04765625
0 0.5015625 0.18828125 0.04921875 0.0484375
1 0.54921875 0.13203125 0.046875 0.0484375
0 0.28515625 0.32578125 0.04765625 0.0484375
0 0.7046875 0.29375 0.04765625 0.04765625
0 0.45625 0.2359375 0.04921875 0.04921875
0 0.45234375 0.1875 0.0484375 0.046875
1 0.221875 0.43515625 0.04765625 0.046875
0 0.50703125 0.33984375 0.04765625 0.046875
1 0.5 0.08203125 0.04765625 0.05078125
0 0.50703125 0.92109375 0.0484375 0.0484375
0 0.559375 0.40234375 0.046875 0.046875
1 0.86328125 0.196875 0.04765625 0.04921875
1 0.56015625 0.92109375 0.04765625 0.04765625
0 0.29453125 0.91484375 0.0484375 0.046875
0 0.35546875 0.35 0.046875 0.046875
0 0.39921875 0.92109375 0.04921875 0.046875
0 0.85859375 0.2953125 0.04765625 0.0484375
0 0.45546875 0.13203125 0.04921875 0.05
1 0.59453125 0.12421875 0.0453125 0.04765625
1 0.81328125 0.865625 0.0484375 0.04609375
1 0.65078125 0.9078125 0.04765625 0.046875
1 0.703125 0.075 0.04609375 0.04921875
1 0.7046875 0.91796875 0.046875 0.046875
1 0.65625 0.08203125 0.046875 0.05
1 0.853125 0.09609375 0.04765625 0.0515625
0 0.44375 0.08203125 0.04921875 0.05078125
1 0.34140625 0.9125 0.04765625 0.046875
1 0.809375 0.078125 0.046875 0.04921875
0 0.915625 0.86796875 0.0484375 0.04765625
1 0.865625 0.9078125 0.05 0.04765625
1 0.49921875 0.03046875 0.04921875 0.05078125
1 0.84453125 0.0453125 0.0484375 0.05
1 0.603125 0.028125 0.04765625 0.04921875
1 0.765625 0.92421875 0.04765625 0.0484375
1 0.18359375 0.81328125 0.04765625 0.0484375
0 0.9640625 0.8625 0.04765625 0.04765625
1 0.715625 0.02578125 0.046875 0.04765625
1 0.909375 0.13203125 0.04765625 0.0515625
0 0.50859375 0.9671875 0.0484375 0.04765625
0 0.81484375 0.48828125 0.04765625 0.046875
1 0.921875 0.91796875 0.05078125 0.04765625
0 0.4484375 0.02421875 0.04765625 0.0453125
1 0.55625 0.9671875 0.046875 0.046875
1 0.9703125 0.9125 0.04765625 0.046875
1 0.29609375 0.128125 0.04765625 0.04921875
1 0.18203125 0.1859375 0.0484375 0.04921875