1 0.5015625 0.6515625 0.0453125 0.05390625
0 0.0328125 0.8578125 0.05078125 0.05703125
1 0.44921875 0.653125 0.05 0.05625
1 0.40078125 0.65546875 0.05 0.05625
1 0.35 0.59765625 0.05078125 0.05703125
0 0.090625 0.85859375 0.05078125 0.0578125
1 0.25 0.70234375 0.05234375 0.05625
1 0.30078125 0.60078125 0.05 0.05703125
1 0.5515625 0.75390625 0.05078125 0.0546875
1 0.5046875 0.5984375 0.05 0.0546875
1 0.303125 0.48828125 0.05 0.05546875
1 0.45234375 0.5953125 0.05078125 0.0546875
1 0.25 0.64765625 0.0515625 0.0578125
1 0.8078125 0.65 0.0515625 0.05625
1 0.20078125 0.74921875 0.0515625 0.05546875
1 0.55546875 0.70234375 0.05 0.05390625
1 0.8578125 0.60703125 0.05 0.05625
1 0.196875 0.69609375 0.0515625 0.05703125
1 0.55078125 0.81171875 0.0515625 0.05546875
0 0.23984375 0.91015625 0.05 0.05703125
1 0.3984375 0.85078125 0.05078125 0.05625
1 0.353125 0.7015625 0.0484375 0.0546875
1 0.36328125 0.43515625 0.04921875 0.05546875
1 0.35 0.79765625 0.0515625 0.05625
1 0.80859375 0.509375 0.04765625 0.05546875
1 0.45390625 0.846875 0.05078125 0.05546875
1 0.76484375 0.6078125 0.05 0.05546875
1 0.246875 0.80390625 0.0515625 0.0546875
1 0.553125 0.8609375 0.05234375 0.0546875
1 0.40859375 0.44140625 0.05 0.053125
0 0.9578125 0.75859375 0.04921875 0.0578125
1 0.2984375 0.74765625 0.0515625 0.05546875
1 0.4078125 0.79921875 0.05078125 0.05546875
1 0.50859375 0.5484375 0.05 0.053125
1 0.76015625 0.55625 0.05 0.0546875
1 0.30625 0.4375 0.05078125 0.0546875
1 0.2015625 0.646875 0.05234375 0.05546875
0 0.903125 0.7671875 0.04921875 0.05546875
1 0.56328125 0.60234375 0.04921875 0.05390625
1 0.29765625 0.54765625 0.05 0.05390625
1 0.45234375 0.54609375 0.05 0.05390625
1 0.30703125 0.34375 0.04765625 0.05390625
0 0.396875 0.9625 0.0515625 0.0578125
0 0.6109375 0.91796875 0.04921875 0.05546875
1 0.809375 0.5984375 0.05 0.05546875
1 0.61015625 0.70234375 0.05078125 0.0546875
1 0.90625 0.60625 0.04921875 0.05546875
1 0.85625 0.7125 0.0484375 0.0546875
0 0.55703125 0.959375 0.05 0.0515625
1 0.14453125 0.7 0.053125 0.05546875
0 0.03671875 0.50078125 0.05078125 0.05859375
1 0.5578125 0.29375 0.0515625 0.059375
1 0.1984375 0.44140625 0.053125 0.05546875
1 0.09375 0.70390625 0.0515625 0.05625
1 0.50859375 0.50078125 0.05 0.05234375
1 0.60546875 0.86640625 0.04921875 0.053125
0 0.14453125 0.8078125 0.05234375 0.05859375
1 0.8625 0.55703125 0.05 0.05390625
1 0.0953125 0.75625 0.0515625 0.05625
1 0.85859375 0.4 0.0484375 0.05390625
1 0.35390625 0.3375 0.05 0.0546875
1 0.2515625 0.33984375 0.05234375 0.0578125
1 0.146875 0.44140625 0.053125 0.05546875
1 0.40625 0.34375 0.0515625 0.05546875
0 0.85 0.76640625 0.04921875 0.05703125
1 0.71171875 0.35 0.05234375 0.059375
1 0.4609375 0.29375 0.0515625 0.05546875
1 0.45390625 0.39453125 0.05078125 0.053125
1 0.9125 0.71015625 0.05 0.05546875
1 0.03828125 0.7453125 0.05234375 0.05703125
1 0.55703125 0.9078125 0.05078125 0.05390625
1 0.25703125 0.3921875 0.04921875 0.05
1 0.80859375 0.34453125 0.05 0.05546875
1 0.40546875 0.39296875 0.0515625 0.046875
0 0.71015625 0.86171875 0.0484375 0.05703125
0 0.30546875 0.96171875 0.0515625 0.05625
1 0.76328125 0.50625 0.04921875 0.05390625
0 0.80234375 0.80546875 0.04921875 0.05625
1 0.91171875 0.6546875 0.04921875 0.05625
1 0.04375 0.69453125 0.05234375 0.05546875
0 0.65625 0.871875 0.05 0.05625
1 0.09453125 0.43984375 0.053125 0.05703125
1 0.9578125 0.60078125 0.05 0.05546875
1 0.759375 0.34375 0.04921875 0.05625
0 0.08828125 0.80625 0.05078125 0.0546875
1 0.1453125 0.38828125 0.05234375 0.0546875
1 0.4578125 0.90859375 0.0515625 0.05546875
0 0.19609375 0.80546875 0.05078125 0.059375
1 0.203125 0.38984375 0.05234375 0.05390625
0 0.24375 0.85703125 0.05078125 0.05625
0 0.09765625 0.49921875 0.05078125 0.05859375
1 0.509375 0.23984375 0.05 0.0578125
1 0.71171875 0.29453125 0.0515625 0.05859375
1 0.30390625 0.290625 0.05078125 0.05078125
1 0.9109375 0.55 0.04921875 0.0546875
0 0.50078125 0.9515625 0.05 0.04765625
1 0.09453125 0.3875 0.05 0.0546875
1 0.04140625 0.43984375 0.0515625 0.05703125
1 0.03984375 0.8046875 0.05078125 0.053125
0 0.96015625 0.70390625 0.04921875 0.05546875
0 0.2984375 0.8546875 0.0515625 0.05859375
0 0.3453125 0.8578125 0.0515625 0.05625
1 0.5625 0.240625 0.0515625 0.05625
1 0.13828125 0.3375 0.05234375 0.05390625
1 0.465625 0.2453125 0.05078125 0.0546875
1 0.70390625 0.19296875 0.05 0.05546875
0 0.40390625 0.909375 0.0515625 0.05625
1 0.51015625 0.1859375 0.0515625 0.06015625
0 0.70625 0.7640625 0.04921875 0.05625
1 0.8125 0.29609375 0.05 0.0546875
0 0.76328125 0.7109375 0.05078125 0.05625
1 0.7609375 0.190625 0.05 0.05703125
1 0.1984375 0.2296875 0.04921875 0.05703125
1 0.85859375 0.3453125 0.0515625 0.05546875
0 0.45078125 0.9640625 0.05 0.05234375
1 0.253125 0.1765625 0.0515625 0.0578125
1 0.9625 0.5515625 0.05078125 0.05546875
0 0.8109375 0.7125 0.05 0.05703125
1 0.3015625 0.12265625 0.05234375 0.059375
0 0.509375 0.903125 0.05 0.05390625
1 0.6125 0.140625 0.0515625 0.05625
1 0.9078125 0.3453125 0.04921875 0.05625
0 0.95703125 0.65234375 0.05 0.05859375
1 0.8140625 0.2453125 0.04921875 0.0546875
1 0.09765625 0.22890625 0.05234375 0.06015625
0 0.14765625 0.4953125 0.0515625 0.059375
0 0.0390625 0.646875 0.05 0.0546875
0 0.60859375 0.8125 0.05 0.05625
1 0.5625 0.13359375 0.0484375 0.05234375
1 0.51171875 0.1296875 0.05078125 0.05546875
0 0.70625 0.60078125 0.04921875 0.05625
0 0.1453125 0.753125 0.0515625 0.05625
1 0.04296875 0.28125 0.05 0.05546875
0 0.65859375 0.709375 0.05 0.05546875
1 0.6625 0.08984375 0.04921875 0.05546875
1 0.153125 0.171875 0.053125 0.06015625
0 0.0953125 0.65234375 0.05234375 0.05703125
1 0.8125 0.13828125 0.05078125 0.059375
1 0.715625 0.08671875 0.05078125 0.05625
1 0.1015625 0.178125 0.05078125 0.05546875
0 0.6109375 0.75703125 0.05 0.05703125
1 0.6125 0.07890625 0.0515625 0.0578125
0 0.19609375 0.596875 0.05078125 0.0546875
1 0.3078125 0.07421875 0.0515625 0.05546875
1 0.20390625 0.1765625 0.0515625 0.05625
1 0.5078125 0.07890625 0.0515625 0.05625
0 0.24765625 0.59609375 0.05078125 0.05390625
0 0.14609375 0.64765625 0.0515625 0.05703125
1 0.8125 0.1890625 0.05 0.059375
1 0.25 0.125 0.04921875 0.053125
0 0.03515625 0.38828125 0.04921875 0.04921875
0 0.30234375 0.803125 0.05078125 0.05546875
0 0.9109375 0.4515625 0.0484375 0.05625
0 0.76015625 0.659375 0.05 0.0546875
0 0.60703125 0.553125 0.0484375 0.05546875
1 0.86640625 0.090625 0.05 0.0578125
1 0.96015625 0.346875 0.04921875 0.05546875
1 0.91328125 0.09140625 0.0484375 0.05859375
0 0.96328125 0.503125 0.0484375 0.0546875
0 0.40390625 0.603125 0.04921875 0.05390625
0 0.55859375 0.653125 0.04921875 0.053125
0 0.95234375 0.4 0.05 0.0609375
0 0.60546875 0.6515625 0.04921875 0.053125
1 0.04765625 0.22890625 0.04921875 0.0546875
0 0.19921875 0.49453125 0.05078125 0.05625
0 0.65546875 0.453125 0.04765625 0.0546875
0 0.403125 0.49609375 0.04921875 0.05625
0 0.1984375 0.54609375 0.05078125 0.05625
0 0.040625 0.33671875 0.05 0.05703125
1 0.515625 0.0265625 0.05078125 0.05078125
0 0.7546875 0.45390625 0.04921875 0.0546875
0 0.60546875 0.34921875 0.0484375 0.0578125
0 0.7125 0.40859375 0.04921875 0.05625
0 0.25546875 0.49765625 0.0515625 0.05546875
0 0.55390625 0.55625 0.04921875 0.05390625
0 0.85546875 0.4546875 0.05 0.05625
0 0.246875 0.546875 0.0515625 0.0546875
0 0.81015625 0.44765625 0.05 0.05859375
0 0.35234375 0.5453125 0.04921875 0.053125
1 0.721875 0.03359375 0.05078125 0.0515625
1 0.14609375 0.1140625 0.04921875 0.053125
1 0.61640625 0.0265625 0.04921875 0.05078125
0 0.4046875 0.553125 0.04921875 0.05390625
0 0.66171875 0.35390625 0.04765625 0.05625
0 0.7109375 0.55 0.04921875 0.053125
0 0.2515625 0.44375 0.05078125 0.0546875
1 0.3078125 0.02421875 0.05078125 0.046875
0 0.19609375 0.3390625 0.05078125 0.05625
0 0.90703125 0.4 0.04921875 0.05625
0 0.45625 0.49609375 0.04921875 0.053125
0 0.56328125 0.50546875 0.0484375 0.05390625
0 0.70703125 0.5015625 0.04921875 0.053125
0 0.56171875 0.446875 0.04765625 0.05546875
0 0.3578125 0.1984375 0.05 0.05546875
0 0.09765625 0.28671875 0.05078125 0.05625
0 0.5140625 0.453125 0.04921875 0.05234375
1 0.9171875 0.03984375 0.0484375 0.0515625
0 0.3046875 0.18828125 0.04921875 0.05625
0 0.15078125 0.23046875 0.0515625 0.0609375
0 0.503125 0.3453125 0.04921875 0.0546875
0 0.19765625 0.284375 0.05 0.0546875
0 0.56171875 0.3953125 0.04765625 0.05234375
0 0.5046875 0.40234375 0.04921875 0.05390625
0 0.4609375 0.44609375 0.04921875 0.05390625
0 0.35390625 0.08359375 0.05078125 0.05859375
0 0.86875 0.0375 0.05 0.05546875
0 0.46171875 0.1921875 0.04921875 0.0546875
0 0.41484375 0.24296875 0.0484375 0.05078125
0 0.3546875 0.14453125 0.0515625 0.0546875
0 0.81484375 0.08671875 0.0515625 0.05546875
0 0.8140625 0.034375 0.04921875 0.05546875
0 0.4609375 0.028125 0.05 0.053125
1 0.96796875 0.03359375 0.05078125 0.0578125
0 0.3546875 0.02734375 0.05078125 0.0546875
0 0.46015625 0.1359375 0.04921875 0.05546875
0 0.46015625 0.0828125 0.05 0.05625
0 0.76875 0.03671875 0.04921875 0.05546875
0 0.76015625 0.090625 0.04765625 0.05625
0 0.08828125 0.33984375 0.0453125 0.0484375
0 0.24765625 0.2359375 0.04609375 0.0546875
0 0.246875 0.2875 0.04609375 0.04921875
0 0.2953125 0.2421875 0.04765625 0.05078125
0 0.359375 0.284375 0.04609375 0.05234375
0 0.40859375 0.29375 0.04765625 0.05078125
0 0.453125 0.34375 0.0453125 0.05078125
0 0.55703125 0.1890625 0.04375 0.053125
0 0.60390625 0.19453125 0.04921875 0.05234375
0 0.60859375 0.24609375 0.04609375 0.05078125
0 0.60546875 0.296875 0.04765625 0.0484375
0 0.6625 0.1421875 0.04609375 0.05390625
0 0.71015625 0.1421875 0.04765625 0.05390625
0 0.759375 0.14140625 0.04609375 0.04765625
0 0.65546875 0.19609375 0.04609375 0.0515625
0 0.6625 0.25 0.04609375 0.0515625
0 0.7125 0.24453125 0.0484375 0.04765625
0 0.7640625 0.24375 0.04765625 0.04921875
0 0.76015625 0.29375 0.0453125 0.04921875
0 0.14765625 0.2875 0.046875 0.05390625
0 0.85625 0.50546875 0.04609375 0.05078125
0 0.76015625 0.40390625 0.04609375 0.05078125
0 0.8078125 0.396875 0.046875 0.05078125