0 0.76171875 0.66640625 0.046875 0.04921875
1 0.34375 0.50625 0.0484375 0.0484375
1 0.25703125 0.50625 0.0484375 0.04921875
1 0.303125 0.4640625 0.04921875 0.05
1 0.2 0.553125 0.04921875 0.04921875
0 0.8125 0.8046875 0.0484375 0.0484375
0 0.90703125 0.4625 0.04921875 0.04921875
1 0.35234375 0.61328125 0.0484375 0.0484375
1 0.45390625 0.6609375 0.0484375 0.04765625
0 0.859375 0.51171875 0.05 0.04921875
1 0.4046875 0.39921875 0.04921875 0.05078125
1 0.140625 0.44921875 0.04921875 0.05
1 0.2515625 0.60703125 0.0484375 0.04921875
1 0.35234375 0.4578125 0.05 0.0515625
1 0.39921875 0.61328125 0.0484375 0.0484375
1 0.3578125 0.353125 0.05 0.05234375
1 0.56171875 0.45625 0.04921875 0.05078125
1 0.40546875 0.34375 0.04921875 0.0515625
1 0.5015625 0.6171875 0.04921875 0.04765625
0 0.915625 0.865625 0.04921875 0.04921875
1 0.50390625 0.678125 0.04921875 0.0484375
0 0.7609375 0.56953125 0.04921875 0.0484375
1 0.30078125 0.60703125 0.05 0.05078125
1 0.14609375 0.55234375 0.05 0.05
1 0.45078125 0.3015625 0.046875 0.04921875
0 0.8171875 0.56328125 0.04765625 0.04765625
1 0.6140625 0.4546875 0.04765625 0.04921875
1 0.09296875 0.44765625 0.04921875 0.0515625
1 0.24296875 0.44765625 0.04765625 0.05
1 0.4 0.46484375 0.04921875 0.05078125
1 0.24921875 0.3953125 0.04765625 0.0515625
1 0.29765625 0.70546875 0.04921875 0.05078125
1 0.2015625 0.50390625 0.0484375 0.04921875
1 0.66328125 0.34921875 0.05 0.0515625
1 0.403125 0.56484375 0.04921875 0.04921875
1 0.18671875 0.4546875 0.04921875 0.05
0 0.60859375 0.665625 0.04921875 0.04765625
1 0.459375 0.40390625 0.04921875 0.05078125
1 0.2515625 0.7078125 0.04921875 0.05078125
1 0.5015625 0.24296875 0.04921875 0.05
0 0.9671875 0.40625 0.05078125 0.0515625
1 0.496875 0.728125 0.0484375 0.04921875
1 0.1953125 0.7171875 0.0484375 0.05
1 0.453125 0.7609375 0.0484375 0.04921875
1 0.6609375 0.55703125 0.0484375 0.046875
1 0.3046875 0.75625 0.04921875 0.04921875
1 0.715625 0.45546875 0.04921875 0.04921875
1 0.39921875 0.81015625 0.0484375 0.04765625
0 0.65703125 0.60703125 0.0484375 0.04765625
1 0.60625 0.35078125 0.05 0.05078125
1 0.1515625 0.67265625 0.04921875 0.0515625
1 0.34375 0.71171875 0.04921875 0.05
0 0.8625 0.36171875 0.05 0.0515625
1 0.140625 0.3984375 0.05 0.0515625
0 0.759375 0.86640625 0.05078125 0.05
1 0.40625 0.1921875 0.05078125 0.053125
1 0.7078125 0.503125 0.05 0.04921875
1 0.5484375 0.6625 0.046875 0.0484375
0 0.1421875 0.2484375 0.05 0.05234375
1 0.3984375 0.759375 0.04765625 0.0484375
1 0.5078125 0.40625 0.04921875 0.05078125
1 0.21015625 0.671875 0.04921875 0.05078125
1 0.09296875 0.396875 0.05 0.053125
1 0.046875 0.44765625 0.05 0.053125
1 0.509375 0.778125 0.04921875 0.05
1 0.55390625 0.40546875 0.04765625 0.05
1 0.65703125 0.50859375 0.04921875 0.04765625
1 0.721875 0.40625 0.04921875 0.04921875
1 0.15 0.8171875 0.0515625 0.053125
0 0.715625 0.553125 0.0484375 0.0484375
1 0.453125 0.19296875 0.0484375 0.05078125
1 0.15625 0.76484375 0.04921875 0.05
0 0.134375 0.19296875 0.04921875 0.0515625
1 0.0953125 0.6140625 0.05078125 0.0515625
1 0.20078125 0.81328125 0.0484375 0.04921875
1 0.66875 0.29765625 0.0484375 0.05078125
1 0.040625 0.39765625 0.05 0.05234375
0 0.71171875 0.3578125 0.04921875 0.04921875
0 0.359375 0.40546875 0.04921875 0.05
1 0.6078125 0.25234375 0.05 0.05078125
1 0.453125 0.859375 0.0484375 0.04921875
1 0.8625 0.24921875 0.05 0.0515625
0 0.7671875 0.5078125 0.05 0.04765625
0 0.69921875 0.8609375 0.05078125 0.04921875
0 0.85703125 0.915625 0.04921875 0.0484375
0 0.1921875 0.40234375 0.04921875 0.05078125
1 0.7140625 0.25234375 0.04921875 0.0515625
1 0.14609375 0.86796875 0.0515625 0.05234375
0 0.35234375 0.18984375 0.04921875 0.05078125
0 0.4015625 0.51484375 0.04921875 0.04921875
1 0.50390625 0.86171875 0.04921875 0.0484375
1 0.39140625 0.71171875 0.0484375 0.0484375
1 0.54765625 0.809375 0.0484375 0.05078125
0 0.3125 0.40078125 0.0484375 0.0484375
0 0.15 0.35 0.04921875 0.05078125
0 0.3546875 0.296875 0.046875 0.05
1 0.96953125 0.35546875 0.0515625 0.05234375
0 0.51328125 0.46015625 0.0484375 0.0484375
0 0.653125 0.815625 0.0484375 0.04765625
0 0.80390625 0.915625 0.05078125 0.04921875
0 0.04765625 0.34765625 0.04921875 0.053125
0 0.35078125 0.8109375 0.0484375 0.04765625
0 0.659375 0.71796875 0.0484375 0.04921875
1 0.66015625 0.19609375 0.0484375 0.05
1 0.09375 0.3453125 0.04921875 0.05234375
1 0.6046875 0.85859375 0.0484375 0.04921875
0 0.4546875 0.45703125 0.04921875 0.05
1 0.1828125 0.91015625 0.0484375 0.05078125
0 0.453125 0.25 0.04921875 0.05
0 0.3046875 0.18046875 0.04921875 0.05234375
1 0.55859375 0.85625 0.04921875 0.04921875
0 0.2328125 0.24375 0.05 0.05234375
1 0.5015625 0.19140625 0.0484375 0.05
0 0.9140625 0.39921875 0.05 0.05
1 0.6546875 0.9171875 0.04921875 0.04921875
0 0.4875 0.9078125 0.04765625 0.0484375
0 0.4515625 0.61171875 0.04921875 0.04921875
1 0.9171875 0.29609375 0.05078125 0.05234375
1 0.29921875 0.65703125 0.0484375 0.05
0 0.5546875 0.76015625 0.04765625 0.04765625
1 0.55625 0.90625 0.0484375 0.04921875
0 0.76953125 0.40625 0.05 0.04921875
0 0.08359375 0.29453125 0.0484375 0.05078125
0 0.190625 0.1234375 0.04921875 0.0515625
0 0.9203125 0.34765625 0.05 0.05234375
1 0.296875 0.078125 0.0484375 0.0515625
0 0.3046875 0.80546875 0.0484375 0.04765625
0 0.240625 0.9546875 0.0484375 0.04921875
0 0.6578125 0.7671875 0.0484375 0.0484375
1 0.765625 0.19296875 0.05078125 0.0515625
0 0.44921875 0.95625 0.04921875 0.0484375
0 0.246875 0.08984375 0.04921875 0.05234375
1 0.34765625 0.08515625 0.04921875 0.05078125
0 0.45703125 0.51171875 0.04921875 0.05
1 0.70078125 0.91328125 0.04921875 0.04921875
0 0.60234375 0.615625 0.0484375 0.0484375
0 0.39375 0.90859375 0.0484375 0.04921875
1 0.65078125 0.86484375 0.04921875 0.05
0 0.30859375 0.35 0.04765625 0.05
0 0.3515625 0.7609375 0.05 0.04921875
1 0.45078125 0.140625 0.0484375 0.05
0 0.553125 0.56484375 0.04921875 0.04921875
0 0.5921875 0.81171875 0.046875 0.046875
0 0.403125 0.29296875 0.05 0.05078125
0 0.2078125 0.7640625 0.0484375 0.05078125
1 0.55859375 0.96015625 0.05 0.05234375
0 0.4015625 0.85859375 0.04921875 0.05
1 0.9703125 0.3046875 0.05078125 0.0515625
0 0.7703125 0.45859375 0.05 0.05
1 0.753125 0.91953125 0.05078125 0.0515625
0 0.45859375 0.5640625 0.05 0.0515625
0 0.23125 0.903125 0.05 0.04921875
0 0.71640625 0.3046875 0.05 0.05
0 0.82109375 0.30390625 0.05078125 0.05078125
0 0.55703125 0.71171875 0.0484375 0.04921875
0 0.03515625 0.3 0.04921875 0.05078125
0 0.13671875 0.1375 0.04921875 0.053125
0 0.54765625 0.61328125 0.0484375 0.04921875
1 0.496875 0.9640625 0.04921875 0.05
0 0.5046875 0.5640625 0.0484375 0.0484375
1 0.865625 0.1984375 0.0515625 0.05234375
0 0.24375 0.2953125 0.0484375 0.05078125
0 0.2578125 0.76015625 0.04921875 0.05
0 0.6109375 0.5609375 0.0484375 0.04921875
1 0.40390625 0.08984375 0.04921875 0.05078125
0 0.19375 0.8609375 0.0484375 0.05
0 0.85 0.965625 0.04921875 0.04765625
0 0.240625 0.85703125 0.04921875 0.05078125
0 0.56171875 0.50859375 0.04765625 0.04765625
0 0.60859375 0.5109375 0.0484375 0.04921875
1 0.9265625 0.19609375 0.05078125 0.05
0 0.4 0.140625 0.04921875 0.05234375
0 0.29765625 0.12890625 0.04921875 0.05234375
0 0.3984375 0.2421875 0.04921875 0.05078125
1 0.609375 0.96484375 0.04921875 0.05
0 0.19609375 0.303125 0.04921875 0.0515625
0 0.7609375 0.25 0.0484375 0.04921875
1 0.815625 0.203125 0.05 0.0515625
1 0.1390625 0.95625 0.0484375 0.05078125
1 0.19453125 0.96171875 0.04921875 0.05078125
0 0.24453125 0.3453125 0.05 0.05234375
0 0.35078125 0.13671875 0.05 0.05234375
0 0.86953125 0.3046875 0.04921875 0.05078125
0 0.4390625 0.90703125 0.0484375 0.05
0 0.24765625 0.80859375 0.05 0.05
1 0.75625 0.971875 0.05078125 0.05
0 0.140625 0.0859375 0.04921875 0.0515625
1 0.96875 0.24140625 0.05078125 0.05078125
1 0.80078125 0.97109375 0.0484375 0.05
0 0.24765625 0.034375 0.04921875 0.053125
1 0.71015625 0.13359375 0.04765625 0.04921875
0 0.19609375 0.353125 0.04921875 0.0515625
1 0.86796875 0.14375 0.05 0.05
0 0.81171875 0.25390625 0.05 0.05078125
1 0.2953125 0.0265625 0.04765625 0.04921875