1 0.6390625 0.63046875 0.0640625 0.05703125
0 0.1 0.4796875 0.06484375 0.0625
0 0.1015625 0.40390625 0.06484375 0.0609375
0 0.16796875 0.47109375 0.065625 0.06015625
0 0.16796875 0.559375 0.065625 0.0609375
0 0.25703125 0.47890625 0.06484375 0.0609375
0 0.10390625 0.33515625 0.0640625 0.0609375
0 0.2515625 0.56875 0.06484375 0.0609375
1 0.79453125 0.55390625 0.0640625 0.0609375
1 0.6421875 0.55703125 0.0640625 0.0609375
0 0.259375 0.6390625 0.06484375 0.06171875
0 0.18828125 0.26328125 0.06328125 0.05859375
0 0.1078125 0.25625 0.06328125 0.06015625
0 0.2546875 0.33046875 0.0640625 0.059375
1 0.55625 0.6296875 0.06484375 0.06171875
1 0.4796875 0.71015625 0.06484375 0.06328125
1 0.3953125 0.790625 0.06640625 0.06328125
1 0.721875 0.55390625 0.065625 0.0609375
1 0.88359375 0.4796875 0.0640625 0.06015625
0 0.40859375 0.546875 0.06328125 0.06015625
1 0.71953125 0.40234375 0.06328125 0.06015625
0 0.33671875 0.484375 0.0640625 0.05859375
1 0.55625 0.78828125 0.065625 0.06328125
0 0.328125 0.6375 0.06484375 0.0625
1 0.4765625 0.784375 0.06640625 0.06328125
0 0.39609375 0.63203125 0.0640625 0.0609375
1 0.6390625 0.4796875 0.06484375 0.05859375
1 0.2453125 0.78671875 0.0640625 0.06171875
0 0.48671875 0.62890625 0.06328125 0.06015625
1 0.79375 0.4828125 0.06484375 0.06015625
0 0.33046875 0.3296875 0.0625 0.05859375
0 0.028125 0.32578125 0.05625 0.06015625
0 0.2546875 0.70625 0.06640625 0.0625
1 0.31875 0.7890625 0.06640625 0.0625
0 0.5609375 0.4078125 0.0640625 0.059375
0 0.31875 0.4125 0.06484375 0.059375
1 0.48359375 0.86875 0.06640625 0.06484375
0 0.32578125 0.7046875 0.06484375 0.06328125
0 0.478125 0.4046875 0.0625 0.05859375
0 0.41640625 0.4046875 0.06328125 0.059375
1 0.559375 0.70234375 0.0640625 0.06328125
0 0.390625 0.7015625 0.0640625 0.0609375
0 0.4125 0.26015625 0.0625 0.0578125
0 0.18125 0.18671875 0.06328125 0.0578125
0 0.27890625 0.2609375 0.06171875 0.05703125
0 0.48671875 0.5484375 0.06328125 0.06015625
0 0.4953125 0.3296875 0.0609375 0.05703125
1 0.80234375 0.259375 0.0640625 0.05859375
0 0.646875 0.40390625 0.06171875 0.05859375
0 0.48359375 0.48671875 0.06328125 0.059375
0 0.34609375 0.26015625 0.0625 0.0578125
0 0.571875 0.55234375 0.0625 0.05859375
1 0.3171875 0.8640625 0.0671875 0.0640625
0 0.4125 0.478125 0.0625 0.059375
1 0.88125 0.2546875 0.06328125 0.06015625
1 0.959375 0.40859375 0.06484375 0.059375
0 0.559375 0.478125 0.06328125 0.059375
0 0.565625 0.33046875 0.0609375 0.05703125
0 0.0234375 0.4765625 0.04609375 0.06015625
1 0.7265625 0.25546875 0.0625 0.06015625
0 0.49375 0.25703125 0.0609375 0.0578125
1 0.63828125 0.25625 0.0609375 0.05859375
1 0.7203125 0.33671875 0.06328125 0.059375
0 0.0375 0.1890625 0.06171875 0.05859375
0 0.56953125 0.2625 0.0625 0.06015625
0 0.4140625 0.1859375 0.06171875 0.05859375
0 0.1140625 0.11328125 0.0625 0.059375
0 0.2703125 0.11640625 0.0625 0.05859375
0 0.5015625 0.1109375 0.06171875 0.059375
0 0.6515625 0.32734375 0.06171875 0.05859375
1 0.95625 0.3296875 0.065625 0.06171875
0 0.4234375 0.12421875 0.06171875 0.0578125
0 0.57578125 0.1125 0.06171875 0.059375
0 0.021875 0.5484375 0.04375 0.059375
0 0.56953125 0.2 0.06171875 0.05859375
0 0.6453125 0.1203125 0.0609375 0.05859375
1 0.71875 0.18203125 0.06171875 0.059375
1 0.87265625 0.11015625 0.06328125 0.0625
1 0.95625 0.196875 0.0640625 0.06171875
1 0.6421875 0.18671875 0.059375 0.05703125
1 0.72109375 0.109375 0.0609375 0.06015625
1 0.803125 0.18046875 0.0625 0.0578125
1 0.5375 0.94453125 0.06640625 0.0640625
0 0.209375 0.04609375 0.0609375 0.0578125
0 0.49765625 0.05078125 0.0609375 0.05703125
0 0.6546875 0.04765625 0.06171875 0.05703125
0 0.5765625 0.04921875 0.06015625 0.05625
0 0.34453125 0.04375 0.06171875 0.0578125
1 0.721875 0.03984375 0.06015625 0.05625
0 0.0453125 0.04921875 0.0609375 0.05859375
1 0.86640625 0.03203125 0.06015625 0.05625
1 0.946875 0.03203125 0.06171875 0.05859375