1 0.34140625 0.78203125 0.046875 0.05390625
0 0.1734375 0.37734375 0.04921875 0.04765625
0 0.18125 0.27578125 0.0484375 0.046875
1 0.18984375 0.46640625 0.05 0.04921875
1 0.27734375 0.47734375 0.05078125 0.05
1 0.40234375 0.90546875 0.053125 0.053125
1 0.32890625 0.47578125 0.05 0.04921875
1 0.19453125 0.790625 0.053125 0.053125
0 0.38046875 0.5296875 0.05 0.0484375
0 0.17578125 0.17890625 0.04921875 0.04609375
1 0.428125 0.521875 0.04921875 0.0484375
0 0.7671875 0.37890625 0.04921875 0.04609375
0 0.80390625 0.33671875 0.04765625 0.046875
1 0.484375 0.628125 0.05078125 0.05
1 0.828125 0.51875 0.04921875 0.0484375
0 0.9203125 0.51484375 0.05078125 0.04921875
1 0.38984375 0.73359375 0.0515625 0.0515625
0 0.23046875 0.22890625 0.0484375 0.04609375
1 0.89765625 0.73515625 0.05078125 0.0515625
0 0.9453125 0.74296875 0.05078125 0.0515625
1 0.88359375 0.63203125 0.05078125 0.05078125
1 0.2328125 0.4296875 0.05 0.04921875
1 0.85703125 0.8453125 0.0515625 0.05234375
1 0.4 0.9578125 0.0546875 0.05234375
1 0.425 0.46953125 0.0484375 0.0484375
1 0.27421875 0.3765625 0.04921875 0.0484375
1 0.80625 0.89921875 0.05234375 0.05234375
1 0.378125 0.4203125 0.05 0.04921875
1 0.44609375 0.840625 0.0515625 0.053125
0 0.71171875 0.3265625 0.0484375 0.04609375
1 0.471875 0.434375 0.04921875 0.04921875
1 0.8625 0.90234375 0.05078125 0.05234375
1 0.375 0.328125 0.04921875 0.0484375
1 0.928125 0.5765625 0.0515625 0.0515625
0 0.3765625 0.475 0.04921875 0.046875
0 0.66875 0.37265625 0.0484375 0.04609375
1 0.84296875 0.73046875 0.05078125 0.05234375
1 0.4515625 0.89375 0.05234375 0.053125
1 0.8015625 0.790625 0.0515625 0.05234375
1 0.4390625 0.6828125 0.05078125 0.05
1 0.50703125 0.95625 0.0546875 0.05390625
1 0.8328125 0.63671875 0.0515625 0.0515625
1 0.53671875 0.578125 0.04921875 0.05
1 0.52734375 0.4359375 0.04765625 0.0484375
1 0.934375 0.69453125 0.0515625 0.05234375
1 0.49609375 0.79609375 0.0515625 0.0515625
1 0.759375 0.84296875 0.05234375 0.0515625
0 0.771875 0.4734375 0.05 0.04765625
0 0.715625 0.440625 0.04921875 0.046875
1 0.56171875 0.96015625 0.05234375 0.05390625
1 0.475 0.3734375 0.04921875 0.04765625
0 0.284375 0.190625 0.04765625 0.0453125
0 0.271875 0.140625 0.04765625 0.04609375
1 0.2796875 0.27734375 0.04921875 0.0484375
1 0.484375 0.53203125 0.05 0.04921875
1 0.228125 0.3765625 0.04921875 0.04921875
1 0.503125 0.90078125 0.05234375 0.05234375
1 0.4953125 0.73359375 0.05078125 0.0515625
1 0.48828125 0.57890625 0.05 0.04921875
0 0.596875 0.1359375 0.0484375 0.0453125
1 0.3765625 0.27265625 0.04765625 0.04609375
1 0.8671875 0.96796875 0.053125 0.05234375
1 0.1328125 0.1359375 0.0484375 0.046875
1 0.22734375 0.3265625 0.0484375 0.0484375
1 0.7953125 0.23828125 0.046875 0.04609375
1 0.78125 0.58046875 0.05078125 0.05
0 0.39765625 0.784375 0.053125 0.0515625
1 0.3296875 0.27109375 0.04765625 0.046875
0 0.690625 0.12109375 0.04765625 0.0453125
0 0.3296875 0.18515625 0.04765625 0.0453125
1 0.6203125 0.384375 0.0484375 0.04765625
1 0.78203125 0.63359375 0.05 0.05078125
0 0.759375 0.28671875 0.0484375 0.046875
1 0.52265625 0.32578125 0.046875 0.046875
1 0.61875 0.328125 0.0484375 0.046875
0 0.515625 0.275 0.04765625 0.04609375
1 0.59140625 0.6859375 0.05 0.05
0 0.7703125 0.5328125 0.05 0.046875
1 0.5828125 0.48359375 0.04921875 0.04765625
1 0.7859375 0.6859375 0.05 0.05078125
1 0.23046875 0.2796875 0.04921875 0.04921875
1 0.56875 0.38203125 0.04765625 0.046875
1 0.79140625 0.7375 0.05 0.0515625
1 0.54609375 0.73515625 0.05 0.05078125
1 0.7 0.79140625 0.05078125 0.05078125
1 0.23203125 0.1796875 0.04921875 0.046875
0 0.69296875 0.18046875 0.0484375 0.0453125
0 0.74296875 0.18984375 0.0484375 0.04609375
1 0.590625 0.63203125 0.04921875 0.04921875
0 0.5734375 0.4375 0.0484375 0.04609375
0 0.90546875 0.8484375 0.0515625 0.05078125
1 0.4734375 0.31640625 0.04921875 0.04765625
0 0.65 0.225 0.04765625 0.0453125
1 0.7484375 0.79140625 0.0515625 0.05234375
1 0.58515625 0.53359375 0.0484375 0.046875
0 0.625 0.43515625 0.0484375 0.046875
1 0.79140625 0.1890625 0.046875 0.046875
0 0.74921875 0.240625 0.04921875 0.04609375
0 0.44609375 0.7328125 0.05234375 0.0515625
1 0.37578125 0.18203125 0.046875 0.04609375
1 0.32109375 0.1328125 0.046875 0.0453125
1 0.73359375 0.6296875 0.05 0.05078125
1 0.5671875 0.275 0.04765625 0.04609375
0 0.4484375 0.78359375 0.053125 0.053125
1 0.41953125 0.178125 0.04609375 0.0453125
1 0.3296875 0.22734375 0.0484375 0.0453125
1 0.63203125 0.540625 0.04921875 0.04765625
0 0.91015625 0.89921875 0.05234375 0.05
1 0.63984375 0.6859375 0.0484375 0.05
0 0.61328125 0.284375 0.0484375 0.04453125
1 0.78515625 0.13984375 0.046875 0.046875
0 0.65859375 0.28046875 0.04765625 0.0453125
1 0.73984375 0.13203125 0.04765625 0.046875
1 0.6453125 0.7390625 0.05 0.0515625
1 0.3640625 0.0859375 0.04765625 0.04765625
0 0.73671875 0.68828125 0.05078125 0.04921875
1 0.59453125 0.7359375 0.05078125 0.0515625
1 0.74375 0.740625 0.04921875 0.05078125
1 0.69609375 0.73984375 0.05 0.05078125
1 0.4703125 0.27109375 0.04765625 0.04453125
0 0.5609375 0.1796875 0.0484375 0.04453125
0 0.51484375 0.1421875 0.046875 0.04453125
0 0.59765625 0.840625 0.0515625 0.0515625
0 0.815625 0.959375 0.053125 0.05234375
0 0.678125 0.484375 0.04921875 0.046875
0 0.465625 0.1828125 0.0484375 0.0453125
1 0.42578125 0.13515625 0.046875 0.04453125
0 0.6296875 0.49375 0.05 0.046875
0 0.68828125 0.6890625 0.05078125 0.04921875
0 0.75859375 0.96171875 0.053125 0.05234375
0 0.58359375 0.58203125 0.04921875 0.04765625
1 0.47109375 0.13515625 0.04609375 0.04375
0 0.51640625 0.23046875 0.0484375 0.0453125
1 0.4703125 0.22734375 0.04765625 0.04453125
0 0.65 0.78984375 0.05078125 0.0515625
0 0.65390625 0.91015625 0.053125 0.05234375
0 0.56328125 0.23046875 0.04765625 0.04375
0 0.596875 0.7875 0.0515625 0.05234375
0 0.6375 0.6375 0.05078125 0.04921875
0 0.7515625 0.89921875 0.05234375 0.05234375
0 0.553125 0.9078125 0.053125 0.05234375
0 0.5484375 0.79609375 0.053125 0.05234375
0 0.61015625 0.96015625 0.05234375 0.0515625
0 0.49453125 0.84921875 0.05390625 0.053125
0 0.70234375 0.8421875 0.05234375 0.0515625
0 0.7296875 0.575 0.04921875 0.046875
0 0.68515625 0.63359375 0.05 0.04921875
0 0.6609375 0.96015625 0.053125 0.053125
0 0.51328125 0.1859375 0.04765625 0.04609375
0 0.6828125 0.534375 0.04921875 0.046875
0 0.54453125 0.85625 0.05234375 0.05234375
0 0.63203125 0.58828125 0.05 0.0484375
0 0.6828125 0.5828125 0.05078125 0.04765625
0 0.7015625 0.89375 0.053125 0.05234375