0 0.5 0.44765625 0.04609375 0.04921875
1 0.2515625 0.49765625 0.04921875 0.05078125
1 0.35234375 0.39765625 0.0515625 0.0484375
1 0.35078125 0.596875 0.05078125 0.05078125
1 0.69765625 0.696875 0.05078125 0.0515625
1 0.303125 0.24921875 0.05078125 0.05078125
1 0.1984375 0.846875 0.0515625 0.05234375
1 0.153125 0.15 0.053125 0.053125
1 0.34921875 0.84609375 0.0515625 0.05078125
1 0.95 0.49765625 0.05078125 0.05078125
1 0.85 0.7984375 0.05 0.05
1 0.14921875 0.79609375 0.05234375 0.053125
1 0.95 0.39765625 0.0515625 0.05
1 0.2984375 0.896875 0.05 0.0484375
1 0.55 0.1 0.05 0.05078125
1 0.95 0.34765625 0.0515625 0.05078125
1 0.9515625 0.24765625 0.05 0.05078125
1 0.10390625 0.1015625 0.05234375 0.053125
1 0.8 0.096875 0.04921875 0.0484375
1 0.05390625 0.15 0.05078125 0.053125
1 0.303125 0.15078125 0.05 0.05078125
1 0.75078125 0.0984375 0.05 0.05
1 0.8 0.8484375 0.053125 0.0515625
1 0.90078125 0.09765625 0.04921875 0.05078125
1 0.4015625 0.1 0.04921875 0.0484375
1 0.2984375 0.94765625 0.05078125 0.05078125
1 0.95234375 0.096875 0.04921875 0.05078125
1 0.10546875 0.04921875 0.05234375 0.0515625
0 0.5984375 0.54765625 0.0484375 0.05
0 0.15390625 0.34765625 0.05 0.05078125
0 0.7484375 0.54765625 0.05 0.0515625
0 0.1046875 0.29765625 0.05078125 0.05078125
0 0.60078125 0.09921875 0.04921875 0.04921875
0 0.2046875 0.2984375 0.05 0.04921875
0 0.05390625 0.2984375 0.05 0.0515625
0 0.303125 0.3484375 0.05 0.04921875
0 0.15390625 0.09921875 0.05078125 0.04921875
0 0.2046875 0.15 0.053125 0.05234375
0 0.89921875 0.4484375 0.05234375 0.0546875
0 0.7984375 0.4484375 0.0515625 0.0515625
0 0.89921875 0.3484375 0.05234375 0.05234375
0 0.2484375 0.89609375 0.0515625 0.05078125
0 0.44921875 0.79609375 0.05 0.05078125
0 0.25390625 0.19921875 0.0515625 0.05
0 0.95234375 0.146875 0.0515625 0.053125
0 0.246875 0.94765625 0.05 0.05234375
0 0.203125 0.0984375 0.05 0.04765625
0 0.2046875 0.19921875 0.05 0.05078125
0 0.1546875 0.24921875 0.04765625 0.0484375
0 0.05390625 0.2484375 0.0484375 0.04765625
1 0.05390625 0.19921875 0.05 0.0453125
1 0.10390625 0.2 0.04765625 0.0484375
1 0.10390625 0.24921875 0.05 0.04765625
1 0.153125 0.20078125 0.05 0.0484375
0 0.20390625 0.24921875 0.0484375 0.04921875
0 0.303125 0.3 0.05 0.046875
0 0.50078125 0.1 0.04921875 0.0484375
0 0.50078125 0.15 0.05 0.04765625
0 0.55 0.15 0.04765625 0.04921875
0 0.5 0.20078125 0.0484375 0.04921875
0 0.55078125 0.20078125 0.0484375 0.0484375
0 0.4015625 0.25078125 0.04765625 0.05
0 0.45078125 0.25 0.04921875 0.05078125
0 0.50078125 0.25 0.0484375 0.05
0 0.55 0.25078125 0.04921875 0.04921875
0 0.50078125 0.30078125 0.04765625 0.04765625
0 0.5 0.35 0.04765625 0.0484375
0 0.49921875 0.39921875 0.0484375 0.04765625
0 0.54921875 0.39921875 0.0484375 0.04921875
0 0.6 0.20078125 0.0484375 0.04921875
0 0.65 0.2 0.04921875 0.05
0 0.7 0.2 0.05 0.05
0 0.75 0.14921875 0.04921875 0.05078125
0 0.75 0.2 0.0484375 0.04921875
0 0.90078125 0.1484375 0.04921875 0.04921875
0 0.8 0.19921875 0.04921875 0.05
0 0.85078125 0.1984375 0.05 0.04921875
0 0.84921875 0.24921875 0.04921875 0.04921875
0 0.84921875 0.29921875 0.0484375 0.04765625
0 0.8484375 0.34921875 0.0484375 0.05078125
0 0.59765625 0.4484375 0.0515625 0.0515625
0 0.6484375 0.44765625 0.04765625 0.0515625
0 0.6984375 0.44765625 0.05 0.0515625
0 0.69765625 0.4984375 0.0515625 0.0484375
0 0.20234375 0.3984375 0.04765625 0.05
0 0.253125 0.39765625 0.0515625 0.05
0 0.25234375 0.44765625 0.04921875 0.0484375
0 0.3015625 0.446875 0.0484375 0.04921875
0 0.45 0.44765625 0.0484375 0.05
0 0.35078125 0.49765625 0.05 0.05
0 0.40078125 0.49765625 0.04921875 0.05
0 0.45 0.49765625 0.04921875 0.04921875
0 0.40078125 0.54765625 0.0484375 0.04765625
0 0.45078125 0.54765625 0.04921875 0.04921875
0 0.5484375 0.54765625 0.05 0.05
0 0.40078125 0.596875 0.04921875 0.0484375
0 0.54921875 0.596875 0.04921875 0.04921875
0 0.40078125 0.646875 0.04921875 0.04765625
0 0.4984375 0.64609375 0.0484375 0.05
0 0.54921875 0.646875 0.05078125 0.05
0 0.84921875 0.4984375 0.0484375 0.04765625
0 0.8484375 0.54921875 0.04921875 0.04921875
0 0.9 0.59765625 0.05 0.05
0 0.9 0.6484375 0.05 0.05
0 0.9 0.6984375 0.05 0.0484375
0 0.79765625 0.59765625 0.05 0.05
0 0.79765625 0.64765625 0.04921875 0.0484375
0 0.79765625 0.696875 0.04921875 0.05078125
0 0.74765625 0.696875 0.05 0.05078125
0 0.64765625 0.596875 0.04765625 0.05
0 0.69765625 0.596875 0.04921875 0.04921875
0 0.69765625 0.64609375 0.0515625 0.05
0 0.4984375 0.6953125 0.046875 0.05
0 0.45078125 0.69609375 0.0484375 0.0484375
0 0.54765625 0.746875 0.04921875 0.0515625
0 0.5984375 0.746875 0.04921875 0.05
0 0.6484375 0.74609375 0.04765625 0.0484375
0 0.69765625 0.746875 0.05 0.04921875
0 0.20078125 0.64609375 0.04921875 0.04921875
0 0.25078125 0.6453125 0.04921875 0.04921875
0 0.2015625 0.69609375 0.0484375 0.05
0 0.3 0.6953125 0.0484375 0.05078125
0 0.34921875 0.6953125 0.05 0.05
0 0.25 0.7453125 0.04921875 0.05
0 0.3 0.7453125 0.05 0.05
0 0.35 0.74453125 0.05 0.05
0 0.25 0.79609375 0.04921875 0.04921875
0 0.29921875 0.7953125 0.0484375 0.05
0 0.24921875 0.846875 0.04921875 0.04921875
1 0.15078125 0.696875 0.05234375 0.053125
1 0.20078125 0.74609375 0.05 0.05
1 0.3 0.6453125 0.04921875 0.0484375
1 0.35 0.64609375 0.05078125 0.0484375
1 0.34921875 0.7953125 0.0484375 0.05
1 0.4 0.69453125 0.0515625 0.05078125
1 0.39921875 0.74609375 0.04921875 0.05078125
1 0.39921875 0.796875 0.05078125 0.05078125
1 0.4484375 0.7453125 0.0484375 0.04921875
1 0.49921875 0.74765625 0.0484375 0.04921875
1 0.2984375 0.846875 0.05 0.04921875
1 0.54765625 0.7984375 0.0484375 0.04765625
1 0.59765625 0.79765625 0.046875 0.0484375
1 0.64765625 0.79609375 0.05078125 0.05234375
1 0.69921875 0.79765625 0.05078125 0.05234375
1 0.7484375 0.74765625 0.05 0.05
1 0.7984375 0.74765625 0.0484375 0.05078125
1 0.84921875 0.74765625 0.05078125 0.0484375
1 0.90078125 0.7484375 0.04921875 0.05078125
1 0.84921875 0.69765625 0.0515625 0.04921875
1 0.8484375 0.6484375 0.053125 0.0484375
1 0.8484375 0.5984375 0.05 0.0515625
1 0.5484375 0.6953125 0.05 0.05
1 0.8984375 0.49921875 0.0515625 0.05
1 0.8984375 0.54765625 0.05078125 0.05078125
1 0.95 0.44765625 0.05078125 0.05078125
1 0.90078125 0.1984375 0.04921875 0.0484375
1 0.9 0.2484375 0.05234375 0.05078125
1 0.9 0.2984375 0.05 0.046875
1 0.8 0.14765625 0.05078125 0.05078125
1 0.85078125 0.146875 0.04921875 0.0515625
1 0.6 0.15 0.05 0.0515625
1 0.65 0.15 0.0484375 0.0515625
1 0.7 0.14921875 0.04921875 0.04921875
1 0.40078125 0.20078125 0.0484375 0.0484375
1 0.45078125 0.20078125 0.05078125 0.0484375
1 0.353125 0.25 0.0484375 0.0515625
1 0.54921875 0.3 0.04765625 0.0484375
1 0.5984375 0.3 0.05 0.0484375
1 0.5484375 0.35 0.0484375 0.0484375
1 0.59921875 0.34921875 0.05078125 0.05078125
1 0.59921875 0.39921875 0.04921875 0.0484375
1 0.40234375 0.29921875 0.0484375 0.04765625
1 0.4515625 0.3 0.05 0.0484375
1 0.35234375 0.34921875 0.0484375 0.0484375
1 0.4015625 0.3484375 0.0484375 0.05078125
1 0.4515625 0.3484375 0.0484375 0.0515625
1 0.45078125 0.3984375 0.04609375 0.0484375
1 0.35234375 0.44765625 0.05 0.0515625
1 0.40234375 0.44765625 0.0484375 0.05078125
1 0.30234375 0.49765625 0.04921875 0.05
1 0.15390625 0.39765625 0.05 0.0484375
1 0.15390625 0.4484375 0.05 0.05078125
1 0.203125 0.4484375 0.04765625 0.05078125
1 0.3515625 0.54609375 0.04921875 0.05