0 0.61484375 0.46015625 0.05 0.05234375
1 0.4578125 0.515625 0.04921875 0.05234375
0 0.67734375 0.4609375 0.05234375 0.0546875
1 0.5703125 0.5125 0.05234375 0.053125
0 0.67421875 0.25390625 0.0515625 0.053125
0 0.728125 0.3578125 0.05390625 0.05390625
1 0.51484375 0.309375 0.05 0.05234375
1 0.4671875 0.35 0.04921875 0.05
0 0.71875 0.52109375 0.053125 0.05546875
1 0.1984375 0.6015625 0.05 0.0515625
0 0.4171875 0.35 0.05 0.0515625
1 0.2453125 0.59296875 0.05 0.05078125
1 0.40703125 0.49140625 0.04921875 0.05
0 0.7125 0.6875 0.053125 0.05625
0 0.4 0.5609375 0.04921875 0.053125
0 0.7859375 0.253125 0.0546875 0.05625
1 0.04140625 0.5984375 0.04765625 0.05078125
1 0.61640625 0.36015625 0.0515625 0.05390625
1 0.06640625 0.43828125 0.0484375 0.05078125
0 0.82890625 0.4703125 0.0546875 0.0546875
1 0.5640625 0.45625 0.0515625 0.05234375
1 0.34140625 0.71171875 0.05078125 0.05390625
0 0.57109375 0.2015625 0.0515625 0.05
1 0.2390625 0.7015625 0.04921875 0.05390625
1 0.6265625 0.196875 0.05 0.05
1 0.159375 0.53828125 0.0484375 0.05078125
0 0.8484375 0.26015625 0.05234375 0.0546875
1 0.0484375 0.53984375 0.046875 0.05078125
1 0.234375 0.80390625 0.05078125 0.053125
1 0.41953125 0.440625 0.0484375 0.04921875
1 0.6609375 0.72734375 0.05390625 0.05703125
0 0.04296875 0.6484375 0.0484375 0.0546875
0 0.096875 0.5890625 0.0484375 0.0546875
1 0.5796875 0.25234375 0.0515625 0.05234375
1 0.53203125 0.246875 0.0484375 0.05078125
1 0.5484375 0.72109375 0.05234375 0.05546875
1 0.0984375 0.5375 0.0484375 0.05078125
0 0.36171875 0.44453125 0.05 0.05078125
0 0.53125 0.09765625 0.05078125 0.05
0 0.6265625 0.10078125 0.0515625 0.0515625
0 0.0703125 0.1875 0.046875 0.05078125
1 0.30546875 0.49765625 0.04921875 0.05
0 0.14453125 0.59453125 0.04921875 0.0515625
0 0.46484375 0.25390625 0.05078125 0.0515625
0 0.77421875 0.7359375 0.0546875 0.0578125
0 0.575 0.14765625 0.0515625 0.04921875
1 0.17109375 0.1859375 0.0484375 0.04921875
0 0.07890625 0.7484375 0.04921875 0.0546875
0 0.31484375 0.296875 0.05 0.05
1 0.121875 0.86015625 0.05 0.05390625
1 0.440625 0.771875 0.05234375 0.05546875
1 0.20546875 0.44921875 0.05 0.05078125
1 0.2125 0.29296875 0.0484375 0.05078125
1 0.6765625 0.140625 0.0515625 0.05078125
0 0.353125 0.496875 0.0515625 0.05
0 0.3515625 0.55 0.05078125 0.053125
1 0.428125 0.28984375 0.0484375 0.04921875
0 0.33984375 0.6046875 0.04765625 0.0515625
1 0.25546875 0.33828125 0.04765625 0.05
0 0.31640625 0.23828125 0.05 0.0515625
1 0.603125 0.83671875 0.05390625 0.05703125
0 0.22890625 0.1359375 0.04921875 0.05
1 0.365625 0.39375 0.04921875 0.04765625
1 0.10546875 0.48984375 0.05 0.05078125
0 0.115625 0.29296875 0.04921875 0.05078125
1 0.25234375 0.54375 0.04921875 0.04921875
0 0.05234375 0.290625 0.046875 0.04921875
1 0.01640625 0.3453125 0.0328125 0.04765625
1 0.43125 0.8671875 0.05078125 0.05390625
1 0.16015625 0.2875 0.046875 0.04765625
0 0.203125 0.54921875 0.05 0.0515625
0 0.26328125 0.39140625 0.04921875 0.05078125
0 0.465625 0.20234375 0.0515625 0.04921875
0 0.3140625 0.396875 0.05 0.05078125
0 0.025 0.84921875 0.04765625 0.05546875
0 0.11796875 0.23984375 0.0484375 0.0515625
1 0.853125 0.2015625 0.0515625 0.05234375
1 0.52109375 0.196875 0.04921875 0.04921875
1 0.415625 0.2421875 0.046875 0.04609375
1 0.05546875 0.3375 0.046875 0.04921875
0 0.209375 0.39609375 0.05 0.05234375
0 0.3625 0.2421875 0.05 0.04921875
0 0.46640625 0.14921875 0.05078125 0.04921875
1 0.2734375 0.2234375 0.04765625 0.05
0 0.15546875 0.3359375 0.04765625 0.04921875
1 0.0640625 0.384375 0.046875 0.04765625
1 0.25 0.48828125 0.04921875 0.04921875
0 0.32421875 0.1796875 0.04921875 0.05
1 0.36953125 0.34375 0.05 0.05
0 0.4625 0.09140625 0.05078125 0.04921875
1 0.26875 0.28203125 0.0484375 0.0515625
1 0.25390625 0.44140625 0.04921875 0.04921875
0 0.17734375 0.13515625 0.0484375 0.05
0 0.29296875 0.6 0.04765625 0.05390625
0 0.20078125 0.34765625 0.04765625 0.04921875
0 0.41484375 0.13828125 0.04921875 0.04921875
1 0.10390625 0.3421875 0.04765625 0.04921875
0 0.36953125 0.1890625 0.05 0.05
0 0.30859375 0.446875 0.05078125 0.05078125
0 0.2984375 0.5453125 0.05 0.04921875
1 0.0671875 0.9171875 0.05 0.053125
0 0.36953125 0.13515625 0.04921875 0.04921875
1 0.3125 0.346875 0.04921875 0.04921875
1 0.26484375 0.17421875 0.046875 0.046875
1 0.78671875 0.146875 0.0515625 0.05390625
0 0.071875 0.08828125 0.0484375 0.05078125
0 0.203125 0.496875 0.04921875 0.0484375
0 0.15859375 0.48828125 0.04921875 0.0515625
1 0.0734375 0.13828125 0.04765625 0.04921875
0 0.1140625 0.43984375 0.04921875 0.05
0 0.02734375 0.08828125 0.04453125 0.04921875
1 0.36875 0.0859375 0.046875 0.04765625
1 0.1328125 0.090625 0.04609375 0.04765625
0 0.115625 0.3890625 0.04921875 0.05
1 0.36875 0.290625 0.05 0.04921875
1 0.22578125 0.0890625 0.04765625 0.04765625
1 0.178125 0.0828125 0.0453125 0.04765625
0 0.128125 0.13984375 0.05078125 0.05
1 0.72578125 0.903125 0.0546875 0.05625
0 0.1609375 0.38671875 0.04921875 0.0484375
0 0.8265625 0.8578125 0.05390625 0.05625
0 0.125 0.1859375 0.04921875 0.04921875
1 0.415625 0.08515625 0.04765625 0.04921875
1 0.321875 0.13046875 0.04609375 0.046875
1 0.27578125 0.12734375 0.046875 0.046875
1 0.68984375 0.08984375 0.04921875 0.046875
0 0.16015625 0.43828125 0.0484375 0.05078125
0 0.0203125 0.9078125 0.040625 0.053125
1 0.07421875 0.0390625 0.04609375 0.046875