1 0.3921875 0.7421875 0.05 0.04453125
0 0.4421875 0.484375 0.05390625 0.04765625
0 0.38984375 0.48671875 0.053125 0.04765625
0 0.49375 0.4875 0.053125 0.046875
0 0.3296875 0.43984375 0.053125 0.0484375
0 0.38125 0.43203125 0.053125 0.046875
0 0.33828125 0.490625 0.0546875 0.0484375
0 0.6609375 0.5390625 0.053125 0.04609375
0 0.434375 0.434375 0.0515625 0.04609375
1 0.28203125 0.6546875 0.05234375 0.0484375
1 0.48984375 0.79375 0.0546875 0.05
0 0.2875 0.48359375 0.053125 0.04921875
0 0.6609375 0.49140625 0.05234375 0.046875
0 0.4921875 0.53359375 0.05390625 0.046875
0 0.2796875 0.4375 0.053125 0.0484375
0 0.65703125 0.596875 0.053125 0.0484375
1 0.39609375 0.59375 0.053125 0.04765625
1 0.16796875 0.70234375 0.05390625 0.04921875
0 0.603125 0.59296875 0.05390625 0.046875
0 0.66171875 0.4359375 0.0515625 0.04609375
1 0.1734375 0.7765625 0.05546875 0.04921875
1 0.38984375 0.8578125 0.05390625 0.04921875
0 0.7015625 0.40078125 0.05234375 0.046875
0 0.6578125 0.64375 0.053125 0.04765625
0 0.60078125 0.5421875 0.05234375 0.04609375
0 0.27890625 0.38046875 0.05390625 0.0484375
0 0.60625 0.64921875 0.053125 0.04765625
0 0.7078125 0.3421875 0.05234375 0.0453125
0 0.4921875 0.38984375 0.05234375 0.0453125
1 0.54765625 0.8578125 0.05546875 0.05
0 0.43671875 0.5390625 0.053125 0.04609375
0 0.71171875 0.29375 0.053125 0.046875
0 0.2828125 0.334375 0.05390625 0.0484375
0 0.55 0.4390625 0.05234375 0.0453125
0 0.76640625 0.33515625 0.05234375 0.04453125
0 0.22890625 0.32734375 0.05234375 0.04609375
0 0.2203125 0.45 0.0515625 0.04765625
0 0.825 0.34140625 0.05390625 0.04609375
0 0.76640625 0.490625 0.05390625 0.046875
1 0.64921875 0.8546875 0.05546875 0.05
0 0.7578125 0.4453125 0.0546875 0.04765625
0 0.44765625 0.23515625 0.053125 0.04765625
1 0.27890625 0.84765625 0.0546875 0.05
0 0.65546875 0.290625 0.053125 0.04609375
0 0.39453125 0.2390625 0.053125 0.04765625
0 0.51328125 0.34765625 0.05078125 0.04609375
1 0.7109375 0.85390625 0.0546875 0.0484375
0 0.34453125 0.24140625 0.053125 0.04765625
0 0.23515625 0.4953125 0.05234375 0.04765625
1 0.2265625 0.84453125 0.05390625 0.04921875
0 0.5609375 0.2953125 0.0515625 0.0453125
1 0.17109375 0.5390625 0.0546875 0.04921875
0 0.384375 0.3796875 0.05234375 0.046875
1 0.49609375 0.6953125 0.0546875 0.04921875
0 0.71015625 0.24375 0.053125 0.046875
0 0.7140625 0.5921875 0.053125 0.046875
1 0.0703125 0.64609375 0.053125 0.05
0 0.821875 0.39140625 0.053125 0.0453125
0 0.44765625 0.2921875 0.0515625 0.04609375
0 0.290625 0.24609375 0.05390625 0.0484375
1 0.3328125 0.546875 0.05390625 0.04765625
1 0.33984375 0.8953125 0.0546875 0.05
0 0.27265625 0.2890625 0.053125 0.04765625
0 0.7734375 0.6984375 0.053125 0.046875
0 0.6015625 0.43359375 0.05078125 0.04375
1 0.48984375 0.64375 0.05234375 0.04765625
0 0.91953125 0.4421875 0.053125 0.046875
0 0.22734375 0.2515625 0.053125 0.04765625
0 0.87734375 0.4953125 0.05234375 0.0453125
0 0.5109375 0.240625 0.0515625 0.04609375
1 0.65546875 0.7421875 0.053125 0.0484375
0 0.5609375 0.24921875 0.05234375 0.046875
0 0.8796875 0.34609375 0.053125 0.04609375
1 0.59453125 0.753125 0.053125 0.04765625
1 0.075 0.74453125 0.05234375 0.04921875
0 0.76875 0.6421875 0.053125 0.04765625
0 0.17578125 0.33359375 0.05390625 0.04921875
0 0.4921875 0.58125 0.05390625 0.04609375
0 0.928125 0.5078125 0.05234375 0.046875
1 0.5421875 0.753125 0.05234375 0.05
0 0.825 0.69296875 0.053125 0.046875
1 0.8171875 0.803125 0.05625 0.05078125
1 0.384375 0.54140625 0.05390625 0.0484375
1 0.28125 0.540625 0.0546875 0.04921875
0 0.771875 0.23515625 0.05390625 0.046875
1 0.165625 0.89453125 0.0546875 0.04921875
1 0.7046875 0.759375 0.05546875 0.05
0 0.66640625 0.6890625 0.05234375 0.04609375
1 0.8140625 0.85859375 0.05546875 0.05
1 0.078125 0.696875 0.053125 0.04921875
1 0.92890625 0.74453125 0.0546875 0.04921875
1 0.228125 0.38984375 0.05234375 0.046875
0 0.925 0.3953125 0.053125 0.04765625
0 0.87578125 0.6953125 0.05234375 0.04765625
0 0.65 0.23046875 0.0515625 0.0453125
1 0.7671875 0.746875 0.0546875 0.04921875
1 0.10859375 0.7953125 0.0546875 0.04921875
1 0.06796875 0.5953125 0.053125 0.05
1 0.171875 0.4859375 0.05390625 0.04765625
0 0.178125 0.240625 0.053125 0.0484375
1 0.11875 0.8421875 0.0546875 0.05
1 0.8703125 0.746875 0.053125 0.04921875
0 0.6078125 0.69609375 0.053125 0.04609375
0 0.8234375 0.2953125 0.05234375 0.04609375
1 0.228125 0.54140625 0.05390625 0.0484375
0 0.72265625 0.70546875 0.053125 0.046875
1 0.55 0.6515625 0.053125 0.04921875
1 0.53828125 0.603125 0.05390625 0.0484375
1 0.54921875 0.7015625 0.05390625 0.0484375
1 0.5484375 0.53828125 0.053125 0.04765625
1 0.16640625 0.4359375 0.05546875 0.0484375
0 0.9265625 0.69140625 0.053125 0.0484375
0 0.23359375 0.1875 0.05234375 0.04765625
1 0.81875 0.75703125 0.05390625 0.04921875
1 0.0765625 0.540625 0.05390625 0.0484375
0 0.71640625 0.1875 0.053125 0.0453125
1 0.06640625 0.8453125 0.05390625 0.05
1 0.12421875 0.34140625 0.05390625 0.0484375
1 0.0734375 0.396875 0.0546875 0.04921875
1 0.5515625 0.4890625 0.05390625 0.046875
0 0.76640625 0.18359375 0.05390625 0.0453125
0 0.81484375 0.546875 0.05390625 0.046875
1 0.08046875 0.4453125 0.05390625 0.04921875
1 0.08046875 0.49375 0.05390625 0.04921875
1 0.978125 0.74921875 0.04375 0.0484375
1 0.178125 0.28671875 0.05546875 0.0484375
1 0.06953125 0.3484375 0.053125 0.04921875
1 0.34609375 0.190625 0.05390625 0.0484375
1 0.403125 0.19453125 0.05390625 0.0484375
1 0.3375 0.95 0.05390625 0.04921875
1 0.175 0.3921875 0.05390625 0.04765625
1 0.44765625 0.12890625 0.053125 0.04765625
0 0.4609375 0.1875 0.053125 0.04609375
1 0.93125 0.35 0.05234375 0.0484375
0 0.2296875 0.1296875 0.05390625 0.04765625
1 0.39921875 0.08515625 0.0546875 0.04765625
1 0.28671875 0.1875 0.053125 0.0484375
1 0.01953125 0.24296875 0.0390625 0.0484375
1 0.0671875 0.29453125 0.05390625 0.05078125
1 0.9765625 0.23359375 0.046875 0.0484375
0 0.175 0.1265625 0.05234375 0.0484375
1 0.925 0.290625 0.053125 0.0484375
1 0.5125 0.19140625 0.053125 0.0484375
1 0.34375 0.08046875 0.053125 0.0484375
1 0.61015625 0.18671875 0.053125 0.04765625
1 0.33125 0.14140625 0.05234375 0.04921875
1 0.10546875 0.9546875 0.0546875 0.05078125
1 0.0171875 0.8 0.034375 0.0484375
1 0.06875 0.24140625 0.05390625 0.05
0 0.1265625 0.18984375 0.053125 0.04921875
1 0.559375 0.1984375 0.05078125 0.046875
1 0.8234375 0.24140625 0.05234375 0.04765625
1 0.54921875 0.13671875 0.05234375 0.0484375
1 0.87421875 0.296875 0.053125 0.0484375
1 0.9796875 0.35234375 0.040625 0.04921875
1 0.06875 0.1875 0.05390625 0.05
1 0.1203125 0.2484375 0.05390625 0.05
1 0.23046875 0.07734375 0.053125 0.04765625
1 0.50703125 0.08984375 0.053125 0.0484375
1 0.28125 0.13359375 0.053125 0.0484375
1 0.11875 0.29765625 0.0546875 0.04921875
0 0.9234375 0.56015625 0.05390625 0.04765625
1 0.0703125 0.1359375 0.05390625 0.05078125
1 0.603125 0.1328125 0.05078125 0.046875
1 0.8171875 0.1921875 0.05390625 0.04765625
1 0.121875 0.1328125 0.05390625 0.05078125
1 0.559375 0.03515625 0.05234375 0.046875
1 0.6609375 0.1359375 0.05234375 0.04765625
1 0.87421875 0.24921875 0.05390625 0.0484375
1 0.6515625 0.03984375 0.053125 0.04765625
1 0.390625 0.02109375 0.053125 0.0421875
1 0.9765625 0.13671875 0.046875 0.0484375
0 0.76171875 0.13671875 0.053125 0.046875
1 0.221875 0.0296875 0.053125 0.046875
0 0.9796875 0.3984375 0.03984375 0.046875
1 0.44453125 0.03046875 0.053125 0.04609375
1 0.66484375 0.0859375 0.05234375 0.0484375
1 0.0171875 0.853125 0.034375 0.046875
1 0.13359375 0.02890625 0.05234375 0.0484375
1 0.12265625 0.08515625 0.053125 0.04921875
1 0.71171875 0.140625 0.05234375 0.046875
1 0.77578125 0.09140625 0.05390625 0.0484375
1 0.96875 0.08828125 0.05234375 0.04765625
1 0.07265625 0.08671875 0.0515625 0.04765625
1 0.93125 0.18515625 0.053125 0.0484375
1 0.871875 0.13125 0.05390625 0.04921875
1 0.93125 0.0390625 0.05390625 0.04765625
1 0.7765625 0.034375 0.05234375 0.046875
0 0.178125 0.075 0.053125 0.046875
1 0.50625 0.03125 0.053125 0.04765625
1 0.89375 0.0859375 0.053125 0.0484375
1 0.8328125 0.0875 0.053125 0.04765625
1 0.0171875 0.909375 0.03359375 0.0484375
1 0.925 0.13125 0.053125 0.05
1 0.6609375 0.18671875 0.05390625 0.0484375
1 0.82890625 0.034375 0.05234375 0.0484375
0 0.97734375 0.68984375 0.04453125 0.0484375
1 0.8140625 0.1453125 0.05234375 0.0484375
1 0.92734375 0.2296875 0.053125 0.04765625