1 0.5375 0.59296875 0.0484375 0.04921875
0 0.35703125 0.5828125 0.05234375 0.05078125
0 0.41328125 0.5796875 0.0515625 0.04921875
0 0.27421875 0.5296875 0.05078125 0.0484375
1 0.73046875 0.58515625 0.04765625 0.04765625
0 0.225 0.5921875 0.05234375 0.05078125
1 0.41328125 0.64609375 0.04921875 0.04921875
1 0.6 0.69296875 0.04765625 0.04921875
1 0.40625 0.70234375 0.05078125 0.04765625
1 0.53203125 0.64296875 0.05 0.0484375
1 0.41015625 0.52578125 0.0484375 0.0484375
1 0.72578125 0.64765625 0.05078125 0.05
1 0.6703125 0.58515625 0.04765625 0.05
0 0.2984375 0.63984375 0.0484375 0.05
1 0.4796875 0.771875 0.0515625 0.05
1 0.475 0.5875 0.0515625 0.05
0 0.17578125 0.58828125 0.05234375 0.0515625
1 0.29375 0.709375 0.05078125 0.05078125
0 0.53984375 0.53046875 0.04921875 0.046875
0 0.16796875 0.521875 0.053125 0.05078125
1 0.77890625 0.4046875 0.046875 0.04921875
1 0.659375 0.7015625 0.05078125 0.0484375
1 0.5921875 0.64296875 0.0484375 0.0484375
1 0.4046875 0.4671875 0.04921875 0.05078125
1 0.78359375 0.63125 0.0484375 0.05
0 0.27734375 0.478125 0.04921875 0.04765625
1 0.6 0.528125 0.0484375 0.05
0 0.15390625 0.63203125 0.05 0.05234375
1 0.4703125 0.53203125 0.05 0.05234375
1 0.3484375 0.7 0.04921875 0.05
0 0.64609375 0.46796875 0.04921875 0.04921875
1 0.6015625 0.7546875 0.05078125 0.0515625
1 0.34296875 0.42265625 0.04765625 0.0515625
0 0.221875 0.3921875 0.05 0.04765625
0 0.596875 0.46171875 0.05078125 0.05234375
1 0.78203125 0.71015625 0.0484375 0.04765625
0 0.35390625 0.5296875 0.053125 0.04765625
0 0.55078125 0.475 0.0484375 0.05
0 0.41875 0.39921875 0.04921875 0.04765625
1 0.53984375 0.7671875 0.05 0.05078125
1 0.23125 0.65859375 0.05078125 0.0484375
1 0.275 0.3578125 0.0484375 0.05
1 0.83515625 0.35078125 0.046875 0.04765625
1 0.83671875 0.70390625 0.04765625 0.04609375
0 0.46953125 0.46875 0.05 0.0484375
1 0.34921875 0.75625 0.05078125 0.0484375
1 0.33828125 0.478125 0.05078125 0.05
0 0.79375 0.58046875 0.0515625 0.04765625
1 0.23515625 0.7796875 0.04921875 0.0515625
0 0.9203125 0.5703125 0.0515625 0.05
1 0.92421875 0.74375 0.0484375 0.05
0 0.84296875 0.51875 0.05234375 0.0484375
1 0.7921875 0.5203125 0.05 0.04765625
1 0.7890625 0.76015625 0.04921875 0.04921875
1 0.73671875 0.76640625 0.05078125 0.05
0 0.16328125 0.34140625 0.05078125 0.05078125
1 0.16796875 0.71953125 0.05 0.0515625
0 0.91796875 0.690625 0.04921875 0.05078125
0 0.8375 0.459375 0.04921875 0.05
1 0.28203125 0.4171875 0.05 0.04921875
0 0.6546875 0.4078125 0.04765625 0.04765625
1 0.21640625 0.34140625 0.05 0.05
1 0.76875 0.2890625 0.046875 0.05078125
0 0.4046875 0.28515625 0.04921875 0.0484375
0 0.28203125 0.2765625 0.05078125 0.0515625
1 0.77421875 0.465625 0.04375 0.04609375
0 0.34140625 0.3578125 0.04921875 0.05
0 0.925 0.63984375 0.053125 0.05390625
1 0.46875 0.8296875 0.05 0.04921875
1 0.60546875 0.82578125 0.05 0.0484375
1 0.2953125 0.8296875 0.05078125 0.05
1 0.21640625 0.29140625 0.04921875 0.0484375
0 0.9625 0.45234375 0.04921875 0.0484375
0 0.721875 0.4046875 0.04921875 0.0484375
0 0.4625 0.2265625 0.0515625 0.053125
1 0.36015625 0.8203125 0.05078125 0.05
0 0.33515625 0.23125 0.0515625 0.05078125
0 0.909375 0.50859375 0.05078125 0.05078125
0 0.1546875 0.4671875 0.05234375 0.04140625
0 0.73359375 0.33671875 0.0484375 0.04765625
0 0.08203125 0.51640625 0.053125 0.05234375
0 0.53671875 0.2359375 0.0515625 0.05078125
0 0.3375 0.6359375 0.040625 0.0484375
1 0.8625 0.82109375 0.05 0.04921875
1 0.88515625 0.29296875 0.04921875 0.04921875
1 0.97578125 0.6453125 0.0484375 0.0515625
1 0.65546875 0.240625 0.04765625 0.0484375
0 0.9734375 0.5875 0.0484375 0.053125
1 0.51796875 0.834375 0.05 0.04921875
0 0.2203125 0.44375 0.05 0.053125
0 0.08828125 0.6296875 0.0546875 0.053125
1 0.84296875 0.4078125 0.05 0.04921875
0 0.10546875 0.39375 0.0515625 0.0484375
1 0.9703125 0.70390625 0.0484375 0.0515625
1 0.92265625 0.8171875 0.0484375 0.04921875
1 0.71328125 0.2953125 0.040625 0.04921875
0 0.2125 0.228125 0.05234375 0.05078125
0 0.97109375 0.4046875 0.05 0.04921875
1 0.978125 0.75234375 0.04375 0.0484375
1 0.7359375 0.87421875 0.0484375 0.04921875
1 0.66796875 0.8765625 0.05078125 0.05
0 0.16015625 0.2890625 0.0546875 0.046875
1 0.7984375 0.88359375 0.0484375 0.05
0 0.38828125 0.1796875 0.05234375 0.0515625
0 0.30625 0.1765625 0.04921875 0.05078125
0 0.46328125 0.16953125 0.053125 0.05234375
1 0.403125 0.8921875 0.0515625 0.05
1 0.86484375 0.22265625 0.05078125 0.05078125
0 0.9625 0.29296875 0.05234375 0.053125
1 0.94375 0.22734375 0.04921875 0.05078125
1 0.1046875 0.884375 0.04296875 0.04609375
0 0.8421875 0.56875 0.0421875 0.0390625
1 0.73125 0.46171875 0.04375 0.05
0 0.596875 0.40078125 0.0421875 0.05234375
0 0.475 0.3953125 0.0484375 0.04140625
1 0.21875 0.8703125 0.046875 0.05390625
0 0.90078125 0.40234375 0.04609375 0.04296875
0 0.4828125 0.26640625 0.03984375 0.04296875
0 0.6734375 0.29296875 0.0375 0.04921875
0 0.88828125 0.3546875 0.0375 0.04375
0 0.6078125 0.34140625 0.04140625 0.03828125
0 0.6015625 0.22734375 0.07109375 0.07109375
1 0.12265625 0.946875 0.04140625 0.0453125
0 0.96796875 0.796875 0.0453125 0.04453125
1 0.66328125 0.52265625 0.0609375 0.06015625
1 0.85234375 0.6359375 0.059375 0.06171875
1 0.4125 0.76328125 0.0625 0.0640625
1 0.15703125 0.81953125 0.06171875 0.06328125