0 0.55078125 0.45078125 0.0453125 0.0515625
1 0.3421875 0.44921875 0.05078125 0.05234375
0 0.65 0.54921875 0.05078125 0.05234375
0 0.44609375 0.4515625 0.05 0.05234375
0 0.6046875 0.50703125 0.05 0.05078125
1 0.2921875 0.45078125 0.04765625 0.05078125
0 0.70234375 0.5546875 0.0515625 0.05234375
0 0.45703125 0.2921875 0.05 0.053125
0 0.65078125 0.60390625 0.04921875 0.0515625
0 0.34453125 0.3 0.05078125 0.05234375
0 0.39296875 0.44609375 0.05078125 0.053125
0 0.5015625 0.24296875 0.05 0.0515625
0 0.653125 0.496875 0.05078125 0.053125
0 0.45390625 0.553125 0.04921875 0.0515625
0 0.40703125 0.30390625 0.05 0.053125
0 0.55 0.6078125 0.0484375 0.0515625
0 0.35078125 0.35078125 0.05078125 0.05234375
0 0.4515625 0.60234375 0.05078125 0.05234375
0 0.75859375 0.65390625 0.0515625 0.053125
0 0.5015625 0.50625 0.05 0.0515625
0 0.6546875 0.24453125 0.04921875 0.05234375
0 0.50234375 0.34453125 0.0484375 0.05
0 0.39453125 0.39296875 0.05078125 0.0515625
0 0.44765625 0.34765625 0.05 0.0515625
0 0.75234375 0.54921875 0.05 0.05078125
0 0.55390625 0.2421875 0.04921875 0.0515625
0 0.24609375 0.340625 0.05 0.05234375
0 0.240625 0.4453125 0.0515625 0.05234375
0 0.34765625 0.54453125 0.05 0.05234375
0 0.5 0.6078125 0.05 0.05078125
0 0.24375 0.39375 0.05 0.05234375
0 0.2390625 0.546875 0.0515625 0.053125
0 0.39921875 0.66328125 0.04765625 0.05
0 0.80625 0.55625 0.05 0.05078125
0 0.50234375 0.55625 0.0515625 0.0515625
0 0.60234375 0.24375 0.05 0.05234375
0 0.29609375 0.55078125 0.05078125 0.05234375
0 0.5609375 0.39453125 0.0484375 0.0515625
0 0.18671875 0.43984375 0.05234375 0.053125
0 0.1890625 0.49765625 0.05234375 0.05234375
0 0.803125 0.4046875 0.0515625 0.053125
0 0.80703125 0.66015625 0.0515625 0.053125
0 0.7 0.2984375 0.05 0.0515625
0 0.35234375 0.65859375 0.0515625 0.0546875
0 0.29375 0.65703125 0.05078125 0.05390625
0 0.81015625 0.50546875 0.05 0.05234375
0 0.13984375 0.3421875 0.0515625 0.05390625
0 0.4390625 0.7671875 0.0515625 0.053125
0 0.75078125 0.39921875 0.05078125 0.0515625
0 0.1921875 0.6046875 0.05078125 0.05390625
0 0.24375 0.65546875 0.05234375 0.05390625
0 0.35 0.24921875 0.05078125 0.0515625
0 0.19765625 0.66015625 0.0515625 0.0546875
1 0.55546875 0.81328125 0.05 0.05234375
0 0.75625 0.77109375 0.05234375 0.05234375
0 0.86015625 0.66484375 0.0515625 0.053125
0 0.4453125 0.6546875 0.05078125 0.053125
0 0.44453125 0.70546875 0.05078125 0.05390625
0 0.5484375 0.709375 0.05 0.05234375
1 0.5484375 0.18515625 0.0484375 0.05234375
0 0.7578125 0.29609375 0.04921875 0.0515625
0 0.7625 0.7203125 0.05234375 0.05390625
0 0.75859375 0.24375 0.0515625 0.05390625
1 0.8546875 0.5609375 0.0515625 0.05390625
0 0.50234375 0.8171875 0.0515625 0.05390625
0 0.49921875 0.709375 0.05078125 0.05234375
0 0.45 0.18984375 0.05078125 0.05078125
0 0.8015625 0.4546875 0.0515625 0.0515625
0 0.1375 0.19375 0.05 0.053125
0 0.14453125 0.39296875 0.0515625 0.0546875
0 0.2421875 0.7078125 0.05234375 0.053125
0 0.13984375 0.2859375 0.0515625 0.053125
0 0.284375 0.7609375 0.0515625 0.05390625
0 0.396875 0.7140625 0.05078125 0.05234375
0 0.86171875 0.765625 0.05 0.0546875
0 0.2921875 0.24765625 0.04921875 0.05078125
0 0.9109375 0.76640625 0.0484375 0.0546875
0 0.44375 0.8203125 0.05078125 0.0515625
0 0.59609375 0.19140625 0.0515625 0.05234375
1 0.85546875 0.6140625 0.0515625 0.05390625
0 0.91484375 0.709375 0.053125 0.05546875
0 0.18984375 0.24609375 0.05078125 0.05234375
0 0.09140625 0.23125 0.05 0.0515625
0 0.34453125 0.8109375 0.05 0.05078125
0 0.80625 0.353125 0.05078125 0.05390625
0 0.8125 0.8171875 0.05234375 0.053125
0 0.4984375 0.86796875 0.05234375 0.0546875
1 0.8140625 0.871875 0.0515625 0.05390625
0 0.29609375 0.81171875 0.05 0.053125
0 0.753125 0.82109375 0.05234375 0.05390625
0 0.8609375 0.81640625 0.05234375 0.053125
0 0.65546875 0.86953125 0.05078125 0.05390625
0 0.75859375 0.87265625 0.053125 0.05390625
0 0.19375 0.14609375 0.05078125 0.053125
0 0.85 0.4546875 0.05078125 0.05234375
0 0.71171875 0.88203125 0.05078125 0.05234375
0 0.65546875 0.35078125 0.0484375 0.05078125
1 0.86484375 0.86640625 0.0515625 0.053125
1 0.7046875 0.765625 0.05078125 0.053125
0 0.34375 0.8625 0.05 0.05234375
0 0.08515625 0.134375 0.05078125 0.05390625
0 0.0375 0.18359375 0.05 0.05234375
0 0.503125 0.9203125 0.05234375 0.053125
1 0.28671875 0.86328125 0.0515625 0.0546875
1 0.7046875 0.93125 0.05078125 0.05390625
0 0.96015625 0.76953125 0.053125 0.05546875
0 0.45078125 0.9171875 0.05078125 0.05078125
0 0.4546875 0.1359375 0.05 0.05234375
0 0.9640625 0.71171875 0.0515625 0.0546875
0 0.9625 0.82109375 0.05234375 0.05390625
1 0.3421875 0.19921875 0.05078125 0.0515625
1 0.603125 0.559375 0.05 0.0515625
1 0.1875 0.55 0.05078125 0.053125
0 0.8 0.921875 0.053125 0.05625
1 0.44765625 0.50234375 0.05078125 0.0515625
1 0.2375 0.4953125 0.05078125 0.053125
1 0.39921875 0.49765625 0.05078125 0.053125
1 0.65703125 0.65546875 0.05078125 0.05390625
0 0.08828125 0.084375 0.0515625 0.053125
1 0.49375 0.65859375 0.05078125 0.053125
0 0.34296875 0.9140625 0.05234375 0.05234375
0 0.8578125 0.92109375 0.0515625 0.05390625
1 0.3875 0.76953125 0.0515625 0.0546875
1 0.553125 0.503125 0.05078125 0.05234375
1 0.29296875 0.71015625 0.0515625 0.0546875
1 0.60078125 0.609375 0.0515625 0.053125
1 0.6109375 0.665625 0.05078125 0.05390625
1 0.13828125 0.55 0.05234375 0.0546875
1 0.13828125 0.44375 0.053125 0.0546875
1 0.69921875 0.60703125 0.05078125 0.05390625
1 0.18515625 0.1953125 0.05078125 0.05234375
1 0.7453125 0.6 0.05 0.053125
1 0.09140625 0.28203125 0.05078125 0.053125
1 0.55546875 0.55703125 0.05078125 0.05234375
1 0.13828125 0.5 0.053125 0.0546875
1 0.8515625 0.40390625 0.05078125 0.05390625
1 0.3421875 0.39921875 0.05078125 0.05234375
1 0.30390625 0.5 0.0515625 0.05
1 0.340625 0.709375 0.05078125 0.05390625
1 0.80625 0.25 0.05 0.0546875
1 0.70234375 0.24765625 0.05078125 0.05234375
1 0.1890625 0.715625 0.053125 0.0546875
1 0.54765625 0.7640625 0.05078125 0.053125
1 0.70625 0.66484375 0.05078125 0.0546875
1 0.5484375 0.6578125 0.05078125 0.053125
1 0.23671875 0.7609375 0.05234375 0.0546875
1 0.70546875 0.8265625 0.05234375 0.05546875
1 0.91328125 0.86796875 0.04765625 0.04921875
1 0.13828125 0.14296875 0.05078125 0.053125
0 0.55390625 0.965625 0.05078125 0.05546875
1 0.3390625 0.76015625 0.05234375 0.053125
1 0.40234375 0.253125 0.05 0.05234375
1 0.45390625 0.24140625 0.05 0.05234375
1 0.39140625 0.8203125 0.05 0.04921875
1 0.703125 0.19609375 0.05 0.05078125
1 0.553125 0.86328125 0.0515625 0.053125
1 0.909375 0.9203125 0.05234375 0.05546875
1 0.23359375 0.19140625 0.05 0.053125
1 0.8046875 0.609375 0.05078125 0.053125
1 0.13359375 0.6609375 0.0515625 0.0515625
1 0.13671875 0.6046875 0.05234375 0.0546875
1 0.4984375 0.76484375 0.05078125 0.053125
1 0.86171875 0.50703125 0.05234375 0.0546875
1 0.64921875 0.1828125 0.04921875 0.05234375
1 0.396875 0.54921875 0.0515625 0.0515625
1 0.60078125 0.71484375 0.05 0.05234375
1 0.6046875 0.45625 0.05078125 0.0515625
1 0.91328125 0.6578125 0.05234375 0.0546875
1 0.50234375 0.1890625 0.04921875 0.053125
1 0.08515625 0.3453125 0.0515625 0.05390625
1 0.7171875 0.7171875 0.05078125 0.053125
1 0.85703125 0.35390625 0.05078125 0.0515625
1 0.81171875 0.7140625 0.05078125 0.053125
1 0.4 0.8703125 0.05234375 0.0546875
1 0.29375 0.346875 0.05 0.0515625
1 0.7515625 0.190625 0.04921875 0.0515625
1 0.04140625 0.234375 0.05234375 0.0546875
1 0.40390625 0.2015625 0.05 0.0515625
1 0.246875 0.8140625 0.053125 0.0546875
1 0.29140625 0.19375 0.05078125 0.053125
1 0.8109375 0.3015625 0.05078125 0.0515625
1 0.9078125 0.60625 0.05234375 0.05546875
1 0.896875 0.45546875 0.0515625 0.0546875
1 0.9140625 0.81875 0.05234375 0.05546875
1 0.13515625 0.71328125 0.05390625 0.05234375
1 0.55546875 0.91328125 0.0515625 0.053125
0 0.5015625 0.97421875 0.05 0.05
1 0.190625 0.80625 0.0515625 0.0546875
1 0.3984375 0.92265625 0.053125 0.05390625
1 0.08828125 0.39921875 0.0515625 0.053125
1 0.0375 0.2859375 0.0515625 0.0546875
1 0.13515625 0.09453125 0.0515625 0.0546875
1 0.2 0.096875 0.05078125 0.0515625
1 0.80390625 0.19609375 0.05 0.0515625
1 0.9625 0.6578125 0.0515625 0.05625
1 0.7515625 0.925 0.0515625 0.0546875
1 0.60390625 0.13828125 0.05 0.05234375
1 0.553125 0.12890625 0.05 0.053125
1 0.659375 0.925 0.0515625 0.0546875
1 0.2875 0.915625 0.05234375 0.05546875
1 0.96015625 0.87421875 0.05078125 0.0546875
1 0.40625 0.9734375 0.05 0.05234375
1 0.603125 0.96484375 0.0515625 0.05546875
1 0.453125 0.975 0.046875 0.05
1 0.38203125 0.08984375 0.05078125 0.0515625
1 0.14140625 0.0359375 0.05078125 0.0546875
1 0.80859375 0.97421875 0.0515625 0.0515625
0 0.03203125 0.04140625 0.05 0.053125