0 0.4359375 0.56640625 0.0578125 0.06328125
1 0.0546875 0.42421875 0.059375 0.0625
0 0.21640625 0.56015625 0.059375 0.0609375
0 0.4953125 0.64375 0.05859375 0.06015625
0 0.2796875 0.4828125 0.05859375 0.0609375
0 0.3484375 0.64921875 0.05859375 0.0609375
0 0.4125 0.646875 0.0578125 0.0609375
0 0.48828125 0.71953125 0.05859375 0.06015625
0 0.3484375 0.46953125 0.0578125 0.0609375
0 0.2734375 0.6375 0.06015625 0.06015625
0 0.209375 0.64609375 0.059375 0.0609375
0 0.115625 0.61640625 0.0609375 0.0625
1 0.121875 0.496875 0.06015625 0.0609375
0 0.04921875 0.5671875 0.06015625 0.06171875
0 0.05 0.4984375 0.06015625 0.0625
0 0.19921875 0.7203125 0.059375 0.0625
0 0.271875 0.709375 0.059375 0.06171875
0 0.4140625 0.78671875 0.059375 0.0625
0 0.484375 0.7859375 0.05859375 0.06171875
0 0.1203125 0.78671875 0.0609375 0.0625
0 0.325 0.80546875 0.06015625 0.06015625
1 0.6578125 0.7875 0.05859375 0.06171875
0 0.03359375 0.7125 0.06015625 0.0625
0 0.0375 0.628125 0.0609375 0.06328125
0 0.25390625 0.79765625 0.0609375 0.06171875
1 0.5578125 0.7859375 0.05859375 0.06328125
0 0.6578125 0.86484375 0.05859375 0.0625
0 0.56015625 0.85625 0.059375 0.06328125
1 0.12890625 0.5578125 0.0609375 0.06171875
0 0.040625 0.8 0.059375 0.06171875
0 0.48515625 0.8640625 0.06015625 0.06328125
0 0.41484375 0.86796875 0.059375 0.0625
0 0.33125 0.89375 0.06015625 0.0625
0 0.12109375 0.87109375 0.0609375 0.06328125
0 0.2390625 0.87265625 0.06015625 0.06328125
0 0.1796875 0.87421875 0.06015625 0.0625
0 0.05 0.88984375 0.06171875 0.0625
0 0.5015625 0.940625 0.06015625 0.0640625
1 0.18828125 0.934375 0.06015625 0.0640625
0 0.7078125 0.946875 0.06015625 0.0640625
0 0.31796875 0.95625 0.06171875 0.0625
0 0.6453125 0.953125 0.06015625 0.06328125
0 0.24609375 0.94609375 0.0609375 0.0640625
0 0.03359375 0.95234375 0.06015625 0.0625