1 0.4453125 0.45546875 0.0515625 0.05234375
0 0.0421875 0.1921875 0.0484375 0.05078125
1 0.5421875 0.45625 0.05 0.05
0 0.09296875 0.296875 0.0484375 0.05078125
1 0.4984375 0.39921875 0.05078125 0.05078125
0 0.09375 0.24375 0.04921875 0.0515625
1 0.44296875 0.4015625 0.05078125 0.05078125
0 0.0421875 0.45078125 0.0484375 0.04921875
1 0.39609375 0.55546875 0.04765625 0.05078125
1 0.34453125 0.396875 0.04765625 0.04921875
0 0.04140625 0.2453125 0.04921875 0.0515625
1 0.60078125 0.50390625 0.05 0.04921875
0 0.04609375 0.34140625 0.05 0.05
0 0.24453125 0.140625 0.0515625 0.05078125
0 0.0953125 0.39765625 0.0484375 0.04921875
1 0.5953125 0.45078125 0.05 0.05
0 0.23671875 0.1875 0.0515625 0.0484375
1 0.49375 0.603125 0.04921875 0.05
1 0.44765625 0.34296875 0.04921875 0.05078125
1 0.30234375 0.49453125 0.04921875 0.05
0 0.18984375 0.28984375 0.04921875 0.05
1 0.40078125 0.35234375 0.04765625 0.05
1 0.44375 0.7046875 0.05078125 0.04921875
0 0.1421875 0.2453125 0.05078125 0.05078125
1 0.70625 0.5 0.05 0.05
0 0.1421875 0.3453125 0.04921875 0.04921875
1 0.709375 0.3921875 0.0515625 0.05
0 0.3 0.13671875 0.04921875 0.05078125
1 0.34140625 0.60078125 0.0484375 0.05
1 0.34765625 0.54375 0.04921875 0.05
1 0.3890625 0.7078125 0.04765625 0.05
0 0.96328125 0.190625 0.05234375 0.05234375
1 0.49609375 0.70234375 0.0484375 0.04765625
0 0.14453125 0.45 0.04921875 0.04765625
1 0.34921875 0.4953125 0.04921875 0.05
1 0.64375 0.553125 0.0515625 0.05078125
1 0.64921875 0.50234375 0.04921875 0.05
0 0.29921875 0.246875 0.04921875 0.04765625
1 0.55546875 0.6546875 0.04921875 0.04921875
0 0.865625 0.18984375 0.05078125 0.05078125
1 0.50703125 0.34453125 0.0484375 0.05
1 0.60703125 0.65390625 0.04921875 0.05
1 0.24296875 0.43828125 0.04921875 0.05078125
1 0.4375 0.6546875 0.04921875 0.0484375
1 0.6046875 0.39609375 0.05078125 0.05
0 0.1921875 0.34296875 0.04921875 0.05
1 0.6515625 0.4515625 0.05 0.05
1 0.76015625 0.3515625 0.0515625 0.05078125
0 0.6578125 0.09453125 0.05 0.05
1 0.5 0.653125 0.04921875 0.04921875
0 0.7609375 0.2421875 0.05 0.05
1 0.14296875 0.7046875 0.04921875 0.05
0 0.91484375 0.184375 0.0515625 0.0515625
1 0.596875 0.6046875 0.04921875 0.04921875
1 0.44140625 0.2359375 0.04765625 0.05078125
1 0.8609375 0.29140625 0.04921875 0.0515625
0 0.09609375 0.45234375 0.05 0.0484375
1 0.4984375 0.5515625 0.05 0.05078125
0 0.39765625 0.1359375 0.05 0.04921875
0 0.81875 0.13828125 0.04921875 0.05
1 0.3421875 0.65 0.04765625 0.04921875
1 0.69296875 0.55546875 0.04921875 0.05
0 0.50078125 0.2421875 0.05078125 0.04921875
1 0.865625 0.3453125 0.05 0.0515625
1 0.765625 0.2921875 0.05078125 0.05078125
0 0.39765625 0.19140625 0.05 0.05
0 0.5546875 0.25 0.05078125 0.05
1 0.7515625 0.8109375 0.05078125 0.04921875
1 0.6953125 0.70625 0.0484375 0.04921875
0 0.66484375 0.1953125 0.05 0.05
1 0.753125 0.65546875 0.04921875 0.05078125
0 0.196875 0.3984375 0.05078125 0.05078125
1 0.690625 0.815625 0.04765625 0.04921875
1 0.19609375 0.8046875 0.05 0.04921875
1 0.29140625 0.603125 0.04765625 0.05
0 0.609375 0.29765625 0.04921875 0.04921875
0 0.35078125 0.1375 0.04921875 0.0484375
0 0.39609375 0.24765625 0.0484375 0.04921875
0 0.9578125 0.40625 0.05234375 0.05078125
0 0.2953125 0.346875 0.05 0.046875
1 0.75390625 0.7625 0.05 0.04921875
1 0.2875 0.55390625 0.04609375 0.04921875
0 0.09140625 0.50078125 0.0484375 0.046875
1 0.09140625 0.69765625 0.04765625 0.05078125
1 0.6421875 0.80625 0.05078125 0.05
0 0.34921875 0.1875 0.04921875 0.05
1 0.7046875 0.659375 0.0484375 0.05078125
1 0.8140625 0.2984375 0.04921875 0.05078125
0 0.6609375 0.29609375 0.05 0.04921875
0 0.3515625 0.35 0.04921875 0.04765625
1 0.75546875 0.7109375 0.05 0.05
0 0.95625 0.45546875 0.05078125 0.0515625
0 0.34375 0.29921875 0.05 0.04765625
1 0.6578125 0.65703125 0.0484375 0.05
1 0.4984375 0.1921875 0.0484375 0.04921875
1 0.14296875 0.496875 0.04921875 0.05
1 0.184375 0.13515625 0.04921875 0.05234375
0 0.2921875 0.2953125 0.05 0.0484375
1 0.13125 0.80390625 0.0484375 0.0484375
1 0.909375 0.23828125 0.046875 0.05
0 0.146875 0.546875 0.0484375 0.04921875
0 0.715625 0.29453125 0.0484375 0.0484375
1 0.1921875 0.7546875 0.0484375 0.05
0 0.66328125 0.03828125 0.053125 0.05
0 0.4 0.296875 0.0484375 0.04921875
1 0.64140625 0.75625 0.04921875 0.05
0 0.75859375 0.40078125 0.05078125 0.05
0 0.659375 0.353125 0.05 0.04921875
0 0.24375 0.5984375 0.04921875 0.05
0 0.14921875 0.60078125 0.046875 0.05
0 0.87578125 0.08125 0.05 0.05
1 0.86015625 0.240625 0.05078125 0.0515625
0 0.13515625 0.6578125 0.04921875 0.04921875
1 0.96328125 0.353125 0.05078125 0.0515625
1 0.24375 0.853125 0.05 0.0515625
1 0.44765625 0.134375 0.04921875 0.05
1 0.55546875 0.0921875 0.05078125 0.0484375
0 0.7671875 0.0828125 0.05078125 0.04921875
1 0.08515625 0.8078125 0.04765625 0.04921875
1 0.9625 0.24609375 0.05078125 0.0515625
0 0.90703125 0.5484375 0.0484375 0.04921875
0 0.909375 0.4 0.05 0.05078125
1 0.0453125 0.69140625 0.046875 0.04921875
0 0.75625 0.45703125 0.04921875 0.04921875
0 0.85703125 0.44921875 0.04921875 0.04921875
0 0.09609375 0.596875 0.04921875 0.04765625
1 0.18515625 0.8625 0.0484375 0.05
1 0.04375 0.49765625 0.046875 0.0484375
1 0.0421875 0.63984375 0.046875 0.04921875
1 0.6953125 0.871875 0.0484375 0.05
1 0.9109375 0.353125 0.0484375 0.05078125
1 0.0875 0.13828125 0.046875 0.04921875
1 0.29375 0.0875 0.0484375 0.0484375
1 0.23203125 0.90625 0.04921875 0.05
1 0.24140625 0.09140625 0.0484375 0.05
1 0.43671875 0.08515625 0.04921875 0.04921875
0 0.853125 0.6 0.04921875 0.04921875
1 0.03984375 0.14140625 0.046875 0.04921875
1 0.03125 0.76015625 0.0484375 0.05
1 0.38828125 0.08125 0.0484375 0.04921875
0 0.19453125 0.6546875 0.05 0.05
0 0.81171875 0.4078125 0.05078125 0.04921875
1 0.290625 0.90703125 0.04921875 0.04921875
0 0.859375 0.3984375 0.05 0.0515625
0 0.64375 0.6078125 0.04921875 0.04921875
0 0.24296875 0.6546875 0.05078125 0.04921875
0 0.95625 0.61640625 0.05 0.05078125
0 0.29375 0.65 0.0484375 0.04921875
0 0.84921875 0.5 0.04921875 0.04921875
0 0.09765625 0.54921875 0.04921875 0.046875
0 0.8 0.6546875 0.04921875 0.04921875
0 0.75078125 0.5546875 0.05 0.04765625
0 0.2 0.70234375 0.05 0.05
0 0.3421875 0.70234375 0.04921875 0.04921875
1 0.18671875 0.915625 0.0484375 0.046875
1 0.6859375 0.9171875 0.04921875 0.05
0 0.90078125 0.71015625 0.05 0.05078125
1 0.18828125 0.08515625 0.04765625 0.04765625
0 0.3015625 0.75703125 0.05 0.0484375
1 0.58671875 0.9578125 0.04921875 0.05
1 0.6140625 0.04609375 0.04921875 0.04765625
0 0.753125 0.50625 0.0515625 0.05078125
0 0.85078125 0.7 0.04921875 0.0515625
0 0.24765625 0.709375 0.04921875 0.04921875
0 0.3859375 0.759375 0.0484375 0.04765625
0 0.74921875 0.60234375 0.0484375 0.0484375
0 0.803125 0.5109375 0.05234375 0.0484375
1 0.2875 0.95703125 0.05 0.05
0 0.23984375 0.75703125 0.0515625 0.04921875
1 0.56484375 0.0421875 0.05 0.0484375
1 0.6375 0.9203125 0.05 0.05078125
1 0.69375 0.965625 0.04921875 0.05078125
0 0.96171875 0.753125 0.0484375 0.05
0 0.43515625 0.76015625 0.05 0.0484375
0 0.553125 0.7078125 0.04921875 0.0484375
0 0.496875 0.7609375 0.0484375 0.0484375
0 0.696875 0.6046875 0.0484375 0.05
0 0.34140625 0.80546875 0.05078125 0.0484375
0 0.8015625 0.71484375 0.05 0.04921875
0 0.90234375 0.8640625 0.05 0.05
0 0.646875 0.7078125 0.04765625 0.04921875
0 0.84921875 0.759375 0.04921875 0.04921875
0 0.80078125 0.7640625 0.05 0.04921875
1 0.18671875 0.9640625 0.04921875 0.04921875
0 0.24296875 0.80390625 0.05 0.046875
1 0.13046875 0.95625 0.04921875 0.04921875
1 0.646875 0.965625 0.046875 0.04921875
0 0.44453125 0.81171875 0.04921875 0.0484375
1 0.7421875 0.9671875 0.04921875 0.05
0 0.5984375 0.7046875 0.046875 0.04921875
0 0.49765625 0.8140625 0.04921875 0.0484375
0 0.29765625 0.8484375 0.05 0.04765625
1 0.0265625 0.90703125 0.0484375 0.05
0 0.59375 0.76015625 0.04765625 0.0484375
0 0.546875 0.7609375 0.0484375 0.0484375
0 0.49375 0.865625 0.04921875 0.0484375
0 0.33828125 0.9015625 0.05078125 0.04921875
0 0.84453125 0.81875 0.04921875 0.04921875
0 0.39375 0.853125 0.04765625 0.04765625
1 0.03125 0.9546875 0.04921875 0.05
0 0.5859375 0.80859375 0.0484375 0.04765625
0 0.4390625 0.91328125 0.0484375 0.046875
0 0.753125 0.8578125 0.05078125 0.05078125
0 0.5984375 0.8640625 0.04921875 0.0484375
0 0.646875 0.86875 0.04765625 0.04765625
0 0.7953125 0.91875 0.04765625 0.04921875
0 0.7375 0.9203125 0.05 0.0484375
0 0.95234375 0.91484375 0.0484375 0.04921875
0 0.34453125 0.85390625 0.05078125 0.05
0 0.54296875 0.9140625 0.0484375 0.04765625
0 0.84921875 0.86875 0.0484375 0.0484375
0 0.7984375 0.8140625 0.05078125 0.04921875
0 0.590625 0.90859375 0.04765625 0.0484375
0 0.7984375 0.86328125 0.04921875 0.05
0 0.3375 0.959375 0.04921875 0.0484375
0 0.78828125 0.97265625 0.05 0.0484375
0 0.48671875 0.965625 0.0484375 0.0484375
0 0.5375 0.9625 0.0484375 0.0484375
0 0.89765625 0.975 0.05 0.04765625
1 0.4984375 0.14296875 0.046875 0.046875
1 0.5515625 0.140625 0.0453125 0.046875
1 0.446875 0.29375 0.0484375 0.05078125
1 0.4984375 0.29140625 0.04921875 0.05234375
1 0.5484375 0.2984375 0.046875 0.0484375
1 0.0921875 0.190625 0.0484375 0.0484375
1 0.13828125 0.19609375 0.04453125 0.05078125
1 0.18515625 0.1921875 0.046875 0.0484375
1 0.19765625 0.2390625 0.04921875 0.0484375
1 0.24453125 0.2359375 0.04921875 0.0453125
1 0.2390625 0.2828125 0.0484375 0.0484375
1 0.23984375 0.334375 0.04453125 0.04921875
1 0.2421875 0.384375 0.046875 0.046875
1 0.296875 0.396875 0.046875 0.05078125
1 0.2984375 0.44609375 0.04921875 0.0484375
1 0.19375 0.4546875 0.04921875 0.0484375
1 0.19375 0.5015625 0.04921875 0.046875
1 0.0375 0.54765625 0.0484375 0.0453125
1 0.0484375 0.59375 0.046875 0.04921875
1 0.19375 0.55390625 0.0453125 0.0484375
1 0.240625 0.5484375 0.0484375 0.05078125
1 0.196875 0.603125 0.046875 0.05078125
1 0.60546875 0.346875 0.046875 0.0484375
1 0.70859375 0.34296875 0.04921875 0.0484375
1 0.6578125 0.40390625 0.05234375 0.04921875
0 0.81640625 0.35 0.04921875 0.053125
0 0.6078125 0.09765625 0.05234375 0.04921875
0 0.603125 0.14609375 0.05234375 0.046875
0 0.56015625 0.18984375 0.04921875 0.0546875
0 0.6109375 0.19375 0.04921875 0.05234375
0 0.08984375 0.64453125 0.0453125 0.046875
1 0.446875 0.1875 0.046875 0.046875
1 0.34140625 0.0890625 0.046875 0.05078125
1 0.8109375 0.24765625 0.04765625 0.0515625