0 0.246875 0.85625 0.0484375 0.05078125
1 0.26875 0.478125 0.04921875 0.0515625
1 0.534375 0.48046875 0.05078125 0.0515625
1 0.415625 0.4890625 0.05078125 0.05234375
1 0.16953125 0.38671875 0.05 0.05078125
1 0.13125 0.2859375 0.04921875 0.05
1 0.23203125 0.275 0.05 0.04921875
0 0.1421875 0.7890625 0.0515625 0.05234375
1 0.2203125 0.3859375 0.05078125 0.0515625
1 0.140625 0.1859375 0.04921875 0.05
1 0.12578125 0.3359375 0.05078125 0.05234375
1 0.4671875 0.53125 0.05078125 0.0515625
1 0.58125 0.4875 0.05 0.05078125
1 0.1875 0.178125 0.05 0.05
1 0.796875 0.271875 0.05078125 0.04921875
1 0.18203125 0.22890625 0.05 0.05
1 0.73046875 0.2875 0.0515625 0.0515625
1 0.271875 0.5328125 0.05078125 0.0515625
1 0.5296875 0.5375 0.05078125 0.05078125
0 0.51796875 0.8609375 0.05 0.05
1 0.63203125 0.38515625 0.05078125 0.05
1 0.3140625 0.49375 0.04921875 0.05234375
1 0.09140625 0.18515625 0.04921875 0.05
1 0.834375 0.69296875 0.05234375 0.05234375
1 0.17890625 0.27890625 0.05 0.04921875
1 0.22109375 0.4359375 0.0515625 0.0515625
1 0.7375 0.4875 0.0515625 0.05234375
1 0.284375 0.37109375 0.05 0.05
1 0.7921875 0.484375 0.05234375 0.0515625
1 0.89296875 0.4703125 0.05234375 0.05078125
1 0.6765625 0.334375 0.05078125 0.05
1 0.26328125 0.58125 0.05 0.05078125
1 0.89765625 0.3203125 0.05078125 0.05234375
1 0.94375 0.434375 0.05 0.0515625
1 0.853125 0.271875 0.05078125 0.04921875
1 0.89921875 0.52265625 0.0515625 0.0515625
1 0.85390625 0.22109375 0.05 0.04921875
1 0.2296875 0.32578125 0.0515625 0.05078125
1 0.17734375 0.12890625 0.04921875 0.05
1 0.79453125 0.33203125 0.05078125 0.05
1 0.68828125 0.228125 0.0484375 0.04921875
1 0.12890625 0.1296875 0.04921875 0.0515625
0 0.8296875 0.9578125 0.05234375 0.053125
1 0.8078125 0.175 0.05 0.04921875
0 0.728125 0.9734375 0.05390625 0.05234375
1 0.9015625 0.58125 0.053125 0.05390625
1 0.3140625 0.590625 0.0515625 0.0515625
1 0.803125 0.12578125 0.05 0.04921875
1 0.840625 0.534375 0.053125 0.05234375
1 0.5328125 0.27734375 0.0484375 0.04921875
1 0.9390625 0.490625 0.05078125 0.0515625
1 0.36328125 0.490625 0.0515625 0.0515625
1 0.434375 0.33515625 0.05 0.0515625
1 0.23359375 0.1203125 0.0484375 0.04921875
1 0.90234375 0.16875 0.05 0.0515625
1 0.6390625 0.2265625 0.0484375 0.05
1 0.47265625 0.5875 0.05078125 0.0515625
1 0.846875 0.325 0.05 0.0515625
1 0.78984375 0.53671875 0.05078125 0.05078125
1 0.88828125 0.803125 0.053125 0.0546875
1 0.784375 0.74453125 0.05234375 0.05234375
1 0.7328125 0.7546875 0.05234375 0.053125
1 0.3875 0.27890625 0.04921875 0.04921875
1 0.78671875 0.3828125 0.05078125 0.05
0 0.35234375 0.80625 0.05 0.0515625
1 0.61875 0.4359375 0.05078125 0.0515625
1 0.85625 0.17421875 0.0484375 0.05
1 0.5171875 0.69453125 0.05234375 0.05234375
1 0.58203125 0.28203125 0.04765625 0.05
1 0.95390625 0.5890625 0.0515625 0.05078125
1 0.18515625 0.07890625 0.04921875 0.0484375
0 0.24765625 0.79609375 0.05078125 0.05390625
1 0.46015625 0.69296875 0.05234375 0.053125
1 0.4828125 0.32734375 0.04765625 0.04921875
1 0.82109375 0.58125 0.05234375 0.0515625
1 0.6140625 0.6359375 0.05 0.0515625
0 0.10859375 0.6828125 0.0515625 0.05234375
1 0.7453125 0.178125 0.0484375 0.0484375
1 0.47734375 0.16953125 0.0484375 0.0484375
1 0.7953125 0.078125 0.04921875 0.04765625
1 0.7765625 0.63828125 0.0515625 0.05234375
1 0.521875 0.58671875 0.05078125 0.0515625
1 0.52421875 0.15703125 0.0484375 0.04765625
1 0.40859375 0.69609375 0.05234375 0.053125
1 0.3421875 0.378125 0.05 0.05
1 0.675 0.6390625 0.053125 0.05390625
0 0.0703125 0.4796875 0.04921875 0.05
1 0.43203125 0.21484375 0.0484375 0.04765625
1 0.58984375 0.13359375 0.0484375 0.04921875
1 0.6359375 0.1265625 0.046875 0.0484375
1 0.8375 0.79609375 0.0515625 0.05078125
1 0.69609375 0.12421875 0.04921875 0.04921875
1 0.359375 0.69609375 0.05390625 0.053125
1 0.66953125 0.690625 0.05078125 0.0515625
1 0.71875 0.69453125 0.0515625 0.05234375
1 0.309375 0.640625 0.05234375 0.05234375
1 0.834375 0.74375 0.05078125 0.0515625
0 0.73046875 0.9140625 0.053125 0.05390625
0 0.15625 0.58125 0.05078125 0.0515625
1 0.7234375 0.6421875 0.0515625 0.05234375
1 0.14375 0.0328125 0.046875 0.046875
1 0.4671875 0.74296875 0.0515625 0.0515625
1 0.35703125 0.64609375 0.0515625 0.05234375
1 0.88359375 0.8546875 0.0546875 0.053125
1 0.2828125 0.1234375 0.04921875 0.05
1 0.959375 0.64296875 0.05390625 0.05390625
0 0.7875 0.903125 0.05234375 0.0515625
1 0.19140625 0.03125 0.0484375 0.04765625
1 0.94140625 0.7546875 0.053125 0.05625
0 0.45390625 0.8015625 0.05 0.0515625
0 0.6203125 0.86015625 0.0515625 0.05234375
0 0.5640625 0.79921875 0.05 0.05078125
0 0.3109375 0.74453125 0.0515625 0.05234375
0 0.40546875 0.7984375 0.05078125 0.05234375
0 0.209375 0.5875 0.0515625 0.0515625
1 0.8953125 0.90703125 0.05390625 0.053125
0 0.115625 0.4359375 0.05078125 0.0515625
0 0.5171875 0.74453125 0.05078125 0.0515625
0 0.84453125 0.90234375 0.053125 0.05234375
0 0.25703125 0.68515625 0.05078125 0.05234375
0 0.0734375 0.38359375 0.04921875 0.05078125
1 0.8078125 0.028125 0.04921875 0.046875
0 0.30546875 0.6921875 0.0515625 0.053125
0 0.3640625 0.746875 0.05078125 0.05234375
0 0.1671875 0.48671875 0.05 0.0515625
0 0.67265625 0.86015625 0.05234375 0.053125
0 0.41953125 0.74375 0.0515625 0.05234375
0 0.72578125 0.8609375 0.053125 0.05390625
0 0.03359375 0.23359375 0.04765625 0.05
0 0.26015625 0.63203125 0.05078125 0.05234375
0 0.6265625 0.7375 0.0515625 0.05234375
0 0.38046875 0.33359375 0.04921875 0.05
0 0.21484375 0.4859375 0.05078125 0.0515625
0 0.684375 0.74375 0.0515625 0.053125
0 0.21484375 0.5375 0.05 0.0484375
0 0.12421875 0.38515625 0.05078125 0.0515625
0 0.778125 0.79609375 0.05078125 0.05234375
0 0.8328125 0.85078125 0.05234375 0.05390625
0 0.17421875 0.43671875 0.05078125 0.0515625
0 0.0421875 0.08203125 0.04765625 0.05
0 0.13515625 0.2359375 0.0484375 0.05
0 0.365625 0.59453125 0.05078125 0.0515625
0 0.7265625 0.80625 0.0515625 0.05390625
0 0.94921875 0.38125 0.05078125 0.053125
0 0.565625 0.690625 0.0484375 0.05
0 0.23046875 0.06953125 0.04921875 0.05
0 0.409375 0.6421875 0.05078125 0.0515625
0 0.84296875 0.48359375 0.05234375 0.0515625
0 0.6859375 0.48203125 0.04921875 0.046875
0 0.08515625 0.28359375 0.05 0.0515625
0 0.07734375 0.33359375 0.05 0.0515625
0 0.1375 0.08125 0.04765625 0.0484375
0 0.51328125 0.6359375 0.05 0.0515625
0 0.084375 0.13828125 0.05 0.05078125
0 0.78671875 0.4328125 0.0484375 0.0484375
0 0.6765625 0.80625 0.0515625 0.053125
0 0.4625 0.63671875 0.0515625 0.0515625
0 0.0859375 0.2328125 0.05 0.0515625
0 0.9515625 0.27265625 0.05 0.04921875
0 0.72890625 0.4359375 0.05078125 0.05078125
0 0.95234375 0.16484375 0.05078125 0.0515625
0 0.41171875 0.53984375 0.05 0.05078125
0 0.42265625 0.5921875 0.0515625 0.0515625
0 0.95625 0.11640625 0.05 0.05078125
0 0.61953125 0.68671875 0.04921875 0.0515625
0 0.94609375 0.33046875 0.0515625 0.0515625
1 0.88125 0.959375 0.053125 0.05546875
0 0.24140625 0.02421875 0.046875 0.04296875
0 0.3625 0.54140625 0.0515625 0.0515625
0 0.76796875 0.58671875 0.05 0.0515625
0 0.84765625 0.4328125 0.05234375 0.0515625
0 0.09609375 0.03828125 0.04921875 0.0484375
0 0.09140625 0.08671875 0.04921875 0.0515625
0 0.7421875 0.540625 0.0515625 0.05234375
0 0.31640625 0.54296875 0.0421875 0.04375
0 0.90234375 0.26875 0.0515625 0.0515625
0 0.0453125 0.18515625 0.04921875 0.05
0 0.565625 0.63984375 0.05 0.05234375
0 0.68125 0.384375 0.0515625 0.05
0 0.896875 0.41953125 0.0515625 0.05234375
0 0.85234375 0.12578125 0.0515625 0.05078125
0 0.67578125 0.434375 0.0515625 0.05234375
0 0.56953125 0.58828125 0.05078125 0.05234375
0 0.6671875 0.58515625 0.04921875 0.05078125
0 0.71796875 0.590625 0.04921875 0.0515625
0 0.90546875 0.2171875 0.0515625 0.05078125
0 0.8546875 0.02890625 0.05078125 0.04765625
0 0.73671875 0.3875 0.0515625 0.05078125
0 0.8921875 0.0703125 0.05 0.04921875
0 0.6296875 0.4828125 0.05 0.05
0 0.578125 0.53828125 0.05 0.05234375
0 0.89921875 0.11953125 0.05 0.05078125
0 0.840625 0.3765625 0.0515625 0.05234375
0 0.8890625 0.36875 0.05078125 0.0515625
0 0.61796875 0.58515625 0.05078125 0.0515625
0 0.734375 0.33671875 0.05078125 0.0484375
0 0.84765625 0.078125 0.0515625 0.05
0 0.6265625 0.5328125 0.0515625 0.0515625