1 0.721875 0.4921875 0.05078125 0.046875
0 0.60234375 0.49375 0.04921875 0.0453125
0 0.55234375 0.5015625 0.04921875 0.04609375
0 0.5015625 0.4921875 0.04921875 0.046875
0 0.44375 0.44453125 0.05 0.04765625
0 0.2859375 0.4421875 0.05078125 0.046875
0 0.39296875 0.44140625 0.05 0.046875
0 0.665625 0.546875 0.05078125 0.0453125
0 0.54921875 0.69296875 0.05 0.04453125
0 0.446875 0.3953125 0.05078125 0.0484375
0 0.4515625 0.540625 0.0484375 0.0453125
0 0.66484375 0.64765625 0.05 0.046875
0 0.29140625 0.490625 0.0515625 0.0484375
0 0.82109375 0.646875 0.0515625 0.04765625
0 0.503125 0.54921875 0.0484375 0.0453125
0 0.4953125 0.34375 0.05 0.0484375
0 0.340625 0.48828125 0.05078125 0.0453125
0 0.82265625 0.696875 0.05234375 0.0484375
0 0.29375 0.53984375 0.05 0.046875
0 0.76953125 0.6 0.05078125 0.04609375
0 0.7171875 0.6515625 0.05234375 0.04765625
0 0.55390625 0.3484375 0.04921875 0.046875
0 0.4484375 0.6984375 0.05 0.046875
0 0.23671875 0.3953125 0.0515625 0.04765625
0 0.6078125 0.6453125 0.05 0.04609375
0 0.5484375 0.64765625 0.05 0.0453125
0 0.396875 0.3421875 0.05078125 0.0484375
0 0.71796875 0.5953125 0.05234375 0.046875
0 0.3453125 0.7015625 0.0515625 0.04765625
0 0.3984375 0.75859375 0.05078125 0.04765625
1 0.878125 0.58984375 0.0515625 0.04765625
0 0.4484375 0.75703125 0.0515625 0.04609375
0 0.6625 0.446875 0.05 0.04609375
0 0.446875 0.33671875 0.05 0.0484375
0 0.50859375 0.7515625 0.05078125 0.046875
0 0.66875 0.75 0.0515625 0.046875
0 0.60703125 0.59609375 0.05078125 0.046875
0 0.446875 0.64921875 0.05 0.04609375
0 0.55859375 0.8 0.05078125 0.04765625
0 0.82890625 0.74453125 0.0515625 0.046875
0 0.87265625 0.64296875 0.0515625 0.04765625
0 0.2390625 0.753125 0.0515625 0.04921875
0 0.71796875 0.7484375 0.053125 0.04765625
0 0.6140625 0.80625 0.0515625 0.0484375
0 0.34609375 0.64140625 0.0515625 0.046875
0 0.29140625 0.58515625 0.05078125 0.04609375
0 0.2484375 0.68984375 0.04921875 0.0453125
0 0.721875 0.8 0.0515625 0.046875
0 0.35078125 0.80078125 0.0515625 0.04765625
0 0.6140625 0.85625 0.0515625 0.04765625
0 0.40078125 0.80625 0.05234375 0.04765625
0 0.66484375 0.8046875 0.0515625 0.046875
0 0.1796875 0.340625 0.0515625 0.046875
0 0.1265625 0.64765625 0.05234375 0.046875
0 0.190625 0.6453125 0.05234375 0.0453125
0 0.2359375 0.80703125 0.0515625 0.046875
0 0.184375 0.23984375 0.05234375 0.04921875
0 0.3015625 0.8046875 0.0515625 0.046875
1 0.6609375 0.49296875 0.05078125 0.046875
0 0.1859375 0.4453125 0.05 0.046875
1 0.60859375 0.44609375 0.05078125 0.0484375
1 0.82109375 0.5375 0.05234375 0.04765625
0 0.1828125 0.2953125 0.05234375 0.04921875
0 0.2375 0.23984375 0.0515625 0.0484375
0 0.1796875 0.80234375 0.0515625 0.046875
1 0.821875 0.5921875 0.053125 0.04921875
0 0.13046875 0.2390625 0.05234375 0.04921875
0 0.07578125 0.69609375 0.0515625 0.04765625
1 0.8203125 0.34140625 0.05078125 0.0484375
1 0.76640625 0.3421875 0.05 0.04765625
0 0.08203125 0.7515625 0.0515625 0.04765625
0 0.83203125 0.84609375 0.05390625 0.04765625
1 0.34296875 0.38984375 0.05078125 0.0484375
1 0.49921875 0.4421875 0.05 0.04765625
0 0.184375 0.18203125 0.05078125 0.04921875
1 0.709375 0.34296875 0.05 0.04765625
1 0.87265625 0.29765625 0.053125 0.05
0 0.6109375 0.903125 0.05234375 0.04765625
0 0.13125 0.74765625 0.053125 0.04765625
0 0.12265625 0.54453125 0.05234375 0.04765625
0 0.02890625 0.6359375 0.0515625 0.04765625
0 0.1296875 0.18984375 0.05234375 0.04921875
1 0.60703125 0.34296875 0.05078125 0.0484375
1 0.55234375 0.44140625 0.05078125 0.0484375
1 0.76796875 0.65 0.0515625 0.04765625
1 0.2875 0.3953125 0.0515625 0.04765625
1 0.66328125 0.70234375 0.0515625 0.0484375
1 0.76875 0.23828125 0.05078125 0.0484375
0 0.075 0.190625 0.0515625 0.0484375
0 0.1296875 0.85234375 0.0515625 0.0484375
1 0.61171875 0.696875 0.05078125 0.04765625
0 0.39140625 0.13828125 0.04921875 0.04453125
0 0.13046875 0.14140625 0.0515625 0.04765625
1 0.23359375 0.33984375 0.05078125 0.04921875
1 0.66015625 0.3421875 0.04921875 0.04765625
1 0.88046875 0.75078125 0.053125 0.0484375
1 0.71171875 0.2390625 0.0515625 0.05
1 0.9359375 0.74765625 0.053125 0.04921875
1 0.609375 0.39296875 0.0515625 0.05
1 0.39765625 0.39375 0.05078125 0.04921875
1 0.934375 0.80390625 0.053125 0.0484375
1 0.8703125 0.18828125 0.0515625 0.04921875
1 0.34296875 0.4390625 0.0515625 0.0484375
1 0.771875 0.696875 0.0515625 0.04765625
0 0.709375 0.0875 0.05078125 0.04765625
0 0.8171875 0.1359375 0.05 0.0484375
1 0.71796875 0.7 0.05390625 0.04921875
1 0.078125 0.59296875 0.0515625 0.04765625
1 0.59921875 0.2421875 0.05078125 0.04921875
1 0.234375 0.28984375 0.05078125 0.04921875
1 0.5578125 0.746875 0.05078125 0.04765625
1 0.71953125 0.853125 0.05234375 0.0484375
1 0.340625 0.33828125 0.0515625 0.04921875
0 0.65703125 0.0875 0.04921875 0.046875
1 0.81953125 0.18359375 0.05234375 0.04921875
1 0.6125 0.75 0.05078125 0.0484375
1 0.453125 0.8046875 0.05234375 0.04921875
1 0.5421875 0.19296875 0.0515625 0.04921875
0 0.5953125 0.0859375 0.04921875 0.046875
1 0.2875 0.28828125 0.05234375 0.04921875
1 0.07734375 0.64453125 0.053125 0.0484375
1 0.653125 0.24765625 0.05078125 0.04921875
1 0.76953125 0.75078125 0.0515625 0.04765625
1 0.55390625 0.29296875 0.0515625 0.05078125
1 0.77265625 0.7953125 0.0515625 0.0484375
1 0.82421875 0.7953125 0.0515625 0.04921875
1 0.4015625 0.2953125 0.0515625 0.04921875
0 0.86796875 0.140625 0.05234375 0.04921875
1 0.34921875 0.2328125 0.05078125 0.0484375
1 0.7234375 0.90078125 0.05234375 0.04765625
1 0.29296875 0.240625 0.0515625 0.05
1 0.925 0.18984375 0.05234375 0.05
1 0.88515625 0.85546875 0.05390625 0.0484375
1 0.9265625 0.240625 0.05390625 0.05
1 0.23828125 0.18828125 0.05078125 0.0484375
1 0.39765625 0.18359375 0.05078125 0.04765625
1 0.50390625 0.8 0.05078125 0.04765625
0 0.02109375 0.79921875 0.0421875 0.0484375
1 0.49921875 0.284375 0.0515625 0.05078125
1 0.78203125 0.9109375 0.05234375 0.04765625
1 0.5046875 0.8515625 0.05234375 0.0484375
0 0.184375 0.89921875 0.05234375 0.04765625
1 0.4515625 0.290625 0.05078125 0.04921875
1 0.7671875 0.1359375 0.05078125 0.04921875
1 0.28828125 0.1375 0.0515625 0.0484375
1 0.07265625 0.14375 0.053125 0.04921875
1 0.23671875 0.13515625 0.05078125 0.0484375
1 0.88515625 0.9015625 0.05390625 0.04765625
1 0.24375 0.90546875 0.053125 0.04921875
0 0.76796875 0.08671875 0.05 0.04765625
0 0.1734375 0.0921875 0.05234375 0.046875
1 0.6578125 0.134375 0.05 0.04765625
1 0.5484375 0.140625 0.05078125 0.04765625
1 0.603125 0.13203125 0.04921875 0.04765625
1 0.184375 0.1359375 0.0515625 0.04921875
1 0.3984375 0.8578125 0.053125 0.04921875
1 0.559375 0.85234375 0.0515625 0.04921875
1 0.3421875 0.13671875 0.05 0.046875
1 0.715625 0.13515625 0.05 0.0484375
1 0.1234375 0.09453125 0.053125 0.05
1 0.3953125 0.90546875 0.05390625 0.05078125
1 0.34296875 0.85078125 0.05234375 0.04765625
1 0.03125 0.0953125 0.05234375 0.04921875
0 0.1296875 0.89921875 0.05390625 0.0484375
1 0.2421875 0.853125 0.053125 0.04921875
1 0.56015625 0.89921875 0.053125 0.0484375
0 0.021875 0.8484375 0.04375 0.04609375
1 0.546875 0.0875 0.04921875 0.0484375
1 0.29296875 0.85 0.05390625 0.0484375
0 0.91953125 0.13828125 0.05234375 0.0484375
1 0.18203125 0.8484375 0.05390625 0.05
1 0.4421875 0.95390625 0.0515625 0.04921875
1 0.5015625 0.95703125 0.05390625 0.05
1 0.72109375 0.9515625 0.05234375 0.0484375
0 0.615625 0.95859375 0.053125 0.0484375
1 0.07421875 0.0421875 0.0515625 0.04921875
0 0.0671875 0.9078125 0.05546875 0.04765625
1 0.93203125 0.953125 0.053125 0.04765625