0 0.2875 0.60078125 0.0484375 0.0515625
1 0.334375 0.58515625 0.0515625 0.05625
0 0.334375 0.646875 0.05 0.0546875
0 0.27734375 0.5421875 0.0484375 0.053125
0 0.29453125 0.71171875 0.04921875 0.05390625
0 0.5390625 0.72265625 0.04765625 0.05234375
0 0.38125 0.65546875 0.05 0.0515625
0 0.1734375 0.54921875 0.05 0.05390625
0 0.28125 0.76640625 0.05 0.0546875
1 0.64296875 0.60625 0.05234375 0.059375
0 0.1234375 0.56171875 0.05078125 0.05546875
1 0.7328125 0.60703125 0.0515625 0.0578125
0 0.3296875 0.37890625 0.05 0.053125
1 0.64296875 0.75703125 0.053125 0.0578125
1 0.5890625 0.559375 0.05078125 0.05625
0 0.584375 0.75703125 0.04921875 0.05234375
1 0.584375 0.6453125 0.05078125 0.05859375
0 0.12578125 0.4984375 0.0515625 0.05546875
0 0.79296875 0.825 0.05234375 0.05703125
0 0.74453125 0.7625 0.05078125 0.05390625
1 0.79609375 0.75859375 0.0546875 0.05703125
1 0.396875 0.44296875 0.053125 0.05390625
0 0.48359375 0.24296875 0.0515625 0.05625
1 0.6890625 0.65 0.05078125 0.05703125
0 0.6359375 0.4984375 0.05 0.05546875
0 0.490625 0.81875 0.05 0.053125
0 0.4859375 0.6640625 0.04921875 0.05
1 0.90078125 0.60625 0.053125 0.05859375
0 0.28359375 0.4390625 0.05 0.0515625
0 0.63671875 0.8203125 0.0515625 0.05546875
1 0.53828125 0.53828125 0.05 0.05625
0 0.4421875 0.70859375 0.046875 0.04921875
0 0.34140625 0.43671875 0.05078125 0.05234375
0 0.4453125 0.75859375 0.0484375 0.05234375
0 0.23671875 0.440625 0.0515625 0.05546875
0 0.228125 0.546875 0.0515625 0.05625
0 0.11875 0.646875 0.05078125 0.05625
0 0.59375 0.234375 0.05 0.05546875
0 0.28671875 0.8234375 0.0515625 0.0546875
0 0.12265625 0.440625 0.05234375 0.05703125
0 0.23828125 0.4953125 0.04921875 0.05234375
0 0.35 0.4859375 0.05 0.053125
0 0.8921875 0.7640625 0.0515625 0.05703125
1 0.4359375 0.24375 0.04921875 0.05625
1 0.84765625 0.6640625 0.05234375 0.05234375
1 0.2421875 0.2890625 0.05390625 0.05625
0 0.18046875 0.3921875 0.05234375 0.05703125
1 0.79453125 0.459375 0.05234375 0.05859375
1 0.784375 0.39375 0.05234375 0.0578125
0 0.14296875 0.80625 0.05 0.0546875
0 0.48984375 0.71328125 0.04921875 0.04921875
1 0.7984375 0.54375 0.0515625 0.05625
0 0.571875 0.853125 0.04921875 0.0546875
1 0.95078125 0.60078125 0.0515625 0.05703125
1 0.37890625 0.19140625 0.05078125 0.05859375
1 0.7359375 0.48828125 0.05 0.05625
0 0.6390625 0.44453125 0.05078125 0.0546875
0 0.0875 0.1921875 0.05 0.0546875
0 0.74765625 0.8734375 0.0515625 0.0546875
0 0.5375 0.23984375 0.05078125 0.05625
1 0.328125 0.18984375 0.0515625 0.0578125
0 0.69375 0.76484375 0.05234375 0.0546875
1 0.53828125 0.396875 0.04921875 0.05546875
0 0.3671875 0.8734375 0.04921875 0.05234375
0 0.890625 0.45390625 0.0484375 0.053125
0 0.93984375 0.44921875 0.05078125 0.05546875
0 0.6359375 0.34609375 0.04921875 0.05546875
0 0.4390625 0.18828125 0.05078125 0.05234375
0 0.69296875 0.815625 0.0515625 0.0546875
0 0.8546875 0.83203125 0.05 0.053125
1 0.484375 0.34765625 0.0484375 0.0546875
0 0.134375 0.18671875 0.04921875 0.053125
0 0.84296875 0.775 0.05234375 0.05625
0 0.94609375 0.76875 0.0515625 0.05625
0 0.44140625 0.86796875 0.0484375 0.0515625
1 0.7375 0.33828125 0.05234375 0.059375
1 0.39140625 0.13203125 0.04921875 0.05625
1 0.2828125 0.13515625 0.05 0.05625
0 0.89765625 0.3390625 0.05234375 0.05625
0 0.9546875 0.3421875 0.05234375 0.05859375
1 0.2421875 0.23125 0.05234375 0.0578125
0 0.84296875 0.88203125 0.05078125 0.053125
0 0.43515625 0.08203125 0.05 0.05390625
0 0.18515625 0.88046875 0.04921875 0.053125
1 0.9515625 0.7109375 0.05234375 0.059375
0 0.5359375 0.1296875 0.04921875 0.0546875
0 0.590625 0.0796875 0.05 0.05390625
0 0.08203125 0.13671875 0.05078125 0.0546875
0 0.946875 0.2375 0.05234375 0.05625
0 0.534375 0.06875 0.0484375 0.053125
1 0.63984375 0.090625 0.05 0.05546875
1 0.18515625 0.1234375 0.053125 0.05546875
0 0.0359375 0.1296875 0.0484375 0.05625
0 0.38125 0.0828125 0.05 0.04921875
0 0.58828125 0.9078125 0.0515625 0.05546875
1 0.084375 0.0828125 0.053125 0.05703125
0 0.1265625 0.9125 0.04921875 0.05234375
0 0.28671875 0.9171875 0.0515625 0.05390625
1 0.13515625 0.07578125 0.0515625 0.0546875
0 0.8453125 0.93515625 0.05078125 0.05390625
1 0.93671875 0.17421875 0.05 0.0578125
1 0.43671875 0.0265625 0.05 0.05234375
0 0.5296875 0.02109375 0.053125 0.0421875
1 0.63828125 0.03515625 0.05 0.053125
1 0.74296875 0.07109375 0.0515625 0.0546875
1 0.2375 0.0328125 0.0515625 0.05703125
1 0.04609375 0.034375 0.053125 0.05859375
0 0.48359375 0.02421875 0.04453125 0.0484375
0 0.54921875 0.2921875 0.04765625 0.0484375
0 0.5375 0.3421875 0.04609375 0.05234375
0 0.58515625 0.3421875 0.0484375 0.05546875
0 0.63828125 0.2953125 0.0484375 0.0515625
0 0.6 0.40390625 0.0453125 0.05078125
0 0.64453125 0.39609375 0.04453125 0.0484375
0 0.8890625 0.23359375 0.0484375 0.05390625
0 0.8421875 0.2828125 0.046875 0.0515625
0 0.8921875 0.2859375 0.05234375 0.053125
0 0.8 0.3390625 0.0484375 0.05390625
0 0.84765625 0.3359375 0.046875 0.0546875
0 0.83359375 0.39140625 0.0484375 0.053125
0 0.8453125 0.44296875 0.046875 0.05078125
0 0.13984375 0.24609375 0.04609375 0.05
0 0.13046875 0.2984375 0.0484375 0.05546875
0 0.18046875 0.2859375 0.046875 0.05390625
0 0.17421875 0.340625 0.04765625 0.05078125
0 0.221875 0.33671875 0.046875 0.05078125
0 0.13203125 0.38984375 0.046875 0.053125
0 0.4375 0.13828125 0.04453125 0.04921875
0 0.53984375 0.1859375 0.04609375 0.0515625
1 0.3421875 0.02421875 0.046875 0.0484375
1 0.3890625 0.0328125 0.0453125 0.0515625
1 0.28515625 0.078125 0.046875 0.05546875
1 0.3328125 0.0765625 0.046875 0.0546875
1 0.13125 0.1296875 0.04921875 0.0546875
1 0.1921875 0.1765625 0.0515625 0.0515625
1 0.18203125 0.2296875 0.0484375 0.053125
1 0.278125 0.33125 0.04921875 0.053125
1 0.2296875 0.38828125 0.046875 0.053125
1 0.278125 0.38671875 0.046875 0.053125
1 0.33515625 0.3265625 0.04921875 0.053125
1 0.3875 0.34140625 0.0453125 0.053125
1 0.43515625 0.3578125 0.046875 0.05625
1 0.3984375 0.39140625 0.05 0.046875
1 0.403125 0.4953125 0.05078125 0.053125
1 0.3328125 0.53359375 0.04921875 0.05078125
1 0.3859375 0.54140625 0.04921875 0.05625
1 0.4546875 0.55234375 0.05 0.053125
1 0.3921875 0.6046875 0.04765625 0.053125
1 0.44296875 0.60390625 0.05 0.0546875
1 0.43203125 0.6546875 0.0515625 0.05234375
1 0.490625 0.61484375 0.046875 0.05234375
1 0.53515625 0.6546875 0.04921875 0.05546875
1 0.58984375 0.4515625 0.05 0.05
1 0.57578125 0.50390625 0.05 0.05546875
1 0.58828125 0.703125 0.046875 0.0546875
1 0.6375 0.70078125 0.04921875 0.05703125
1 0.68828125 0.71171875 0.04921875 0.05234375
1 0.73984375 0.7109375 0.046875 0.05078125
1 0.6484375 0.55234375 0.05 0.05234375
1 0.73125 0.55078125 0.05 0.0546875
1 0.68671875 0.49609375 0.05 0.05625
1 0.68828125 0.440625 0.0484375 0.053125
1 0.69140625 0.3828125 0.0484375 0.0546875
1 0.69140625 0.29140625 0.05 0.05625
1 0.79140625 0.2859375 0.05078125 0.0546875
1 0.73671875 0.12578125 0.05078125 0.05234375
1 0.58359375 0.13046875 0.04921875 0.0515625
1 0.58359375 0.1828125 0.04921875 0.05078125
1 0.6375 0.18828125 0.0484375 0.05625
1 0.64375 0.24296875 0.05078125 0.053125
1 0.69765625 0.2296875 0.0484375 0.05703125
1 0.746875 0.23046875 0.0484375 0.05625
1 0.8390625 0.23359375 0.05 0.05078125
1 0.746875 0.1765625 0.046875 0.0515625
1 0.7953125 0.16796875 0.05078125 0.0609375
1 0.840625 0.18203125 0.046875 0.05078125
1 0.8875 0.1796875 0.046875 0.0546875
1 0.58125 0.0265625 0.05078125 0.053125
1 0.84921875 0.4953125 0.05 0.05390625
1 0.89921875 0.503125 0.0484375 0.05390625
1 0.94921875 0.49765625 0.05 0.0515625
1 0.95390625 0.5484375 0.053125 0.0484375
1 0.89375 0.55546875 0.0515625 0.0515625
1 0.85078125 0.6078125 0.0484375 0.0546875
1 0.7890625 0.65625 0.0484375 0.053125
1 0.79296875 0.7078125 0.0515625 0.046875
1 0.8453125 0.71640625 0.05078125 0.05390625
1 0.89921875 0.709375 0.0515625 0.0546875