0 0.55625 0.74765625 0.05234375 0.0546875
1 0.0953125 0.74375 0.05390625 0.0546875
0 0.64453125 0.74765625 0.05390625 0.05546875
1 0.1375 0.6421875 0.053125 0.05546875
0 0.76484375 0.85 0.0546875 0.05546875
1 0.1984375 0.74921875 0.05390625 0.0546875
0 0.915625 0.74921875 0.0546875 0.0546875
1 0.14609375 0.53984375 0.0515625 0.05625
1 0.1453125 0.79765625 0.05390625 0.05703125
1 0.09140625 0.5890625 0.053125 0.0578125
0 0.30234375 0.696875 0.0515625 0.05625
0 0.0890625 0.7953125 0.0515625 0.05703125
1 0.65703125 0.59609375 0.0546875 0.05390625
0 0.7015625 0.7515625 0.05390625 0.05546875
0 0.70390625 0.85390625 0.0546875 0.053125
0 0.859375 0.79609375 0.05390625 0.05703125
1 0.1921875 0.59296875 0.0546875 0.0515625
0 0.24375 0.64921875 0.053125 0.05546875
0 0.503125 0.690625 0.0515625 0.05546875
0 0.3515625 0.90234375 0.05234375 0.0546875
1 0.19453125 0.54140625 0.05546875 0.05703125
1 0.965625 0.6390625 0.0546875 0.05703125
1 0.75703125 0.75078125 0.05546875 0.05625
0 0.35234375 0.69375 0.0515625 0.05546875
1 0.39375 0.74375 0.0546875 0.05546875
0 0.809375 0.803125 0.053125 0.05546875
1 0.1953125 0.69375 0.0546875 0.0578125
1 0.253125 0.85 0.0546875 0.05625
1 0.0890625 0.38828125 0.05234375 0.05546875
1 0.815625 0.740625 0.05546875 0.05703125
1 0.1390625 0.3890625 0.05390625 0.05625
1 0.09140625 0.3359375 0.053125 0.05546875
1 0.1453125 0.69296875 0.05546875 0.053125
1 0.56171875 0.69375 0.0546875 0.05546875
0 0.39921875 0.7953125 0.05234375 0.05546875
1 0.303125 0.84453125 0.0546875 0.0546875
0 0.64921875 0.69453125 0.053125 0.05390625
1 0.45078125 0.7921875 0.0546875 0.05546875
1 0.865625 0.740625 0.05390625 0.059375
1 0.19765625 0.80078125 0.05546875 0.05234375
1 0.8640625 0.68984375 0.05546875 0.05859375
0 0.29609375 0.89375 0.05234375 0.05625
0 0.1953125 0.85078125 0.05390625 0.05625
0 0.2453125 0.90078125 0.05078125 0.0546875
1 0.45546875 0.6421875 0.0546875 0.05546875
0 0.0921875 0.440625 0.05078125 0.0578125
1 0.13984375 0.28203125 0.05390625 0.05859375
0 0.7046875 0.5453125 0.053125 0.05703125
1 0.3578125 0.84453125 0.05390625 0.05625
0 0.34921875 0.79765625 0.05 0.05390625
0 0.14609375 0.85 0.05078125 0.05546875
1 0.759375 0.796875 0.05625 0.05703125
0 0.70703125 0.803125 0.05390625 0.0515625
1 0.35546875 0.6421875 0.05546875 0.05625
0 0.9625 0.68828125 0.05390625 0.05703125
1 0.75703125 0.690625 0.0546875 0.05625
1 0.46328125 0.85078125 0.05234375 0.05625
1 0.909375 0.64375 0.0546875 0.0578125
1 0.6515625 0.64609375 0.05390625 0.05390625
1 0.80859375 0.5375 0.0546875 0.0578125
1 0.81015625 0.653125 0.0546875 0.0578125
1 0.70625 0.69140625 0.0546875 0.05703125
1 0.409375 0.84609375 0.05546875 0.05625
1 0.40390625 0.5921875 0.053125 0.05625
0 0.81171875 0.59296875 0.0515625 0.05625
0 0.55234375 0.59453125 0.0515625 0.05390625
1 0.45390625 0.69296875 0.0546875 0.05546875
0 0.40234375 0.6953125 0.05234375 0.05625
1 0.559375 0.6453125 0.05390625 0.05390625
1 0.08515625 0.18515625 0.05234375 0.059375
0 0.09765625 0.89921875 0.05078125 0.0546875
1 0.7078125 0.3375 0.05234375 0.053125
1 0.659375 0.33125 0.05390625 0.05703125
0 0.1453125 0.44140625 0.05078125 0.05703125
1 0.8625 0.5890625 0.0546875 0.0578125
0 0.9125 0.69765625 0.0546875 0.05234375
0 0.24921875 0.79921875 0.053125 0.05
0 0.30078125 0.64140625 0.053125 0.05546875
1 0.08984375 0.128125 0.0515625 0.05625
1 0.60390625 0.5890625 0.0546875 0.05625
1 0.5015625 0.3828125 0.053125 0.05625
0 0.24765625 0.7484375 0.0515625 0.05234375
0 0.65703125 0.4859375 0.0515625 0.05546875
1 0.4546875 0.74296875 0.05390625 0.05390625
1 0.44609375 0.53828125 0.053125 0.05390625
1 0.85859375 0.6421875 0.0546875 0.059375
1 0.34609375 0.5453125 0.05 0.0515625
1 0.44921875 0.4359375 0.05390625 0.0546875
1 0.13984375 0.1796875 0.05234375 0.059375
0 0.18984375 0.6421875 0.05234375 0.0546875
1 0.49921875 0.44453125 0.053125 0.05625
1 0.3515625 0.59296875 0.05 0.05
1 0.60625 0.3890625 0.05390625 0.05390625
0 0.24609375 0.53828125 0.0515625 0.05078125
0 0.296875 0.4375 0.05234375 0.05703125
0 0.453125 0.59296875 0.0515625 0.0515625
0 0.44296875 0.2359375 0.0515625 0.05546875
1 0.190625 0.38984375 0.053125 0.053125
1 0.8078125 0.134375 0.053125 0.053125
0 0.4984375 0.2875 0.05234375 0.0578125
1 0.3953125 0.540625 0.05 0.05625
0 0.7046875 0.64140625 0.05234375 0.053125
0 0.75546875 0.53828125 0.0515625 0.05546875
1 0.60234375 0.2859375 0.05390625 0.05859375
0 0.0921875 0.53828125 0.0515625 0.05390625
1 0.60859375 0.540625 0.0546875 0.0546875
1 0.809375 0.28671875 0.05390625 0.05234375
1 0.75 0.1828125 0.05234375 0.05078125
0 0.7046875 0.48984375 0.053125 0.05703125
1 0.64765625 0.1953125 0.05234375 0.05859375
1 0.8609375 0.48828125 0.05625 0.05234375
1 0.7640625 0.3828125 0.05390625 0.05390625
1 0.19375 0.3375 0.05390625 0.05703125
1 0.85546875 0.43671875 0.05625 0.05625
0 0.4984375 0.18203125 0.04921875 0.05625
1 0.9109375 0.0828125 0.053125 0.05703125
1 0.85625 0.08359375 0.05390625 0.059375
0 0.55546875 0.49296875 0.0515625 0.05390625
1 0.24453125 0.284375 0.053125 0.05625
1 0.29453125 0.38515625 0.05390625 0.05625
0 0.3453125 0.4375 0.0515625 0.05703125
1 0.60703125 0.4875 0.0546875 0.0546875
0 0.9640625 0.59140625 0.053125 0.05546875
0 0.909375 0.54140625 0.0546875 0.0484375
1 0.3453125 0.38828125 0.0546875 0.05234375
1 0.70234375 0.08203125 0.05078125 0.05078125
0 0.7578125 0.64375 0.05390625 0.05
0 0.340625 0.4953125 0.053125 0.0546875
1 0.19296875 0.23359375 0.05234375 0.0515625
1 0.29453125 0.23359375 0.053125 0.05703125
1 0.3984375 0.48984375 0.053125 0.0515625
0 0.4046875 0.6453125 0.05234375 0.0515625
1 0.8140625 0.38828125 0.0546875 0.05390625
1 0.54765625 0.334375 0.053125 0.0578125
1 0.7 0.13515625 0.05234375 0.05546875
0 0.39375 0.44140625 0.05234375 0.05390625
1 0.4546875 0.4875 0.053125 0.05390625
0 0.50546875 0.63984375 0.05078125 0.05
1 0.8125 0.33828125 0.05625 0.05390625
1 0.74921875 0.2359375 0.0546875 0.05625
0 0.1921875 0.48984375 0.05078125 0.05078125
0 0.91171875 0.5921875 0.05546875 0.05390625
0 0.75859375 0.59375 0.05390625 0.0546875
1 0.7078125 0.3890625 0.05390625 0.0515625
0 0.8046875 0.23828125 0.0546875 0.05546875
1 0.44921875 0.08359375 0.0515625 0.053125
0 0.80859375 0.48359375 0.05234375 0.0546875
0 0.2953125 0.53984375 0.05234375 0.0515625
0 0.7578125 0.48359375 0.053125 0.05625
1 0.5984375 0.1890625 0.05390625 0.05859375
0 0.5578125 0.54453125 0.0515625 0.053125
1 0.54375 0.23515625 0.05390625 0.053125
1 0.6046875 0.43828125 0.05390625 0.053125
0 0.859375 0.14140625 0.05390625 0.059375
1 0.34140625 0.13359375 0.05390625 0.0609375
0 0.45078125 0.3859375 0.05234375 0.05078125
1 0.86171875 0.5359375 0.05625 0.05546875
1 0.39296875 0.2375 0.05390625 0.05078125
0 0.86328125 0.3859375 0.05078125 0.0515625
0 0.64921875 0.1390625 0.05078125 0.05703125
0 0.08984375 0.28125 0.05 0.05546875
1 0.60234375 0.13359375 0.0515625 0.05234375
0 0.8046875 0.18203125 0.0546875 0.05546875
1 0.49765625 0.08046875 0.0515625 0.0515625
1 0.34453125 0.33984375 0.05234375 0.0515625
1 0.19140625 0.28359375 0.05390625 0.053125
1 0.54765625 0.18203125 0.05078125 0.0546875
1 0.70546875 0.43984375 0.05390625 0.0546875
0 0.65703125 0.3859375 0.0515625 0.05078125
0 0.19375 0.43671875 0.0515625 0.05546875
0 0.30234375 0.58984375 0.05234375 0.04765625
0 0.65546875 0.43203125 0.05234375 0.053125
0 0.39765625 0.3890625 0.05078125 0.05
0 0.9078125 0.4421875 0.053125 0.053125
1 0.39375 0.0859375 0.05234375 0.05234375
0 0.24453125 0.48828125 0.05234375 0.05234375
0 0.45625 0.3359375 0.05078125 0.0515625
0 0.9078125 0.240625 0.05390625 0.06015625
0 0.54765625 0.28515625 0.05234375 0.05390625
0 0.24765625 0.084375 0.05078125 0.05859375
0 0.35078125 0.18984375 0.0515625 0.05234375
0 0.1421875 0.12578125 0.05 0.05546875
0 0.24453125 0.23046875 0.05234375 0.05546875
0 0.8625 0.33671875 0.05234375 0.05
0 0.196875 0.18046875 0.0515625 0.05625
1 0.40078125 0.1890625 0.053125 0.05234375
0 0.19375 0.08125 0.05 0.06015625
0 0.90859375 0.134375 0.0546875 0.06171875
1 0.34375 0.2890625 0.0546875 0.0515625
0 0.803125 0.4359375 0.05234375 0.0546875
0 0.2921875 0.13203125 0.0515625 0.05546875
0 0.2953125 0.2875 0.05078125 0.053125
0 0.33984375 0.0859375 0.05078125 0.0515625
0 0.859375 0.28671875 0.053125 0.05390625
0 0.4484375 0.13515625 0.0515625 0.0515625
1 0.34296875 0.2375 0.0546875 0.05546875
0 0.753125 0.434375 0.04921875 0.05234375
0 0.6515625 0.084375 0.05078125 0.05546875
0 0.9078125 0.49296875 0.05390625 0.05
0 0.5515625 0.0796875 0.0515625 0.05546875
0 0.2484375 0.17734375 0.0515625 0.0546875
0 0.4484375 0.18359375 0.0515625 0.0484375
0 0.2421875 0.4359375 0.05234375 0.05390625
0 0.08828125 0.07578125 0.04921875 0.0546875
0 0.2921875 0.33671875 0.053125 0.0515625
0 0.240625 0.384375 0.05 0.05078125
0 0.5515625 0.13359375 0.0515625 0.0515625
0 0.2421875 0.33671875 0.05 0.0515625
1 0.49921875 0.13046875 0.053125 0.05390625
1 0.39375 0.13828125 0.0546875 0.0515625
0 0.3 0.1859375 0.053125 0.05390625
0 0.39453125 0.03359375 0.04921875 0.0546875