1 0.5078125 0.81796875 0.05234375 0.0515625
1 0.8515625 0.25703125 0.053125 0.0546875
1 0.7578125 0.49140625 0.05234375 0.0515625
1 0.78046875 0.8234375 0.05703125 0.05234375
1 0.909375 0.44140625 0.059375 0.0625
1 0.34453125 0.7234375 0.04921875 0.04921875
1 0.02890625 0.784375 0.0515625 0.05
1 0.88203125 0.85859375 0.053125 0.05078125
1 0.5828125 0.503125 0.0515625 0.05
1 0.9203125 0.96015625 0.0515625 0.053125
1 0.86875 0.9578125 0.05 0.053125
1 0.821875 0.96015625 0.0484375 0.0515625
1 0.2984375 0.5109375 0.0515625 0.0515625
1 0.81640625 0.90859375 0.05234375 0.04921875
1 0.54765625 0.29296875 0.04921875 0.05078125
1 0.39921875 0.51796875 0.05234375 0.04921875
1 0.8703125 0.08828125 0.053125 0.0515625
1 0.70234375 0.4484375 0.0484375 0.04921875
1 0.07890625 0.49296875 0.0515625 0.05
1 0.3890625 0.7 0.0484375 0.0484375
1 0.7671875 0.965625 0.0484375 0.05234375
1 0.08125 0.596875 0.05078125 0.04765625
1 0.178125 0.5984375 0.04921875 0.04921875
1 0.9578125 0.0890625 0.05 0.05078125
1 0.75625 0.1421875 0.04921875 0.0515625
1 0.44453125 0.19765625 0.05 0.05078125
0 0.38671875 0.1875 0.0484375 0.053125
1 0.07890625 0.34375 0.0515625 0.05078125
1 0.02890625 0.34375 0.05 0.0515625
0 0.71171875 0.2453125 0.0515625 0.04921875
1 0.6046875 0.40234375 0.0515625 0.05078125
1 0.921875 0.04765625 0.053125 0.0515625
1 0.34765625 0.5125 0.05234375 0.05078125
1 0.55390625 0.24296875 0.0515625 0.0515625
1 0.4796875 0.0421875 0.053125 0.05625
1 0.08046875 0.39453125 0.0515625 0.05078125
1 0.65390625 0.24296875 0.05234375 0.0515625
1 0.76171875 0.0359375 0.053125 0.05234375
1 0.87265625 0.18359375 0.0546875 0.05390625
1 0.17734375 0.55 0.05234375 0.05
1 0.5359375 0.04296875 0.05546875 0.053125
0 0.43046875 0.0546875 0.0515625 0.05
1 0.08046875 0.54453125 0.05234375 0.0515625
1 0.934375 0.1765625 0.05078125 0.053125
1 0.815625 0.078125 0.053125 0.0515625
1 0.71171875 0.08046875 0.05078125 0.0515625
0 0.7078125 0.865625 0.04765625 0.04765625
1 0.925 0.12890625 0.0515625 0.05078125
1 0.5171875 0.0921875 0.0515625 0.05078125
0 0.70703125 0.4953125 0.05078125 0.046875
1 0.6 0.453125 0.05078125 0.04921875
1 0.66484375 0.07734375 0.0484375 0.0515625
1 0.1296875 0.56484375 0.05234375 0.0515625
0 0.19921875 0.8140625 0.05078125 0.04921875
1 0.6140625 0.07578125 0.05 0.0515625
1 0.03125 0.7171875 0.05 0.04921875
0 0.175 0.64609375 0.04921875 0.046875
1 0.3359375 0.609375 0.05078125 0.04921875
0 0.76875 0.1875 0.05 0.046875
0 0.63984375 0.503125 0.0515625 0.0484375
0 0.12734375 0.43671875 0.0515625 0.0484375
1 0.0328125 0.6625 0.05 0.05
0 0.08046875 0.65 0.05 0.046875
0 0.03125 0.39609375 0.04921875 0.05
1 0.0359375 0.615625 0.0515625 0.05078125
1 0.759375 0.084375 0.0515625 0.05
0 0.81953125 0.17890625 0.05 0.0484375
1 0.2328125 0.60390625 0.05 0.04765625
1 0.56640625 0.0875 0.05078125 0.0515625
0 0.646875 0.34609375 0.0515625 0.046875
0 0.50703125 0.19140625 0.05 0.04765625
0 0.2171875 0.715625 0.046875 0.04765625
1 0.28125 0.6515625 0.0515625 0.04921875
1 0.5625 0.13671875 0.05078125 0.05078125
0 0.65390625 0.29296875 0.05078125 0.04765625
1 0.38125 0.565625 0.0515625 0.04921875
0 0.80234375 0.12578125 0.0484375 0.046875
1 0.5125 0.14453125 0.05 0.0484375
0 0.8171875 0.0265625 0.053125 0.0484375
0 0.4484375 0.14375 0.05078125 0.0515625
0 0.70625 0.13515625 0.04921875 0.04765625
0 0.265625 0.715625 0.0484375 0.046875
1 0.28671875 0.60390625 0.04921875 0.04921875
0 0.59453125 0.03125 0.053125 0.04921875
0 0.03125 0.8328125 0.0484375 0.046875
0 0.60390625 0.2921875 0.0515625 0.05
0 0.09140625 0.8125 0.05625 0.05234375
0 0.08046875 0.715625 0.05234375 0.05078125
0 0.1765625 0.496875 0.04921875 0.046875
0 0.45859375 0.096875 0.0515625 0.05078125
0 0.65234375 0.02578125 0.0515625 0.04765625
0 0.1265625 0.49375 0.04921875 0.046875
0 0.428125 0.64765625 0.0484375 0.046875
0 0.2265625 0.653125 0.04765625 0.046875
0 0.65546875 0.1390625 0.04921875 0.04765625
0 0.609375 0.12578125 0.04765625 0.0453125
0 0.6546875 0.40546875 0.04921875 0.04453125
0 0.82890625 0.86015625 0.05078125 0.04609375
0 0.75859375 0.9140625 0.04921875 0.05078125
0 0.3296875 0.56171875 0.05 0.04765625
0 0.246875 0.51328125 0.05234375 0.05
0 0.03515625 0.565625 0.04921875 0.04609375
0 0.77109375 0.87109375 0.05078125 0.04765625
0 0.07734375 0.44375 0.05078125 0.0484375
0 0.03046875 0.5 0.04765625 0.046875
0 0.971875 0.95625 0.0453125 0.04453125
0 0.6078125 0.18828125 0.04921875 0.04921875
0 0.32890625 0.65703125 0.046875 0.0453125
0 0.60390625 0.23515625 0.05 0.05
0 0.07578125 0.7640625 0.05234375 0.04921875
0 0.9703125 0.89921875 0.046875 0.04375
0 0.4015625 0.60859375 0.04921875 0.0484375
0 0.27578125 0.55390625 0.04921875 0.05
0 0.9171875 0.90703125 0.04609375 0.04609375
0 0.8703125 0.90625 0.04609375 0.04609375
0 0.37890625 0.653125 0.05 0.046875
0 0.02734375 0.45078125 0.0484375 0.04765625
0 0.64921875 0.45390625 0.04765625 0.04921875