1 0.425 0.79765625 0.0640625 0.0609375
0 0.03984375 0.3578125 0.06328125 0.0609375
1 0.2046875 0.72109375 0.065625 0.059375
1 0.33515625 0.71953125 0.065625 0.06015625
1 0.49375 0.721875 0.0640625 0.059375
0 0.115625 0.35546875 0.06484375 0.059375
1 0.56328125 0.86015625 0.065625 0.0609375
1 0.415625 0.73125 0.065625 0.06015625
1 0.35078125 0.875 0.065625 0.0609375
1 0.56953125 0.72578125 0.06484375 0.06015625
1 0.63984375 0.8625 0.065625 0.06015625
1 0.115625 0.64375 0.06640625 0.0609375
1 0.203125 0.8609375 0.06640625 0.06171875
0 0.2 0.35625 0.06328125 0.0578125
1 0.6515625 0.728125 0.065625 0.06015625
1 0.2140625 0.653125 0.065625 0.059375
1 0.64921875 0.80390625 0.06640625 0.059375
1 0.6453125 0.6546875 0.0640625 0.06015625
1 0.35234375 0.64765625 0.065625 0.0609375
1 0.5046875 0.9296875 0.065625 0.0609375
1 0.26640625 0.56953125 0.06484375 0.0609375
1 0.2859375 0.6453125 0.0640625 0.05859375
1 0.41171875 0.50078125 0.0640625 0.06015625
1 0.19765625 0.575 0.065625 0.06015625
1 0.85703125 0.728125 0.0625 0.0609375
1 0.49453125 0.64921875 0.065625 0.0609375
1 0.6453125 0.571875 0.0625 0.0578125
1 0.046875 0.8 0.0671875 0.06171875
0 0.26875 0.3609375 0.06484375 0.05859375
1 0.8 0.64453125 0.0640625 0.06015625
1 0.05078125 0.73671875 0.06640625 0.06171875
1 0.56171875 0.6515625 0.06328125 0.06015625
0 0.27421875 0.1359375 0.0640625 0.059375
1 0.27109375 0.50625 0.06484375 0.05859375
0 0.93984375 0.34921875 0.0625 0.0609375
1 0.56640625 0.5796875 0.06328125 0.0578125
1 0.57890625 0.50546875 0.06328125 0.05859375
1 0.046875 0.6609375 0.06640625 0.06171875
1 0.8640625 0.646875 0.06171875 0.059375
0 0.415625 0.2703125 0.06171875 0.0578125
1 0.64765625 0.93203125 0.06328125 0.0609375
1 0.0484375 0.865625 0.065625 0.0609375
1 0.11796875 0.575 0.06484375 0.0609375
1 0.05546875 0.50390625 0.065625 0.059375
0 0.8 0.2859375 0.0625 0.0578125
1 0.425 0.93671875 0.065625 0.06171875
1 0.5703125 0.93828125 0.06328125 0.06171875
1 0.41875 0.64609375 0.06484375 0.06171875
0 0.934375 0.5125 0.0640625 0.06015625
1 0.79453125 0.5796875 0.06328125 0.0578125
1 0.05234375 0.5765625 0.06640625 0.06015625
1 0.9515625 0.71953125 0.06328125 0.06171875
1 0.6453125 0.49765625 0.06328125 0.05625
0 0.94375 0.43046875 0.06328125 0.0625
1 0.7953125 0.4953125 0.06328125 0.05859375
0 0.7203125 0.28671875 0.06484375 0.059375
0 0.35 0.35390625 0.06328125 0.059375
0 0.87109375 0.3609375 0.06328125 0.059375
0 0.4171875 0.1921875 0.0625 0.0578125
1 0.334375 0.42578125 0.065625 0.06015625
0 0.73203125 0.059375 0.06328125 0.05859375
1 0.26484375 0.43046875 0.06640625 0.05859375
1 0.865625 0.4953125 0.0609375 0.05859375
1 0.95 0.853125 0.06328125 0.0609375
0 0.41484375 0.1265625 0.06328125 0.0578125
1 0.41953125 0.42734375 0.06484375 0.06015625
0 0.7125 0.1453125 0.06328125 0.05703125
1 0.9421875 0.58046875 0.06328125 0.06015625
0 0.4203125 0.053125 0.0640625 0.059375
0 0.3421875 0.5015625 0.06484375 0.0578125
0 0.7296875 0.20390625 0.0640625 0.059375
0 0.35234375 0.57265625 0.0640625 0.0578125
0 0.4140625 0.35625 0.0640625 0.05859375
0 0.49765625 0.35625 0.06328125 0.05859375
1 0.05390625 0.4234375 0.065625 0.059375
1 0.571875 0.43203125 0.06328125 0.06015625
0 0.42578125 0.575 0.0625 0.05703125
0 0.94921875 0.7859375 0.06171875 0.06015625
0 0.578125 0.3546875 0.06171875 0.0578125
0 0.484375 0.434375 0.0640625 0.059375
0 0.50234375 0.5671875 0.0625 0.0578125
1 0.115625 0.94609375 0.0671875 0.0609375
0 0.640625 0.4390625 0.0640625 0.0578125
0 0.65 0.3546875 0.0625 0.05859375
0 0.484375 0.50078125 0.06484375 0.05703125
0 0.79765625 0.3578125 0.06328125 0.05859375
0 0.809375 0.428125 0.06328125 0.06015625
1 0.87421875 0.428125 0.0625 0.05859375
0 0.72734375 0.4390625 0.06328125 0.059375
1 0.0421875 0.9328125 0.065625 0.0625
0 0.7953125 0.71953125 0.0640625 0.059375
0 0.72734375 0.65234375 0.0640625 0.05859375
0 0.71796875 0.3640625 0.06328125 0.05859375
0 0.8703125 0.8625 0.0640625 0.06015625
0 0.7265625 0.8671875 0.0640625 0.059375
0 0.72109375 0.79609375 0.065625 0.06015625
0 0.715625 0.72734375 0.06484375 0.059375
0 0.721875 0.51796875 0.0640625 0.0578125
0 0.8734375 0.79375 0.0640625 0.059375
0 0.7203125 0.57890625 0.0640625 0.05703125
0 0.803125 0.7921875 0.0640625 0.05859375
0 0.728125 0.93515625 0.06328125 0.05859375
0 0.878125 0.93671875 0.0640625 0.05859375
1 0.1171875 0.12890625 0.06328125 0.0609375
1 0.04296875 0.1328125 0.065625 0.06328125
1 0.26484375 0.0609375 0.06484375 0.06015625
1 0.1859375 0.06328125 0.0640625 0.0609375