0 0.4796875 0.49921875 0.046875 0.05234375
1 0.04140625 0.39765625 0.04765625 0.0546875
1 0.04140625 0.34453125 0.046875 0.0546875
0 0.52578125 0.50234375 0.04921875 0.05390625
0 0.58203125 0.50859375 0.0484375 0.05390625
0 0.61640625 0.46171875 0.05078125 0.05546875
0 0.32265625 0.50546875 0.046875 0.053125
1 0.03984375 0.5015625 0.04765625 0.05390625
0 0.675 0.46015625 0.05078125 0.05546875
1 0.04375 0.4484375 0.0484375 0.05546875
0 0.36640625 0.5015625 0.04765625 0.053125
0 0.41953125 0.7234375 0.04765625 0.05234375
0 0.66875 0.68046875 0.04921875 0.0546875
0 0.67578125 0.61875 0.04921875 0.05703125
1 0.08515625 0.4375 0.0453125 0.05703125
1 0.0359375 0.29375 0.04609375 0.05
1 0.04140625 0.24375 0.04765625 0.053125
0 0.26953125 0.5171875 0.04609375 0.0515625
0 0.51796875 0.665625 0.04921875 0.05390625
1 0.03828125 0.60703125 0.046875 0.05390625
0 0.51328125 0.7375 0.0484375 0.053125
0 0.365625 0.67421875 0.0484375 0.05234375
0 0.71328125 0.578125 0.05 0.0546875
1 0.03359375 0.55234375 0.0453125 0.0546875
0 0.3203125 0.72578125 0.04765625 0.0515625
0 0.4625 0.421875 0.05 0.05546875
0 0.31953125 0.67265625 0.04609375 0.0515625
0 0.41875 0.8375 0.0484375 0.0546875
0 0.78359375 0.50234375 0.05234375 0.05625
1 0.08984375 0.3484375 0.0453125 0.0578125
0 0.621875 0.7359375 0.04921875 0.05390625
0 0.67734375 0.53515625 0.05 0.0546875
0 0.525 0.39609375 0.05 0.05703125
0 0.27421875 0.65703125 0.046875 0.05234375
0 0.41953125 0.6046875 0.0484375 0.053125
0 0.79296875 0.62421875 0.05078125 0.05546875
0 0.38203125 0.43828125 0.04921875 0.053125
1 0.0484375 0.190625 0.046875 0.05703125
0 0.73203125 0.4 0.053125 0.05625
0 0.7859375 0.7375 0.05234375 0.05546875
0 0.22578125 0.50390625 0.04453125 0.0515625
0 0.57578125 0.384375 0.05078125 0.05546875
0 0.68046875 0.7953125 0.0515625 0.0578125
0 0.778125 0.44765625 0.05234375 0.05546875
0 0.31875 0.83125 0.04765625 0.05234375
0 0.46796875 0.853125 0.0484375 0.0546875
0 0.778125 0.6828125 0.0515625 0.0546875
1 0.12734375 0.44375 0.04765625 0.05390625
0 0.728125 0.7296875 0.0515625 0.05546875
1 0.1296875 0.18671875 0.04609375 0.05703125
1 0.31953125 0.3375 0.05 0.0578125
1 0.04453125 0.65703125 0.04765625 0.05546875
1 0.94609375 0.25625 0.05703125 0.05859375
1 0.31953125 0.39375 0.05 0.05234375
1 0.9515625 0.19609375 0.05625 0.0578125
1 0.128125 0.496875 0.0484375 0.0546875
1 0.13125 0.34453125 0.0453125 0.0578125
0 0.128125 0.60546875 0.04609375 0.05390625
0 0.89765625 0.63125 0.05390625 0.0578125
0 0.1765625 0.50078125 0.04609375 0.053125
1 0.178125 0.346875 0.046875 0.0578125
0 0.16796875 0.7171875 0.04609375 0.0515625
0 0.17109375 0.60546875 0.04765625 0.05390625
1 0.17734375 0.4390625 0.046875 0.05625
0 0.0875 0.6703125 0.04609375 0.05078125
1 0.08828125 0.17265625 0.0453125 0.05859375
0 0.17421875 0.6671875 0.0453125 0.05078125
1 0.2234375 0.3390625 0.046875 0.06015625
1 0.07265625 0.559375 0.04609375 0.05625
0 0.78046875 0.84609375 0.0515625 0.05703125
0 0.88984375 0.73359375 0.053125 0.05625
0 0.21875 0.6046875 0.046875 0.05234375
0 0.73046875 0.78671875 0.05234375 0.05625
1 0.32421875 0.45 0.04921875 0.053125
1 0.25859375 0.28515625 0.05078125 0.05390625
0 0.88125 0.7984375 0.053125 0.05703125
0 0.78828125 0.38671875 0.053125 0.0578125
1 0.26640625 0.2296875 0.0515625 0.05546875
1 0.17109375 0.17890625 0.04609375 0.0578125
0 0.08125 0.61953125 0.04609375 0.05234375
1 0.25703125 0.17734375 0.0484375 0.05546875
1 0.26640625 0.44609375 0.04921875 0.05703125
1 0.95625 0.134375 0.05625 0.06328125
1 0.215625 0.18125 0.04765625 0.0578125
1 0.37890625 0.33671875 0.04921875 0.06015625
1 0.671875 0.15234375 0.053125 0.059375
1 0.5265625 0.3171875 0.0515625 0.0609375
1 0.46875 0.33984375 0.04921875 0.0546875
1 0.221875 0.43984375 0.0453125 0.05703125
1 0.4140625 0.17578125 0.0484375 0.0578125
1 0.78046875 0.32578125 0.053125 0.0609375
1 0.46328125 0.28359375 0.053125 0.05703125
1 0.15625 0.54609375 0.0484375 0.05703125
1 0.890625 0.31171875 0.05625 0.06484375
1 0.0390625 0.715625 0.0453125 0.05390625
1 0.6109375 0.16015625 0.0515625 0.06171875
0 0.16953125 0.7671875 0.0453125 0.0515625
1 0.1140625 0.54921875 0.046875 0.05546875
0 0.16796875 0.81875 0.04609375 0.05
1 0.26953125 0.3375 0.0515625 0.0609375
1 0.94375 0.446875 0.05625 0.06484375
1 0.903125 0.13125 0.05625 0.065625
1 0.6796875 0.209375 0.05546875 0.05703125
0 0.84453125 0.86015625 0.05234375 0.05703125
1 0.78828125 0.14375 0.053125 0.0625
1 0.6296875 0.31640625 0.04921875 0.059375
1 0.9484375 0.3171875 0.05859375 0.0671875
0 0.67421875 0.8953125 0.0515625 0.0578125
1 0.7296875 0.15234375 0.05546875 0.0625
1 0.63359375 0.384375 0.0515625 0.06015625
1 0.31015625 0.16640625 0.0484375 0.0578125
0 0.5625 0.89140625 0.05078125 0.05546875
1 0.6671875 0.2671875 0.05625 0.05859375
0 0.16640625 0.8703125 0.046875 0.05234375
1 0.68125 0.3953125 0.0515625 0.059375
1 0.51015625 0.16640625 0.04921875 0.05859375
1 0.35625 0.1703125 0.05 0.0578125
1 0.58125 0.3125 0.05078125 0.06171875
1 0.67890625 0.325 0.0515625 0.059375
0 0.96015625 0.565625 0.0546875 0.059375
1 0.7296875 0.32265625 0.05390625 0.06328125
0 0.21640625 0.8828125 0.046875 0.0515625
1 0.559375 0.16015625 0.05078125 0.0609375
1 0.12578125 0.72265625 0.04609375 0.0546875
1 0.4234375 0.32578125 0.04921875 0.0609375
1 0.4703125 0.2171875 0.05234375 0.0578125
1 0.84296875 0.13828125 0.05625 0.0671875
1 0.953125 0.50546875 0.05546875 0.06171875
1 0.8375 0.4515625 0.0546875 0.0609375
1 0.13046875 0.66328125 0.04765625 0.05625
1 0.25703125 0.70390625 0.04765625 0.05546875
1 0.84609375 0.38125 0.0578125 0.0640625
1 0.21640625 0.65546875 0.05 0.05546875
1 0.084375 0.72109375 0.0453125 0.05390625
1 0.2125 0.71328125 0.05 0.0546875
1 0.30625 0.77578125 0.05 0.05625
1 0.83984375 0.51875 0.05703125 0.06328125
1 0.89921875 0.5203125 0.05546875 0.06328125
1 0.4609375 0.16328125 0.04921875 0.0546875
0 0.77578125 0.92109375 0.053125 0.05703125
1 0.2125 0.76640625 0.05 0.05390625
1 0.2109375 0.8203125 0.04921875 0.05390625
1 0.965625 0.06953125 0.05546875 0.06171875
1 0.2640625 0.83984375 0.04921875 0.05546875
1 0.83125 0.31484375 0.05546875 0.0640625