0 0.546875 0.55078125 0.040625 0.03671875
1 0.5609375 0.5046875 0.0375 0.0375
1 0.40390625 0.4703125 0.0375 0.03828125
1 0.69140625 0.46328125 0.03671875 0.03515625
1 0.36875 0.3140625 0.03671875 0.0359375
1 0.3625 0.45859375 0.0390625 0.0375
1 0.6921875 0.39765625 0.0375 0.0359375
0 0.55625 0.45703125 0.03671875 0.03671875
1 0.415625 0.31640625 0.0390625 0.03671875
1 0.6046875 0.3609375 0.0359375 0.03671875
1 0.6890625 0.26171875 0.03828125 0.0375
1 0.35546875 0.35546875 0.0359375 0.0390625
1 0.74140625 0.56640625 0.03671875 0.03671875
1 0.31015625 0.3125 0.0359375 0.0375
1 0.740625 0.40390625 0.0375 0.03828125
1 0.753125 0.31875 0.03828125 0.0375
1 0.54921875 0.209375 0.0390625 0.03828125
0 0.653125 0.55703125 0.03828125 0.03515625
1 0.5640625 0.665625 0.0375 0.0390625
0 0.46484375 0.55234375 0.0375 0.0390625
1 0.7875 0.553125 0.03671875 0.03671875
1 0.5953125 0.21796875 0.03671875 0.0375
0 0.50703125 0.421875 0.03984375 0.0359375
1 0.64140625 0.21640625 0.03828125 0.0375
1 0.78984375 0.45703125 0.03984375 0.0375
1 0.74921875 0.2546875 0.0375 0.0375
1 0.70703125 0.5171875 0.03671875 0.0375
0 0.50625 0.36796875 0.0390625 0.0359375
1 0.1609375 0.35703125 0.03984375 0.03828125
1 0.70703125 0.5578125 0.0359375 0.0359375
0 0.66328125 0.709375 0.0390625 0.0359375
0 0.465625 0.31171875 0.040625 0.0375
0 0.70625 0.75078125 0.03359375 0.03359375
1 0.3203125 0.46640625 0.03828125 0.03671875
1 0.79375 0.3203125 0.03671875 0.03828125
1 0.784375 0.2046875 0.03984375 0.03828125
1 0.73515625 0.20703125 0.03984375 0.0390625
0 0.70390625 0.3546875 0.03828125 0.0375
1 0.128125 0.42265625 0.03984375 0.03984375
1 0.2515625 0.17421875 0.0390625 0.03984375
1 0.26640625 0.475 0.0390625 0.0375
1 0.8359375 0.51171875 0.03984375 0.03984375
1 0.75078125 0.3546875 0.03671875 0.03671875
0 0.35078125 0.4125 0.03828125 0.0375
1 0.846875 0.75390625 0.0375 0.0375
0 0.4125 0.51484375 0.040625 0.0359375
0 0.646875 0.4078125 0.0359375 0.03515625
0 0.5609375 0.31015625 0.0390625 0.034375
1 0.88515625 0.5046875 0.0390625 0.03828125
0 0.40859375 0.4078125 0.03828125 0.03828125
0 0.83515625 0.59765625 0.03671875 0.034375
1 0.2140625 0.21171875 0.04140625 0.04140625
0 0.3171875 0.56640625 0.0390625 0.0375
1 0.8859375 0.70546875 0.03515625 0.03671875
1 0.565625 0.7515625 0.0375 0.03671875
1 0.30625 0.1640625 0.040625 0.03984375
0 0.65234375 0.459375 0.0375 0.03671875
0 0.7046875 0.8046875 0.0375 0.03671875
0 0.65703125 0.5046875 0.03828125 0.0359375
0 0.75859375 0.6140625 0.04140625 0.03671875
0 0.79609375 0.5921875 0.03984375 0.0375
1 0.10859375 0.359375 0.04140625 0.03984375
1 0.11875 0.4671875 0.040625 0.04140625
1 0.7625 0.75078125 0.040625 0.0390625
0 0.321875 0.66484375 0.03828125 0.03984375
1 0.22890625 0.6671875 0.03984375 0.03828125
1 0.21171875 0.5671875 0.0390625 0.0390625
1 0.3734375 0.66640625 0.03984375 0.0390625
1 0.26953125 0.52734375 0.0375 0.03984375
0 0.64609375 0.31328125 0.03984375 0.03828125
1 0.22578125 0.72734375 0.0390625 0.0359375
0 0.66328125 0.65703125 0.03984375 0.0359375
1 0.8796875 0.4 0.0375 0.0375
0 0.51875 0.75625 0.040625 0.03828125
1 0.515625 0.809375 0.03671875 0.03671875
1 0.3703125 0.71796875 0.03828125 0.0375
1 0.9328125 0.6984375 0.0375 0.03671875
1 0.3234375 0.71484375 0.0375 0.0375
1 0.16875 0.56796875 0.03984375 0.03984375
0 0.40625 0.35390625 0.04140625 0.0375
0 0.74609375 0.71015625 0.0390625 0.03671875
0 0.69609375 0.29921875 0.03671875 0.03671875
0 0.2671875 0.4328125 0.04296875 0.03984375
0 0.30546875 0.365625 0.0421875 0.0375
0 0.2203125 0.61796875 0.040625 0.03984375
0 0.5078125 0.253125 0.0390625 0.04140625
0 0.46015625 0.4625 0.0375 0.03515625
0 0.36328125 0.76875 0.0390625 0.03828125
0 0.2203125 0.41328125 0.0390625 0.03828125
1 0.809375 0.79609375 0.03828125 0.03671875
0 0.47109375 0.51328125 0.0390625 0.0375
1 0.27578125 0.5625 0.0390625 0.03671875
0 0.31484375 0.2671875 0.03984375 0.03984375
1 0.11171875 0.30390625 0.040625 0.040625
0 0.603125 0.65703125 0.040625 0.03671875
1 0.18046875 0.66875 0.03828125 0.03828125
1 0.56171875 0.8171875 0.03671875 0.03828125
1 0.3125 0.41796875 0.03671875 0.0375
1 0.1546875 0.2125 0.0390625 0.03984375
0 0.80390625 0.75546875 0.0390625 0.0375
1 0.25078125 0.11015625 0.03984375 0.0390625
0 0.66796875 0.85 0.0359375 0.0359375
0 0.2265625 0.46953125 0.04140625 0.040625
1 0.2796875 0.6671875 0.03984375 0.03828125
0 0.36796875 0.26484375 0.0375 0.0421875
1 0.12421875 0.675 0.03984375 0.03984375
0 0.215625 0.52421875 0.040625 0.03984375
1 0.75859375 0.8015625 0.03671875 0.0390625
0 0.8453125 0.703125 0.0375 0.0390625
0 0.2140625 0.76171875 0.0375 0.03671875
1 0.8390625 0.15390625 0.040625 0.0390625
1 0.94609375 0.55078125 0.0375 0.0359375
1 0.32109375 0.5171875 0.03671875 0.0375
0 0.6375 0.26484375 0.03828125 0.0375
0 0.22578125 0.82109375 0.040625 0.03984375
0 0.61484375 0.76171875 0.040625 0.03828125
0 0.30078125 0.21015625 0.0390625 0.040625
0 0.6046875 0.81015625 0.040625 0.0390625
0 0.88828125 0.6609375 0.03984375 0.0375
0 0.6203125 0.85546875 0.03828125 0.03828125
0 0.25234375 0.25859375 0.03828125 0.03828125
1 0.71796875 0.85546875 0.0390625 0.03984375
1 0.4625 0.7734375 0.03515625 0.0375
1 0.11484375 0.57734375 0.040625 0.03828125
0 0.1796875 0.421875 0.04453125 0.040625
0 0.2234375 0.88828125 0.0390625 0.0359375
1 0.06796875 0.3734375 0.0421875 0.040625
1 0.321875 0.76640625 0.03828125 0.03671875
0 0.16875 0.5125 0.040625 0.0375
1 0.465625 0.81875 0.0375 0.0375
1 0.07109375 0.67890625 0.04296875 0.04140625
0 0.89375 0.55546875 0.0390625 0.03671875
0 0.16796875 0.6125 0.0421875 0.04140625
0 0.45078125 0.2640625 0.040625 0.040625
1 0.875 0.2515625 0.03828125 0.03828125
1 0.0984375 0.21328125 0.04140625 0.03828125
0 0.52421875 0.86328125 0.03984375 0.0390625
0 0.68671875 0.215625 0.040625 0.03984375
0 0.35390625 0.1578125 0.03984375 0.0390625
0 0.4125 0.15625 0.03984375 0.03984375
1 0.84921875 0.84609375 0.03828125 0.03828125
1 0.0609375 0.5734375 0.040625 0.03828125
1 0.840625 0.1140625 0.040625 0.03828125
1 0.06171875 0.259375 0.04296875 0.03984375
0 0.2796875 0.8640625 0.0390625 0.0390625
0 0.26328125 0.37109375 0.0421875 0.03984375
0 0.209375 0.36640625 0.0390625 0.03984375
1 0.07109375 0.6265625 0.0421875 0.0390625
1 0.28046875 0.8234375 0.0390625 0.0390625
1 0.059375 0.48671875 0.040625 0.03984375
1 0.10859375 0.51875 0.03984375 0.04140625
0 0.20546875 0.26796875 0.040625 0.0390625
1 0.56796875 0.85703125 0.0375 0.03671875
0 0.79375 0.7015625 0.03828125 0.0390625
1 0.11640625 0.615625 0.040625 0.03828125
1 0.12578125 0.81484375 0.04296875 0.03984375
1 0.0640625 0.725 0.04140625 0.03984375
1 0.9375 0.74921875 0.0390625 0.0375
1 0.75703125 0.85078125 0.03671875 0.03828125
0 0.13046875 0.71796875 0.0421875 0.03671875
0 0.1203125 0.7765625 0.040625 0.0375
1 0.9421875 0.4984375 0.03515625 0.0390625
0 0.52578125 0.90546875 0.0390625 0.03828125
0 0.64140625 0.1609375 0.03828125 0.03828125
1 0.475 0.85625 0.03828125 0.03671875
0 0.5484375 0.16171875 0.04375 0.03828125
0 0.17890625 0.71328125 0.040625 0.040625
0 0.746875 0.15859375 0.03984375 0.0375
0 0.94453125 0.6578125 0.04140625 0.0375
1 0.36796875 0.90546875 0.0390625 0.03828125
0 0.6890625 0.16484375 0.0390625 0.0390625
1 0.70546875 0.8984375 0.03671875 0.03828125
0 0.4984375 0.16015625 0.03828125 0.03984375
0 0.9421875 0.60078125 0.03515625 0.034375
1 0.07265625 0.81953125 0.0421875 0.040625
1 0.415625 0.86015625 0.03671875 0.0390625
1 0.66875 0.90859375 0.0375 0.03671875
0 0.153125 0.31171875 0.040625 0.03828125
0 0.1703125 0.88359375 0.0421875 0.040625
1 0.334375 0.865625 0.0359375 0.03515625
0 0.465625 0.9171875 0.0390625 0.03984375
0 0.39375 0.11875 0.03984375 0.03984375
0 0.7953125 0.15703125 0.0375 0.0390625
1 0.428125 0.90703125 0.0375 0.0359375
1 0.78828125 0.05390625 0.03828125 0.03984375
1 0.7640625 0.89296875 0.0375 0.03671875
1 0.8875 0.890625 0.04453125 0.03828125
1 0.146875 0.11171875 0.04140625 0.0390625
0 0.16015625 0.2578125 0.04140625 0.0390625
1 0.3734375 0.80859375 0.03671875 0.03203125
0 0.2984375 0.10234375 0.040625 0.0375
0 0.65703125 0.94453125 0.0390625 0.03828125
1 0.12265625 0.878125 0.0421875 0.0421875
1 0.2984375 0.0609375 0.0421875 0.040625
1 0.275 0.75859375 0.03828125 0.034375
1 0.0671875 0.8796875 0.0421875 0.0390625
1 0.4265625 0.8171875 0.0359375 0.034375
1 0.8296875 0.046875 0.040625 0.04140625
0 0.7921875 0.10625 0.03828125 0.0375
0 0.68671875 0.10703125 0.040625 0.03828125
1 0.1234375 0.92734375 0.040625 0.0421875
1 0.2765625 0.91875 0.040625 0.0390625
0 0.06953125 0.77734375 0.0390625 0.0421875
0 0.6234375 0.95625 0.0375 0.03828125
1 0.1828125 0.93046875 0.03984375 0.0421875
0 0.51328125 0.9546875 0.0390625 0.03671875
0 0.10546875 0.259375 0.046875 0.0421875
1 0.25078125 0.0640625 0.03359375 0.03515625
1 0.4296875 0.9578125 0.0390625 0.0375
0 0.353125 0.0640625 0.040625 0.040625
1 0.471875 0.95625 0.0390625 0.03828125
1 0.709375 0.94453125 0.0375 0.03671875
1 0.77265625 0.94375 0.03671875 0.0375
0 0.23125 0.9390625 0.04140625 0.040625
0 0.7421875 0.06015625 0.0390625 0.03671875
1 0.2734375 0.9640625 0.04140625 0.040625
0 0.40390625 0.05390625 0.04296875 0.04140625
1 0.321875 0.97734375 0.0390625 0.0375
0 0.225 0.97734375 0.04296875 0.03828125
0 0.17265625 0.97734375 0.03984375 0.03828125
0 0.07734375 0.9734375 0.04296875 0.04296875
0 0.12265625 0.978125 0.03984375 0.03828125
0 0.60078125 0.303125 0.03515625 0.0359375
0 0.3609375 0.51484375 0.03984375 0.0359375
0 0.284375 0.61015625 0.03984375 0.04296875
0 0.36796875 0.5609375 0.03984375 0.03984375
0 0.3328125 0.6203125 0.03359375 0.03984375
0 0.3703125 0.62421875 0.04140625 0.04140625
0 0.46171875 0.609375 0.03828125 0.0375
0 0.50390625 0.6171875 0.0421875 0.040625
0 0.4203125 0.671875 0.04140625 0.0390625
0 0.515625 0.659375 0.03984375 0.03828125
0 0.41875 0.7265625 0.03828125 0.04140625
0 0.41015625 0.76875 0.040625 0.03828125
0 0.47109375 0.71953125 0.040625 0.0375
0 0.5234375 0.715625 0.04140625 0.0390625
0 0.575 0.70546875 0.03984375 0.03984375
0 0.5765625 0.90703125 0.03671875 0.03984375
0 0.6203125 0.90703125 0.03828125 0.03984375
0 0.70546875 0.60078125 0.0375 0.0390625
0 0.82421875 0.5515625 0.03359375 0.03515625
0 0.8578125 0.559375 0.03515625 0.034375
0 0.1640625 0.76953125 0.04296875 0.040625