0 0.33203125 0.49375 0.06484375 0.06015625
1 0.03359375 0.8609375 0.0640625 0.06328125
1 0.0296875 0.78046875 0.059375 0.0640625
0 0.1859375 0.49765625 0.0671875 0.06171875
0 0.27421875 0.56328125 0.06640625 0.0609375
0 0.35078125 0.6359375 0.065625 0.0609375
0 0.79921875 0.4796875 0.065625 0.06015625
0 0.428125 0.5453125 0.065625 0.059375
0 0.26953125 0.4125 0.0671875 0.0609375
0 0.49609375 0.48515625 0.0640625 0.059375
0 0.1921875 0.62109375 0.06640625 0.0625
0 0.1984375 0.34296875 0.06640625 0.0609375
0 0.3421875 0.35 0.06640625 0.059375
0 0.4328125 0.48203125 0.065625 0.0609375
0 0.10078125 0.3984375 0.06640625 0.0609375
0 0.64921875 0.55625 0.06484375 0.059375
0 0.1078125 0.55625 0.06796875 0.0609375
0 0.42890625 0.41875 0.06484375 0.05859375
0 0.1328125 0.340625 0.06484375 0.059375
0 0.8953125 0.49140625 0.065625 0.06015625
0 0.8 0.5734375 0.065625 0.06015625
1 0.19453125 0.92578125 0.065625 0.0625
0 0.7328125 0.64375 0.065625 0.06171875
0 0.33125 0.709375 0.0671875 0.06171875
0 0.26640625 0.70703125 0.06640625 0.0625
1 0.275 0.9203125 0.0671875 0.0625
1 0.3453125 0.8625 0.06796875 0.06171875
0 0.71875 0.4859375 0.0640625 0.05859375
1 0.09921875 0.93125 0.0671875 0.06171875
0 0.6609375 0.62890625 0.06484375 0.06015625
0 0.26484375 0.2640625 0.06640625 0.06015625
1 0.60234375 0.925 0.0671875 0.0625
1 0.115625 0.775 0.06875 0.0640625
1 0.67109375 0.85078125 0.06640625 0.0625
1 0.03671875 0.715625 0.065625 0.06484375
0 0.88515625 0.66171875 0.06640625 0.06328125
0 0.184375 0.2765625 0.06640625 0.06015625
1 0.0359375 0.6375 0.065625 0.0625
0 0.66328125 0.70390625 0.065625 0.06171875
1 0.6015625 0.8609375 0.06640625 0.0625
1 0.41796875 0.846875 0.065625 0.06171875
1 0.26640625 0.85625 0.06796875 0.06328125
0 0.03125 0.47890625 0.0625 0.0609375
1 0.1859375 0.77890625 0.0671875 0.06171875
0 0.11328125 0.71171875 0.06953125 0.06328125
1 0.4828125 0.92109375 0.06640625 0.0625
0 0.81171875 0.7140625 0.065625 0.06015625
0 0.74375 0.78671875 0.065625 0.06328125
0 0.0328125 0.3953125 0.06484375 0.0625
1 0.03671875 0.5453125 0.06640625 0.0625
0 0.3578125 0.790625 0.06640625 0.06171875
0 0.95390625 0.4140625 0.065625 0.0609375
0 0.87421875 0.33984375 0.06484375 0.06171875
0 0.9625 0.475 0.065625 0.0625
1 0.26640625 0.7953125 0.06796875 0.06171875
1 0.58984375 0.78046875 0.06640625 0.0625
0 0.946875 0.3484375 0.06640625 0.06328125
1 0.66484375 0.7828125 0.065625 0.06171875
0 0.96015625 0.5609375 0.065625 0.0625
1 0.42109375 0.7703125 0.065625 0.06171875
0 0.9484375 0.6578125 0.065625 0.06328125
0 0.7484375 0.853125 0.06640625 0.0625
1 0.04921875 0.33046875 0.06640625 0.0625
0 0.8984375 0.81328125 0.0671875 0.06328125
1 0.57890625 0.71484375 0.065625 0.06328125
0 0.953125 0.715625 0.0640625 0.0625
1 0.4109375 0.6984375 0.06640625 0.06171875
1 0.5046875 0.6328125 0.06484375 0.0609375
1 0.428125 0.628125 0.06484375 0.0609375
0 0.26015625 0.1953125 0.06796875 0.059375
0 0.878125 0.86875 0.0671875 0.06328125
1 0.04296875 0.26640625 0.065625 0.0625
1 0.5734375 0.6390625 0.0640625 0.0609375
1 0.890625 0.41640625 0.0640625 0.06328125
1 0.79765625 0.4109375 0.0640625 0.0625
0 0.1 0.86796875 0.0703125 0.06328125
1 0.11953125 0.2734375 0.065625 0.06171875
1 0.50625 0.5609375 0.06484375 0.06015625
1 0.040625 0.13984375 0.0640625 0.0625
1 0.65859375 0.475 0.06484375 0.0625
1 0.58125 0.54921875 0.06328125 0.059375
1 0.8859375 0.271875 0.06328125 0.0609375
1 0.496875 0.4125 0.06328125 0.05859375
1 0.12109375 0.196875 0.0671875 0.06171875
1 0.95625 0.2015625 0.06328125 0.0609375
1 0.7171875 0.4078125 0.06328125 0.0609375
1 0.58515625 0.478125 0.0640625 0.06015625
1 0.4125 0.334375 0.06484375 0.06015625
1 0.3359375 0.28046875 0.065625 0.0625
1 0.1953125 0.19296875 0.065625 0.0609375
1 0.7265625 0.3421875 0.0625 0.06171875
0 0.6671875 0.93046875 0.065625 0.06328125
0 0.73125 0.92578125 0.06640625 0.0640625
1 0.34296875 0.19140625 0.065625 0.0609375
0 0.965625 0.26796875 0.0640625 0.0625
1 0.64921875 0.4015625 0.06484375 0.0625
1 0.88515625 0.2015625 0.0640625 0.06171875
1 0.4234375 0.184375 0.065625 0.0609375
1 0.809375 0.27578125 0.06328125 0.06015625
1 0.940625 0.1296875 0.06328125 0.0609375
1 0.57734375 0.3453125 0.06328125 0.06171875
1 0.65 0.25234375 0.0625 0.06015625
1 0.49921875 0.2578125 0.0640625 0.0609375
1 0.26171875 0.11640625 0.065625 0.0609375
1 0.5015625 0.18671875 0.0625 0.06015625
1 0.575 0.26015625 0.06328125 0.059375
1 0.65546875 0.33515625 0.0625 0.06171875
0 0.80078125 0.93203125 0.06484375 0.06171875
1 0.940625 0.0578125 0.06171875 0.06015625
1 0.4234375 0.125 0.065625 0.05859375
1 0.04296875 0.04453125 0.06328125 0.06015625
1 0.18515625 0.05625 0.065625 0.0609375
1 0.8078125 0.3453125 0.06328125 0.0609375
1 0.49296875 0.05078125 0.0640625 0.0609375
1 0.42109375 0.06484375 0.06484375 0.059375
1 0.8796875 0.0546875 0.06015625 0.0609375
0 0.97578125 0.8703125 0.0484375 0.0609375
1 0.26796875 0.05703125 0.065625 0.06015625
0 0.8921875 0.93671875 0.06484375 0.0609375
1 0.65703125 0.04921875 0.06171875 0.0625