0 0.55234375 0.73046875 0.05 0.0515625
1 0.21640625 0.78125 0.05 0.0515625
1 0.32734375 0.84921875 0.05078125 0.0515625
0 0.26484375 0.671875 0.05234375 0.053125
1 0.328125 0.79375 0.05078125 0.0515625
0 0.609375 0.8359375 0.053125 0.05390625
1 0.4359375 0.72421875 0.05 0.05078125
1 0.559375 0.78359375 0.053125 0.05390625
1 0.5625 0.85 0.0515625 0.05234375
1 0.325 0.66953125 0.05 0.0515625
1 0.27578125 0.7265625 0.05078125 0.05234375
0 0.48203125 0.62265625 0.05078125 0.05234375
0 0.475 0.40546875 0.04921875 0.05
0 0.2671875 0.7765625 0.05234375 0.0546875
0 0.5359375 0.57265625 0.05 0.05234375
1 0.371875 0.51484375 0.04765625 0.0484375
0 0.4140625 0.56953125 0.04921875 0.05078125
0 0.35859375 0.41875 0.0515625 0.05234375
1 0.49609375 0.8890625 0.0515625 0.05390625
1 0.37109375 0.4703125 0.04765625 0.04921875
1 0.2609375 0.5140625 0.0515625 0.05234375
0 0.2671875 0.83671875 0.05234375 0.0546875
1 0.2046875 0.4703125 0.0484375 0.04921875
1 0.38515625 0.725 0.04921875 0.05
0 0.53203125 0.51953125 0.05 0.05078125
0 0.3828125 0.89375 0.05 0.053125
0 0.25703125 0.5640625 0.05 0.05
1 0.20703125 0.4171875 0.0484375 0.04765625
0 0.321875 0.90078125 0.05234375 0.053125
0 0.253125 0.35 0.0484375 0.05078125
0 0.31875 0.61953125 0.0453125 0.04609375
0 0.42421875 0.359375 0.046875 0.04921875
1 0.4953125 0.71953125 0.05234375 0.05390625
1 0.38828125 0.83984375 0.05 0.053125
0 0.3109375 0.56328125 0.05078125 0.053125
0 0.209375 0.83125 0.05078125 0.0515625
0 0.4203125 0.30703125 0.0453125 0.04765625
0 0.2578125 0.40703125 0.0453125 0.046875
1 0.43515625 0.67578125 0.0515625 0.0515625
0 0.275 0.94921875 0.0515625 0.0546875
1 0.440625 0.8953125 0.0546875 0.05859375
0 0.30390625 0.35703125 0.04921875 0.0484375
1 0.25546875 0.3046875 0.04765625 0.05
1 0.521875 0.46328125 0.04921875 0.05234375
1 0.328125 0.73125 0.0578125 0.0609375
0 0.41484375 0.5171875 0.0453125 0.046875
1 0.3625 0.26875 0.053125 0.0515625
1 0.3359375 0.95390625 0.0515625 0.0546875
0 0.3078125 0.31171875 0.04453125 0.0453125
1 0.3796875 0.62265625 0.05078125 0.0515625
1 0.47421875 0.315625 0.04765625 0.04921875
1 0.30859375 0.26484375 0.046875 0.05
0 0.2125 0.88203125 0.05078125 0.05234375
1 0.44375 0.83984375 0.05 0.05234375
1 0.3921875 0.95390625 0.05234375 0.053125
1 0.36875 0.57109375 0.04609375 0.0484375
0 0.20859375 0.73046875 0.0484375 0.0515625
0 0.25546875 0.459375 0.04765625 0.05
0 0.30546875 0.46328125 0.0515625 0.05234375
0 0.41640625 0.4609375 0.0453125 0.05234375
0 0.475 0.4625 0.046875 0.0515625
0 0.353125 0.3140625 0.04453125 0.046875
0 0.2734375 0.89296875 0.0484375 0.05390625
1 0.32109375 0.51484375 0.04296875 0.04765625