1 0.6890625 0.71953125 0.05234375 0.05
0 0.54609375 0.47578125 0.0515625 0.04765625
0 0.4921875 0.4703125 0.0515625 0.04921875
0 0.54609375 0.5734375 0.05234375 0.0484375
0 0.38515625 0.4671875 0.05234375 0.04765625
0 0.44140625 0.471875 0.0515625 0.04921875
0 0.596875 0.46796875 0.0515625 0.04921875
0 0.5984375 0.57265625 0.05234375 0.05
0 0.378125 0.4203125 0.05234375 0.04921875
0 0.5890625 0.52734375 0.05234375 0.04765625
0 0.44296875 0.57109375 0.05234375 0.0484375
0 0.53203125 0.384375 0.0515625 0.04765625
0 0.32734375 0.4734375 0.05234375 0.04921875
0 0.4265625 0.38203125 0.0515625 0.046875
0 0.4890625 0.42265625 0.0515625 0.0484375
0 0.43984375 0.5171875 0.0515625 0.04921875
0 0.3265625 0.42109375 0.05234375 0.0484375
0 0.58671875 0.42109375 0.05234375 0.04765625
0 0.3921875 0.57109375 0.0515625 0.04765625
0 0.321875 0.5234375 0.053125 0.04765625
0 0.49921875 0.5296875 0.0515625 0.04765625
1 0.48359375 0.728125 0.053125 0.05
0 0.584375 0.62578125 0.05234375 0.04921875
0 0.27109375 0.37890625 0.0515625 0.04921875
0 0.49375 0.57578125 0.05234375 0.04921875
0 0.321875 0.37578125 0.0515625 0.04921875
1 0.53984375 0.72578125 0.0515625 0.0484375
1 0.39609375 0.8734375 0.0546875 0.0515625
1 0.7015625 0.67109375 0.0546875 0.04921875
0 0.48828125 0.621875 0.053125 0.04921875
0 0.29140625 0.3328125 0.0515625 0.0484375
0 0.240625 0.33046875 0.05078125 0.0484375
0 0.2234375 0.42578125 0.05078125 0.04765625
0 0.171875 0.3875 0.05234375 0.05
0 0.18359375 0.34140625 0.0515625 0.046875
1 0.59375 0.6734375 0.053125 0.05
0 0.221875 0.37890625 0.0515625 0.04921875
0 0.48125 0.37734375 0.0515625 0.04921875
0 0.1875 0.29296875 0.0515625 0.05
1 0.16875 0.825 0.05546875 0.05234375
1 0.33046875 0.81328125 0.05390625 0.05
0 0.58125 0.37578125 0.05078125 0.0484375
0 0.17890625 0.24453125 0.0515625 0.0484375
0 0.2375 0.2828125 0.0515625 0.04765625
1 0.384375 0.8234375 0.05546875 0.05078125
1 0.2796875 0.65546875 0.05234375 0.0515625
1 0.43984375 0.67734375 0.05390625 0.05
1 0.2296875 0.696875 0.05234375 0.05078125
1 0.27109375 0.52890625 0.05234375 0.04765625
1 0.69140625 0.62265625 0.0546875 0.0484375
0 0.12890625 0.240625 0.05078125 0.046875
1 0.11953125 0.90859375 0.05546875 0.0515625
0 0.1296875 0.3375 0.0515625 0.0484375
1 0.3921875 0.77265625 0.05546875 0.05078125
1 0.125 0.85859375 0.0546875 0.05078125
1 0.634375 0.6125 0.053125 0.04921875
1 0.12109375 0.3875 0.05234375 0.04921875
0 0.13515625 0.1953125 0.0515625 0.046875
0 0.5421875 0.6640625 0.05234375 0.04765625
1 0.38046875 0.6171875 0.05390625 0.05
1 0.175 0.43671875 0.053125 0.05
0 0.18203125 0.153125 0.05078125 0.0453125
1 0.078125 0.34140625 0.05078125 0.04921875
0 0.07578125 0.24296875 0.0515625 0.04765625
1 0.3171875 0.6140625 0.053125 0.05
1 0.6375 0.51484375 0.0515625 0.04765625
0 0.490625 0.6703125 0.053125 0.05078125
0 0.071875 0.2953125 0.05234375 0.04765625
1 0.38828125 0.72109375 0.05390625 0.04921875
1 0.16953125 0.765625 0.05390625 0.05078125
1 0.4359375 0.621875 0.05234375 0.04921875
0 0.234375 0.10859375 0.05078125 0.04609375
1 0.6546875 0.471875 0.0515625 0.0484375
1 0.2171875 0.4734375 0.0515625 0.0484375
1 0.65078125 0.56328125 0.05234375 0.04921875
1 0.70625 0.57734375 0.0546875 0.04921875
1 0.2703125 0.47890625 0.053125 0.04765625
1 0.33984375 0.5703125 0.05234375 0.04765625
1 0.6390625 0.425 0.0515625 0.046875
0 0.071875 0.16171875 0.0515625 0.04609375
1 0.2296875 0.23671875 0.0515625 0.046875
1 0.3765625 0.3703125 0.05078125 0.04921875
1 0.34296875 0.3234375 0.0515625 0.04921875
1 0.28828125 0.28046875 0.0515625 0.0484375
0 0.13046875 0.1078125 0.05078125 0.04609375
1 0.64140625 0.3765625 0.0515625 0.046875
1 0.275 0.4328125 0.0515625 0.04765625
1 0.234375 0.15546875 0.0515625 0.04921875
1 0.18671875 0.19765625 0.05 0.04609375
1 0.5375 0.33828125 0.05078125 0.04765625
1 0.5921875 0.33046875 0.05234375 0.0484375
1 0.43046875 0.33515625 0.0515625 0.046875
1 0.2921875 0.1015625 0.05078125 0.0484375
1 0.484375 0.3296875 0.0515625 0.04765625
1 0.2453125 0.0625 0.05 0.04765625
0 0.1953125 0.0609375 0.05078125 0.046875
0 0.06875 0.06953125 0.05 0.04609375
1 0.3609375 0.63359375 0.04921875 0.04609375