0 0.35625 0.44453125 0.04765625 0.0515625
1 0.15859375 0.33671875 0.0484375 0.053125
0 0.16484375 0.7046875 0.046875 0.05
0 0.45546875 0.12890625 0.0484375 0.05
0 0.60546875 0.12890625 0.04921875 0.05078125
1 0.159375 0.8609375 0.0484375 0.05234375
1 0.64453125 0.9140625 0.0484375 0.05234375
0 0.35625 0.928125 0.04765625 0.0484375
0 0.6359375 0.49140625 0.04609375 0.04921875
1 0.7890625 0.8109375 0.046875 0.05234375
0 0.5359375 0.70390625 0.0453125 0.04765625
1 0.353125 0.86015625 0.04609375 0.0515625
1 0.6875 0.60078125 0.046875 0.04921875
1 0.740625 0.81015625 0.046875 0.0515625
1 0.740625 0.5453125 0.04921875 0.0515625
1 0.44921875 0.859375 0.046875 0.0515625
1 0.49609375 0.7546875 0.04765625 0.05
1 0.49609375 0.859375 0.04609375 0.05
0 0.4484375 0.92109375 0.0484375 0.04921875
0 0.73125 0.75625 0.0484375 0.05
1 0.8390625 0.49140625 0.05 0.05234375
1 0.16015625 0.23125 0.04765625 0.0515625
0 0.6953125 0.2921875 0.04765625 0.04921875
1 0.209375 0.23046875 0.0484375 0.0515625
0 0.54609375 0.4484375 0.04609375 0.04765625
0 0.590625 0.77109375 0.0484375 0.0453125
1 0.11171875 0.290625 0.04765625 0.053125
0 0.1109375 0.2375 0.04609375 0.05
0 0.74375 0.28515625 0.0484375 0.0484375
1 0.840625 0.2265625 0.05 0.053125
1 0.209375 0.17734375 0.04921875 0.0515625
0 0.1171875 0.17890625 0.04765625 0.04921875
0 0.5890625 0.29140625 0.046875 0.04765625
0 0.59609375 0.446875 0.0453125 0.04765625
0 0.6921875 0.3921875 0.046875 0.05078125
1 0.78984375 0.3359375 0.05 0.0515625
1 0.78828125 0.17421875 0.0484375 0.0515625
0 0.2046875 0.54609375 0.046875 0.0484375
0 0.790625 0.284375 0.0484375 0.05078125
1 0.20859375 0.1265625 0.05 0.05234375
1 0.159375 0.07265625 0.0484375 0.05234375
0 0.74296875 0.39453125 0.0453125 0.04921875
0 0.16171875 0.17890625 0.04453125 0.05
1 0.6421875 0.3890625 0.046875 0.05
1 0.78828125 0.4421875 0.04921875 0.05234375
0 0.5875 0.5953125 0.0453125 0.04765625
1 0.74296875 0.121875 0.0484375 0.05
0 0.54296875 0.6015625 0.04765625 0.04765625
0 0.6921875 0.86484375 0.04609375 0.0484375
0 0.34921875 0.69765625 0.046875 0.04765625
1 0.64453125 0.81015625 0.046875 0.0515625
1 0.890625 0.33359375 0.04921875 0.0515625
0 0.40703125 0.290625 0.04609375 0.04765625
0 0.89375 0.45078125 0.046875 0.05078125
0 0.15546875 0.12734375 0.046875 0.05078125
1 0.79453125 0.38828125 0.05 0.0515625
1 0.78984375 0.65234375 0.04921875 0.05078125
0 0.7859375 0.2328125 0.04765625 0.05078125
1 0.590625 0.821875 0.04765625 0.0515625
0 0.73125 0.659375 0.04765625 0.04921875
1 0.69140625 0.446875 0.046875 0.05
1 0.840625 0.43984375 0.0484375 0.0515625
1 0.5921875 0.7046875 0.04765625 0.05
0 0.43515625 0.7515625 0.0453125 0.04765625
0 0.83984375 0.80625 0.0484375 0.04921875
1 0.890625 0.28125 0.05 0.05234375
1 0.88984375 0.38828125 0.0484375 0.05234375
0 0.8421875 0.33515625 0.04609375 0.05
1 0.8390625 0.8640625 0.0484375 0.0515625
1 0.30390625 0.9140625 0.0484375 0.05078125
1 0.8390625 0.12109375 0.0484375 0.0515625
1 0.64375 0.43984375 0.046875 0.05
0 0.85 0.55390625 0.04921875 0.04921875
1 0.20859375 0.91484375 0.04765625 0.05
0 0.8390625 0.2796875 0.04609375 0.0515625
0 0.58828125 0.87578125 0.0453125 0.04921875
1 0.8390625 0.7046875 0.0484375 0.0515625
1 0.64140625 0.65078125 0.04765625 0.05
1 0.2078125 0.071875 0.04921875 0.05234375
0 0.73515625 0.60859375 0.04609375 0.04765625
0 0.490625 0.69921875 0.04765625 0.04765625
0 0.53828125 0.65390625 0.04609375 0.04921875
0 0.8953125 0.55625 0.0453125 0.04921875
1 0.590625 0.64609375 0.046875 0.05
0 0.8421875 0.3875 0.04609375 0.05
1 0.209375 0.80546875 0.0484375 0.05078125
1 0.7890625 0.5984375 0.04921875 0.05078125
1 0.78984375 0.546875 0.04921875 0.0515625
0 0.6421875 0.540625 0.04609375 0.04765625
0 0.89140625 0.5015625 0.046875 0.0484375
1 0.63984375 0.59296875 0.04765625 0.05078125
1 0.73984375 0.4953125 0.05 0.05078125
0 0.8875 0.80859375 0.04609375 0.04921875
1 0.6890625 0.54609375 0.0484375 0.0515625
1 0.25703125 0.86171875 0.04765625 0.05078125
0 0.8859375 0.7078125 0.0453125 0.04765625
0 0.84453125 0.6046875 0.04765625 0.0484375
0 0.5421875 0.928125 0.04609375 0.04765625
0 0.40234375 0.915625 0.0484375 0.05
1 0.4015625 0.8609375 0.04765625 0.0515625
1 0.54296875 0.7578125 0.0453125 0.05078125
1 0.49609375 0.8078125 0.04765625 0.05
1 0.790625 0.06875 0.04765625 0.05078125
1 0.8875 0.86015625 0.0484375 0.0515625
0 0.84921875 0.65546875 0.04765625 0.05
0 0.5953125 0.925 0.04609375 0.05
0 0.496875 0.93046875 0.04765625 0.0484375
0 0.78984375 0.71171875 0.04765625 0.05078125
1 0.64375 0.8609375 0.04765625 0.05078125
0 0.6375 0.7609375 0.0484375 0.04765625
0 0.7796875 0.759375 0.04765625 0.04921875
0 0.684375 0.7640625 0.04765625 0.04765625
1 0.69375 0.8140625 0.046875 0.0515625
1 0.54296875 0.86171875 0.04609375 0.05