0 0.0890625 0.3828125 0.05625 0.0546875
1 0.4421875 0.1671875 0.053125 0.05
1 0.56796875 0.16484375 0.053125 0.0515625
1 0.746875 0.1671875 0.05390625 0.0515625
1 0.45390625 0.21484375 0.053125 0.05
1 0.61796875 0.22734375 0.05390625 0.0515625
0 0.14765625 0.428125 0.053125 0.0515625
1 0.8171875 0.2125 0.053125 0.05078125
1 0.74140625 0.265625 0.05390625 0.05234375
1 0.44609375 0.2640625 0.05390625 0.0515625
0 0.21171875 0.378125 0.053125 0.05078125
1 0.67578125 0.26875 0.0546875 0.05234375
0 0.14296875 0.55 0.05546875 0.053125
0 0.08828125 0.659375 0.0546875 0.05234375
0 0.265625 0.28671875 0.05390625 0.05078125
0 0.79609375 0.540625 0.05625 0.05234375
1 0.80234375 0.26796875 0.0546875 0.053125
1 0.315625 0.32578125 0.053125 0.053125
1 0.446875 0.325 0.053125 0.0515625
1 0.5109375 0.328125 0.05390625 0.0515625
1 0.50234375 0.26953125 0.05234375 0.05234375
1 0.390625 0.33046875 0.05390625 0.05234375
0 0.390625 0.16953125 0.05390625 0.05
1 0.56328125 0.33671875 0.053125 0.0515625
0 0.21015625 0.54765625 0.05546875 0.0515625
1 0.79765625 0.32890625 0.0546875 0.05234375
0 0.32734375 0.27578125 0.05390625 0.05078125
0 0.68515625 0.2140625 0.0546875 0.0515625
1 0.68359375 0.31953125 0.0546875 0.05390625
1 0.625 0.3265625 0.05234375 0.0515625
0 0.259375 0.3359375 0.05390625 0.05234375
0 0.215625 0.43671875 0.05390625 0.0515625
0 0.7953125 0.4375 0.05703125 0.053125
1 0.73828125 0.3234375 0.05390625 0.0546875
0 0.809375 0.646875 0.05625 0.0546875
1 0.6765625 0.375 0.0546875 0.0515625
1 0.38671875 0.43515625 0.0546875 0.05234375
1 0.384375 0.4890625 0.0546875 0.0515625
0 0.55859375 0.2703125 0.053125 0.0515625
0 0.14609375 0.6 0.05546875 0.05234375
0 0.0953125 0.7171875 0.0546875 0.05234375
1 0.44140625 0.39375 0.053125 0.05234375
1 0.5640625 0.5484375 0.053125 0.0515625
0 0.38828125 0.22109375 0.053125 0.05234375
0 0.73984375 0.37578125 0.05625 0.05234375
0 0.50859375 0.21875 0.05390625 0.05078125
1 0.79453125 0.38125 0.05625 0.05390625
1 0.38984375 0.5421875 0.0546875 0.0515625
0 0.390625 0.2796875 0.05390625 0.0515625
1 0.50859375 0.38046875 0.05390625 0.0515625
0 0.75625 0.6515625 0.05625 0.053125
0 0.61640625 0.38671875 0.05546875 0.05
1 0.5609375 0.39140625 0.05234375 0.0515625
1 0.5046875 0.6 0.05390625 0.05234375
1 0.4453125 0.6 0.05390625 0.05
1 0.68046875 0.42890625 0.05390625 0.05234375
1 0.38046875 0.6046875 0.0546875 0.05078125
1 0.50859375 0.4328125 0.05390625 0.0515625
1 0.209375 0.70625 0.05546875 0.053125
0 0.203125 0.65546875 0.05546875 0.053125
1 0.3265625 0.6 0.053125 0.0515625
0 0.28125 0.43671875 0.05234375 0.05078125
1 0.74765625 0.7078125 0.05625 0.05234375
0 0.2171875 0.5984375 0.0546875 0.0515625
0 0.3296875 0.5421875 0.05390625 0.05
1 0.50625 0.659375 0.05390625 0.05234375
0 0.271875 0.60078125 0.0546875 0.05078125
0 0.15078125 0.7234375 0.05625 0.05234375
0 0.328125 0.490625 0.053125 0.0515625
0 0.334375 0.38515625 0.053125 0.05078125
1 0.38984375 0.6625 0.05390625 0.0515625
0 0.68125 0.54140625 0.0546875 0.0515625
0 0.69609375 0.65859375 0.05546875 0.05234375
0 0.740625 0.42734375 0.05625 0.0515625
0 0.0796875 0.821875 0.05546875 0.0515625
1 0.6859375 0.709375 0.05625 0.05234375
0 0.44765625 0.44453125 0.05234375 0.05
0 0.728125 0.484375 0.0546875 0.0515625
1 0.4484375 0.703125 0.05390625 0.05078125
0 0.61875 0.4421875 0.05390625 0.0515625
0 0.26953125 0.6625 0.0546875 0.0515625
1 0.803125 0.7703125 0.05625 0.05390625
0 0.33359375 0.43671875 0.053125 0.0515625
0 0.675 0.484375 0.0546875 0.0515625
0 0.1453125 0.778125 0.0546875 0.05234375
0 0.4515625 0.50234375 0.05234375 0.04921875
0 0.51328125 0.53984375 0.05234375 0.05
1 0.74140625 0.7703125 0.05703125 0.05390625
1 0.50625 0.71328125 0.0546875 0.0515625
0 0.50078125 0.4875 0.05234375 0.05078125
0 0.61796875 0.4921875 0.053125 0.0515625
0 0.79765625 0.83203125 0.05703125 0.053125
0 0.38671875 0.38046875 0.053125 0.0515625
0 0.3171875 0.709375 0.0546875 0.0515625
0 0.32265625 0.6578125 0.05390625 0.0515625
1 0.19765625 0.7671875 0.05546875 0.053125
0 0.203125 0.821875 0.05546875 0.05234375
0 0.565625 0.440625 0.05234375 0.05
1 0.38984375 0.7140625 0.05390625 0.05
1 0.2625 0.76484375 0.05703125 0.053125
1 0.67421875 0.7625 0.05703125 0.05390625
1 0.44453125 0.7609375 0.05546875 0.05234375
0 0.63203125 0.66875 0.0546875 0.0515625
0 0.61640625 0.56171875 0.05390625 0.05078125
0 0.359375 0.8234375 0.0546875 0.05234375
0 0.5546875 0.6046875 0.05390625 0.05078125
0 0.61640625 0.61171875 0.0546875 0.0515625
1 0.6109375 0.76953125 0.05625 0.053125
1 0.5015625 0.77109375 0.05546875 0.053125
0 0.371875 0.771875 0.05390625 0.05234375
0 0.4296875 0.8171875 0.05390625 0.05234375
0 0.31953125 0.7625 0.05546875 0.05234375
0 0.73984375 0.8234375 0.05546875 0.0546875
0 0.61484375 0.715625 0.05546875 0.0515625
0 0.67890625 0.821875 0.05546875 0.0546875
0 0.5640625 0.6546875 0.0546875 0.05234375
0 0.56015625 0.815625 0.0546875 0.053125
0 0.55546875 0.75625 0.0546875 0.05234375
0 0.62109375 0.82109375 0.0546875 0.053125
0 0.56015625 0.70546875 0.0546875 0.0515625
1 0.5046875 0.834375 0.05546875 0.05234375