0 0.4875 0.4984375 0.05859375 0.0625
1 0.340625 0.5 0.0609375 0.06171875
0 0.428125 0.43828125 0.0578125 0.05859375
0 0.41953125 0.509375 0.0578125 0.05859375
1 0.19375 0.49375 0.06015625 0.06328125
0 0.79296875 0.4953125 0.06015625 0.0609375
0 0.35546875 0.43359375 0.0578125 0.05859375
1 0.57890625 0.4859375 0.0609375 0.06328125
0 0.728125 0.5671875 0.059375 0.059375
0 0.49140625 0.5625 0.05859375 0.06171875
0 0.5671875 0.56875 0.05703125 0.059375
1 0.26328125 0.48828125 0.0609375 0.0640625
0 0.2734375 0.42734375 0.05859375 0.06015625
1 0.203125 0.4203125 0.06015625 0.0640625
1 0.72578125 0.4921875 0.06171875 0.06328125
0 0.86640625 0.50078125 0.0609375 0.0609375
1 0.4140625 0.35 0.06015625 0.06328125
0 0.33671875 0.5703125 0.059375 0.06171875
0 0.78984375 0.57421875 0.05859375 0.06015625
0 0.65390625 0.5796875 0.05703125 0.059375
1 0.6546875 0.49375 0.0609375 0.06328125
1 0.2734375 0.35546875 0.06171875 0.06328125
1 0.48671875 0.4125 0.06015625 0.0625
1 0.1234375 0.4171875 0.0609375 0.0640625
0 0.125 0.50546875 0.0578125 0.0609375
0 0.2734375 0.57421875 0.059375 0.06171875
1 0.878125 0.56484375 0.0640625 0.06484375
1 0.1359375 0.35 0.06015625 0.0640625
1 0.56875 0.4125 0.06171875 0.06328125
0 0.79765625 0.640625 0.059375 0.0609375
1 0.7109375 0.4125 0.06171875 0.06484375
1 0.7875 0.428125 0.0609375 0.0640625
0 0.4921875 0.628125 0.05703125 0.0625
0 0.725 0.6390625 0.059375 0.06171875
0 0.8640625 0.640625 0.059375 0.06171875
1 0.4890625 0.34140625 0.0609375 0.06484375
0 0.86875 0.42109375 0.06171875 0.059375
0 0.41171875 0.5890625 0.05703125 0.06015625
0 0.18828125 0.58828125 0.0578125 0.06171875
1 0.94296875 0.55546875 0.0625 0.06640625
1 0.05390625 0.4296875 0.0609375 0.065625
1 0.33984375 0.20234375 0.06171875 0.0671875
1 0.70703125 0.3296875 0.06171875 0.0671875
1 0.12578125 0.28203125 0.06015625 0.0640625
0 0.5828125 0.7234375 0.059375 0.0625
1 0.190625 0.2734375 0.059375 0.06484375
1 0.0359375 0.4953125 0.059375 0.0640625
0 0.9390625 0.61953125 0.06015625 0.06328125
0 0.65 0.7078125 0.05703125 0.06015625
0 0.3359375 0.3515625 0.06015625 0.05859375
0 0.1203125 0.58671875 0.0578125 0.06171875
1 0.95 0.49296875 0.0609375 0.065625
1 0.5484375 0.2734375 0.06015625 0.0625
1 0.20078125 0.1984375 0.059375 0.06328125
1 0.1140625 0.2078125 0.06015625 0.06484375
0 0.57734375 0.7984375 0.059375 0.0625
1 0.94140625 0.41796875 0.06328125 0.065625
1 0.8703125 0.35234375 0.0625 0.06328125
0 0.86796875 0.71484375 0.06015625 0.0640625
1 0.2578125 0.275 0.0609375 0.06484375
1 0.32421875 0.2796875 0.0609375 0.0640625
0 0.490625 0.7234375 0.05859375 0.0609375
1 0.7046875 0.19765625 0.06171875 0.0640625
0 0.34921875 0.771875 0.05859375 0.06171875
0 0.71875 0.71796875 0.059375 0.06015625
1 0.77734375 0.27109375 0.06171875 0.06328125
0 0.35 0.7109375 0.05859375 0.06171875
1 0.40234375 0.26796875 0.06015625 0.0640625
0 0.8015625 0.72109375 0.0578125 0.06015625
1 0.340625 0.1328125 0.0609375 0.06171875
0 0.04765625 0.5734375 0.05703125 0.06171875
1 0.4765625 0.26640625 0.06015625 0.0640625
0 0.40859375 0.71015625 0.05703125 0.06015625
0 0.86875 0.7859375 0.0609375 0.06484375
1 0.1359375 0.1265625 0.06015625 0.0640625
0 0.93671875 0.7140625 0.06015625 0.06328125
1 0.48359375 0.2015625 0.0609375 0.065625
1 0.48125 0.12734375 0.0609375 0.06171875
1 0.6265625 0.26015625 0.0578125 0.06328125
0 0.2875 0.72265625 0.05625 0.0609375
0 0.19140625 0.715625 0.05703125 0.0625
0 0.11796875 0.7140625 0.05703125 0.06171875
1 0.70078125 0.125 0.06171875 0.0609375
0 0.94140625 0.7984375 0.0609375 0.06328125
1 0.046875 0.146875 0.0609375 0.065625
0 0.56875 0.8609375 0.059375 0.06015625
1 0.87578125 0.27578125 0.06171875 0.0640625
1 0.9328125 0.278125 0.06171875 0.0671875
1 0.9390625 0.20390625 0.0609375 0.0671875
0 0.33671875 0.846875 0.059375 0.059375
1 0.2640625 0.07109375 0.0609375 0.0609375
0 0.0421875 0.7125 0.0578125 0.06328125
0 0.86484375 0.86875 0.06015625 0.0625
1 0.6890625 0.26015625 0.06015625 0.06484375
1 0.3578125 0.0671875 0.06171875 0.0625
1 0.57890625 0.0484375 0.06015625 0.0609375
1 0.9328125 0.13046875 0.0625 0.06484375
1 0.4953125 0.053125 0.06015625 0.06171875
1 0.8015625 0.0453125 0.059375 0.06015625
1 0.72265625 0.04453125 0.059375 0.0609375
1 0.4296875 0.05078125 0.059375 0.06171875
0 0.94921875 0.8703125 0.059375 0.0625
1 0.2078125 0.0546875 0.06015625 0.06328125
0 0.6296875 0.9328125 0.05859375 0.06171875
1 0.64921875 0.03671875 0.059375 0.0609375
1 0.12890625 0.06328125 0.0609375 0.06171875
1 0.8703125 0.0515625 0.059375 0.06015625
1 0.0546875 0.0703125 0.06015625 0.06328125
0 0.3421875 0.91875 0.0578125 0.0609375
1 0.928125 0.046875 0.0609375 0.0640625
0 0.57109375 0.9421875 0.05859375 0.06171875
0 0.7078125 0.94140625 0.059375 0.0609375
0 0.05078125 0.80234375 0.05859375 0.0625
0 0.4984375 0.94375 0.05859375 0.06015625
0 0.4078125 0.9359375 0.05859375 0.0609375
0 0.7828125 0.94453125 0.0578125 0.06015625
1 0.9390625 0.35546875 0.0609375 0.065625
0 0.86953125 0.9359375 0.06015625 0.06328125
0 0.94375 0.93984375 0.06171875 0.0640625