1 0.46328125 0.48515625 0.03984375 0.03671875
0 0.31328125 0.5296875 0.0375 0.03515625
1 0.68359375 0.4234375 0.03671875 0.034375
0 0.31640625 0.67109375 0.0375 0.034375
1 0.57109375 0.48671875 0.03671875 0.034375
1 0.36640625 0.52890625 0.03671875 0.034375
1 0.4140625 0.52421875 0.03671875 0.034375
0 0.36875 0.61875 0.0359375 0.03515625
0 0.37265625 0.4828125 0.03671875 0.0328125
0 0.42109375 0.62421875 0.0359375 0.034375
0 0.415625 0.384375 0.034375 0.03359375
1 0.77734375 0.24453125 0.0375 0.03515625
0 0.2671875 0.33671875 0.03671875 0.034375
1 0.10703125 0.3796875 0.0375 0.03515625
1 0.6234375 0.4796875 0.03515625 0.034375
0 0.16484375 0.5265625 0.03984375 0.03515625
0 0.36640625 0.23671875 0.0359375 0.03515625
1 0.4625 0.58203125 0.0359375 0.03515625
0 0.46875 0.66328125 0.0359375 0.03359375
1 0.76953125 0.28828125 0.0375 0.0359375
1 0.8640625 0.28203125 0.0375 0.0359375
1 0.61953125 0.1859375 0.03828125 0.0359375
0 0.571875 0.38046875 0.034375 0.03203125
1 0.52109375 0.1515625 0.0359375 0.03671875
1 0.52265625 0.528125 0.03671875 0.0359375
1 0.321875 0.2859375 0.0375 0.03359375
0 0.37421875 0.71328125 0.0359375 0.0328125
1 0.61875 0.14296875 0.03671875 0.03671875
1 0.81953125 0.3359375 0.03671875 0.034375
1 0.30390625 0.15 0.03515625 0.0375
1 0.9125 0.27890625 0.0375 0.0359375
1 0.66328125 0.23515625 0.03671875 0.0359375
1 0.10546875 0.43359375 0.03828125 0.03671875
0 0.11640625 0.53359375 0.03671875 0.0375
1 0.71796875 0.23984375 0.0359375 0.03515625
1 0.51328125 0.5734375 0.03828125 0.03359375
1 0.72734375 0.43125 0.0359375 0.034375
1 0.67578125 0.4671875 0.0390625 0.034375
0 0.465625 0.153125 0.03671875 0.03515625
1 0.8609375 0.38203125 0.0375 0.034375
1 0.56328125 0.1453125 0.03359375 0.0359375
0 0.2609375 0.27890625 0.0375 0.0359375
0 0.1640625 0.6203125 0.03984375 0.03671875
1 0.66640625 0.28359375 0.03671875 0.03359375
0 0.67421875 0.70859375 0.034375 0.03203125
1 0.11953125 0.5765625 0.03828125 0.03515625
1 0.2546875 0.2390625 0.03671875 0.0359375
1 0.76796875 0.33828125 0.03828125 0.03359375
1 0.1125 0.48515625 0.0390625 0.03671875
1 0.81875 0.475 0.0375 0.03515625
0 0.52265625 0.48671875 0.03515625 0.03046875
1 0.15625 0.15 0.03671875 0.03515625
0 0.88125 0.57265625 0.03671875 0.034375
1 0.9171875 0.1453125 0.0375 0.03671875
0 0.665625 0.328125 0.03515625 0.03359375
0 0.61640625 0.61953125 0.0359375 0.03515625
1 0.6125 0.521875 0.0359375 0.034375
0 0.215625 0.71484375 0.0375 0.03671875
0 0.51484375 0.1859375 0.03359375 0.03359375
0 0.2015625 0.2796875 0.0375 0.0359375
1 0.1109375 0.1921875 0.03671875 0.0359375
1 0.87265625 0.4296875 0.0359375 0.03515625
1 0.66796875 0.56875 0.03671875 0.034375
0 0.82734375 0.61796875 0.03515625 0.0328125
0 0.1109375 0.6609375 0.03828125 0.0375
0 0.51875 0.61796875 0.034375 0.034375
0 0.52421875 0.7171875 0.034375 0.0328125
0 0.92890625 0.5703125 0.03671875 0.03515625
1 0.51640625 0.76484375 0.0359375 0.0359375
0 0.3078125 0.23671875 0.03515625 0.0375
1 0.21484375 0.19609375 0.0375 0.03515625
1 0.6234375 0.565625 0.0359375 0.034375
1 0.76875 0.41328125 0.03671875 0.03359375
0 0.1578125 0.2875 0.0359375 0.03671875
0 0.26015625 0.81171875 0.03828125 0.0359375
1 0.76328125 0.190625 0.0359375 0.034375
1 0.05546875 0.51953125 0.040625 0.0359375
1 0.7203125 0.1875 0.0359375 0.03359375
0 0.1046875 0.275 0.03671875 0.03671875
0 0.2140625 0.671875 0.0390625 0.03671875
0 0.82265625 0.4234375 0.0359375 0.03671875
1 0.86953125 0.7140625 0.0359375 0.03125
1 0.16328125 0.19375 0.0375 0.0375
0 0.7203125 0.37734375 0.034375 0.034375
0 0.61953125 0.32734375 0.034375 0.03359375
0 0.3578125 0.0953125 0.03671875 0.0375
1 0.12109375 0.62578125 0.03984375 0.0359375
0 0.57890625 0.6140625 0.0359375 0.034375
1 0.0578125 0.140625 0.03828125 0.0359375
0 0.67265625 0.65078125 0.0328125 0.03203125
0 0.671875 0.51328125 0.0359375 0.03359375
0 0.57734375 0.56953125 0.03515625 0.034375
0 0.71953125 0.33828125 0.034375 0.03359375
0 0.8203125 0.56875 0.03515625 0.03359375
0 0.31171875 0.196875 0.0359375 0.0359375
0 0.71796875 0.52578125 0.03671875 0.03515625
1 0.8171875 0.19296875 0.03671875 0.03515625
0 0.1484375 0.475 0.03984375 0.03671875
0 0.21015625 0.771875 0.03984375 0.03671875
1 0.15703125 0.246875 0.0375 0.03671875
0 0.16484375 0.5734375 0.03828125 0.034375
0 0.67890625 0.18984375 0.034375 0.034375
1 0.859375 0.09765625 0.03671875 0.0375
1 0.20390625 0.24375 0.0375 0.03515625
1 0.16015625 0.66953125 0.040625 0.0359375
1 0.96953125 0.1984375 0.0375 0.0359375
0 0.83203125 0.71875 0.03515625 0.03203125
0 0.4703125 0.7734375 0.0359375 0.034375
0 0.77734375 0.5203125 0.03515625 0.03359375
0 0.57421875 0.5296875 0.0359375 0.03359375
1 0.92265625 0.52421875 0.03515625 0.034375
0 0.67578125 0.765625 0.03671875 0.034375
0 0.62578125 0.2421875 0.034375 0.0328125
0 0.725 0.56953125 0.034375 0.03203125
1 0.77265625 0.57109375 0.03671875 0.0328125
1 0.47734375 0.61328125 0.03828125 0.03359375
1 0.6671875 0.609375 0.03671875 0.034375
1 0.16640625 0.0859375 0.03828125 0.0375
0 0.72109375 0.7671875 0.0359375 0.0359375
1 0.86640625 0.48125 0.03515625 0.03359375
0 0.6203125 0.28984375 0.034375 0.03359375
1 0.8734375 0.51875 0.03671875 0.03359375
1 0.85703125 0.19375 0.0359375 0.03671875
1 0.853125 0.1453125 0.0375 0.0359375
1 0.9640625 0.1375 0.0375 0.0359375
1 0.31875 0.321875 0.03515625 0.03515625
1 0.9796875 0.47890625 0.0390625 0.03515625
1 0.72421875 0.6171875 0.0359375 0.0328125
1 0.1125 0.08671875 0.03828125 0.03671875
1 0.26015625 0.0890625 0.03828125 0.0390625
0 0.7765625 0.375 0.03515625 0.03359375
0 0.62734375 0.76484375 0.03671875 0.03359375
1 0.815625 0.1421875 0.0359375 0.034375
1 0.31171875 0.0484375 0.0390625 0.034375
0 0.4234375 0.775 0.03671875 0.03671875
1 0.96796875 0.24453125 0.0390625 0.034375
0 0.78046875 0.76640625 0.03515625 0.03359375
1 0.7734375 0.6078125 0.0375 0.034375
0 0.521875 0.67109375 0.034375 0.03515625
0 0.26328125 0.19296875 0.03515625 0.0359375
0 0.725 0.29375 0.03359375 0.0328125
0 0.83515625 0.7703125 0.0359375 0.0359375
0 0.82109375 0.3734375 0.03515625 0.03359375
0 0.1484375 0.4390625 0.03984375 0.0375
1 0.8734375 0.76640625 0.03671875 0.03515625
0 0.57734375 0.759375 0.03359375 0.03203125
0 0.6734375 0.14296875 0.034375 0.034375
0 0.51875 0.1 0.03671875 0.03671875
1 0.109375 0.72109375 0.03828125 0.03671875
0 0.821875 0.5109375 0.034375 0.03359375
0 0.7171875 0.14921875 0.03515625 0.03515625
1 0.971875 0.52890625 0.03671875 0.034375
0 0.0578125 0.1875 0.0375 0.034375
1 0.971875 0.3203125 0.03828125 0.03671875
1 0.209375 0.0453125 0.0375 0.0359375
0 0.20703125 0.13671875 0.03671875 0.0390625
0 0.246875 0.14140625 0.03671875 0.03671875
0 0.76640625 0.47578125 0.034375 0.0328125
0 0.30859375 0.08828125 0.0359375 0.03515625
1 0.2578125 0.053125 0.0375 0.034375
0 0.77421875 0.14609375 0.03515625 0.0359375
0 0.421875 0.81015625 0.03515625 0.034375
1 0.05234375 0.04140625 0.0390625 0.03515625
1 0.16171875 0.7171875 0.03828125 0.03515625
1 0.8578125 0.046875 0.03671875 0.034375
1 0.11015625 0.0421875 0.03671875 0.0359375
0 0.57421875 0.10078125 0.034375 0.03671875
0 0.61796875 0.10546875 0.034375 0.034375
0 0.73125 0.475 0.03515625 0.03359375
0 0.26640625 0.85703125 0.0375 0.03515625
1 0.15546875 0.04296875 0.0359375 0.03671875
0 0.4234375 0.86328125 0.0359375 0.0375
1 0.15859375 0.76484375 0.03828125 0.0359375
1 0.62734375 0.8046875 0.03671875 0.03671875
1 0.2078125 0.8078125 0.03828125 0.0359375
1 0.565625 0.81953125 0.03671875 0.034375
0 0.1125 0.234375 0.03671875 0.0359375
0 0.47109375 0.8625 0.03671875 0.03515625
0 0.821875 0.09296875 0.034375 0.03671875
0 0.7625 0.0984375 0.03359375 0.03515625
1 0.47734375 0.815625 0.0359375 0.03515625
1 0.77265625 0.80625 0.0375 0.03671875
1 0.521875 0.81015625 0.03671875 0.034375
1 0.71953125 0.809375 0.03671875 0.03515625
1 0.8234375 0.8078125 0.0359375 0.03515625
0 0.20859375 0.08671875 0.03359375 0.03515625
0 0.35703125 0.05 0.03515625 0.0359375
1 0.965625 0.28203125 0.0375 0.0359375
1 0.67265625 0.80703125 0.03828125 0.03515625
1 0.51171875 0.86171875 0.0375 0.0359375
0 0.82109375 0.04765625 0.0359375 0.034375
1 0.21015625 0.86171875 0.0375 0.0359375