1 0.37265625 0.44453125 0.06328125 0.04921875
0 0.17734375 0.43515625 0.065625 0.04921875
0 0.13125 0.34921875 0.0640625 0.04765625
1 0.434375 0.4921875 0.065625 0.0515625
0 0.29921875 0.44140625 0.0640625 0.04765625
1 0.5109375 0.5453125 0.06875 0.0546875
1 0.5015625 0.48828125 0.0671875 0.05234375
1 0.64140625 0.5421875 0.06875 0.05234375
1 0.640625 0.4875 0.0671875 0.05078125
0 0.18828125 0.38828125 0.06328125 0.0484375
0 0.22421875 0.60625 0.07109375 0.0578125
1 0.315625 0.33984375 0.0625 0.04609375
1 0.31640625 0.38515625 0.0640625 0.04921875
1 0.7171875 0.4890625 0.0671875 0.0515625
0 0.253125 0.390625 0.06328125 0.04765625
0 0.44453125 0.55 0.06875 0.0515625
1 0.5078125 0.4359375 0.0640625 0.04921875
0 0.3703125 0.54296875 0.06796875 0.05234375
1 0.5734375 0.49375 0.06640625 0.05
0 0.22421875 0.5 0.06796875 0.05234375
0 0.23203125 0.55390625 0.0703125 0.05390625
0 0.1375 0.30234375 0.06171875 0.0453125
0 0.36328125 0.60859375 0.07109375 0.05546875
0 0.8484375 0.44375 0.06640625 0.0484375
1 0.5109375 0.3453125 0.06015625 0.04609375
1 0.57265625 0.3921875 0.06328125 0.04921875
0 0.2828125 0.66953125 0.07109375 0.0578125
0 0.515625 0.59765625 0.06953125 0.0546875
0 0.83515625 0.3484375 0.06171875 0.04609375
1 0.5109375 0.38984375 0.06328125 0.04765625
0 0.25390625 0.33984375 0.0625 0.046875
0 0.14296875 0.25390625 0.0609375 0.04375
1 0.45234375 0.3 0.06171875 0.046875
1 0.65625 0.59453125 0.0703125 0.05625
1 0.3171875 0.29765625 0.06015625 0.04375
0 0.29140625 0.6109375 0.06875 0.05625
1 0.87734375 0.2609375 0.06015625 0.04453125
0 0.77265625 0.39296875 0.0640625 0.046875
1 0.7265625 0.59453125 0.0734375 0.05546875
0 0.3703125 0.49140625 0.0671875 0.05078125
0 0.8890625 0.30859375 0.06171875 0.0453125
1 0.2671875 0.253125 0.06171875 0.0453125
0 0.43828125 0.66875 0.06953125 0.05703125
0 0.56953125 0.44375 0.06484375 0.0484375
1 0.20703125 0.21328125 0.05703125 0.04140625
1 0.81875 0.25859375 0.059375 0.04375
1 0.45390625 0.25703125 0.06015625 0.04375
1 0.33125 0.25703125 0.059375 0.04296875
0 0.25703125 0.29609375 0.06171875 0.04453125
0 0.72109375 0.54140625 0.06875 0.0515625
0 0.20625 0.253125 0.0609375 0.04296875
0 0.58984375 0.659375 0.06953125 0.05625
0 0.63984375 0.30546875 0.06015625 0.0453125
1 0.63046875 0.1796875 0.0578125 0.040625
0 0.7 0.44140625 0.06484375 0.046875
1 0.378125 0.2984375 0.06171875 0.04609375
1 0.4484375 0.178125 0.059375 0.040625
0 0.78515625 0.49453125 0.06796875 0.05
0 0.771875 0.35 0.06328125 0.04609375
1 0.45078125 0.3484375 0.06171875 0.046875
0 0.778125 0.446875 0.06640625 0.04921875
1 0.38515625 0.1765625 0.05859375 0.040625
0 0.6328125 0.43984375 0.06328125 0.046875
1 0.8078125 0.21171875 0.05859375 0.0421875
1 0.26484375 0.21328125 0.059375 0.04140625
0 0.790625 0.54609375 0.0703125 0.053125
1 0.57109375 0.1765625 0.05546875 0.040625
0 0.86796875 0.5953125 0.07109375 0.05390625
1 0.50859375 0.2171875 0.05859375 0.04140625
1 0.51171875 0.1765625 0.0578125 0.03984375
1 0.7984375 0.6 0.07265625 0.05625
0 0.58828125 0.603125 0.0671875 0.05390625
0 0.1484375 0.21484375 0.05859375 0.040625
0 0.70390625 0.30546875 0.06328125 0.0453125
1 0.7515625 0.2171875 0.0578125 0.04296875
0 0.5703125 0.34765625 0.059375 0.04453125
1 0.38125 0.2171875 0.059375 0.0421875
1 0.3921875 0.25859375 0.06015625 0.04296875
0 0.6390625 0.39453125 0.06328125 0.0453125
0 0.86015625 0.54375 0.06953125 0.0515625
1 0.3359375 0.13828125 0.05703125 0.0390625
0 0.66015625 0.65625 0.06953125 0.05703125
0 0.82109375 0.30078125 0.059375 0.04296875
0 0.7625 0.30234375 0.06328125 0.04453125
1 0.21640625 0.1359375 0.05390625 0.0390625
0 0.73515625 0.65390625 0.071875 0.0578125
0 0.14921875 0.17578125 0.05859375 0.03984375
1 0.8046875 0.1703125 0.05625 0.03984375
0 0.575 0.30078125 0.06015625 0.04453125
0 0.2109375 0.17578125 0.05859375 0.03828125
0 0.50703125 0.7203125 0.071875 0.0609375
0 0.5109375 0.30234375 0.06015625 0.0453125
0 0.65703125 0.72265625 0.0734375 0.06015625
0 0.9390625 0.60078125 0.0703125 0.05546875
1 0.74921875 0.17265625 0.05703125 0.040625
0 0.940625 0.65546875 0.0703125 0.05625
1 0.27109375 0.13671875 0.05625 0.0390625
0 0.69140625 0.26015625 0.06015625 0.0421875
0 0.93125 0.54609375 0.0703125 0.05390625
1 0.80546875 0.65546875 0.071875 0.05859375
1 0.865625 0.1734375 0.0578125 0.04140625
0 0.6265625 0.259375 0.05859375 0.0421875
1 0.87421875 0.65078125 0.07265625 0.05859375
0 0.69375 0.2171875 0.059375 0.04140625
0 0.51015625 0.259375 0.059375 0.04375
0 0.759375 0.2609375 0.059375 0.0421875
1 0.690625 0.17578125 0.05703125 0.03984375
0 0.56875 0.259375 0.059375 0.04296875
0 0.353125 0.7390625 0.07265625 0.0609375
1 0.7265625 0.7171875 0.07421875 0.0609375
1 0.7375 0.13203125 0.05546875 0.0390625
0 0.16171875 0.13984375 0.05703125 0.0390625
1 0.2703125 0.1734375 0.05703125 0.03984375
1 0.79921875 0.71328125 0.07421875 0.0609375
1 0.88125 0.7078125 0.075 0.06171875
1 0.95 0.7125 0.07265625 0.0609375