1 0.56875 0.4265625 0.0484375 0.05625
0 0.725 0.37109375 0.0484375 0.05234375
1 0.709375 0.47109375 0.04921875 0.05546875
1 0.2578125 0.43046875 0.05 0.05703125
1 0.340625 0.28125 0.04609375 0.05078125
1 0.76484375 0.63203125 0.053125 0.06171875
1 0.6703125 0.42421875 0.04765625 0.05546875
0 0.584375 0.2703125 0.04453125 0.05078125
1 0.75703125 0.52265625 0.05234375 0.05703125
0 0.77421875 0.42109375 0.05078125 0.053125
1 0.54453125 0.7578125 0.05390625 0.06640625
1 0.2296875 0.628125 0.05234375 0.06328125
0 0.71953125 0.3234375 0.04921875 0.05
0 0.81875 0.640625 0.05234375 0.0609375
0 0.86796875 0.31875 0.04765625 0.05078125
0 0.6703125 0.3234375 0.046875 0.053125
1 0.5375 0.271875 0.0453125 0.04921875
1 0.578125 0.3203125 0.04609375 0.05
1 0.8171875 0.365625 0.04765625 0.0515625
1 0.31875 0.140625 0.04296875 0.04765625
1 0.21015625 0.7546875 0.05390625 0.06328125
0 0.878125 0.634375 0.05546875 0.0640625
1 0.58828125 0.14609375 0.04375 0.04609375
1 0.3234375 0.7515625 0.0546875 0.0640625
0 0.584375 0.225 0.04375 0.046875
1 0.66875 0.3734375 0.046875 0.05
0 0.9265625 0.646875 0.05078125 0.059375
0 0.871875 0.475 0.05234375 0.05390625
1 0.6234375 0.3171875 0.0453125 0.0515625
0 0.87578125 0.5796875 0.053125 0.05703125
1 0.71171875 0.7484375 0.05546875 0.065625
0 0.675 0.2734375 0.04453125 0.05
1 0.76796875 0.32421875 0.046875 0.0515625
0 0.62734375 0.21875 0.04453125 0.05
0 0.5421875 0.18359375 0.04375 0.04765625
1 0.6625 0.88984375 0.05546875 0.0703125
0 0.82109375 0.46953125 0.05078125 0.05703125
1 0.8234375 0.5796875 0.05234375 0.06171875
1 0.1328125 0.8109375 0.0578125 0.06796875
0 0.9234375 0.52734375 0.04921875 0.05703125
0 0.721875 0.22578125 0.04453125 0.04765625
1 0.8734375 0.41875 0.04921875 0.05546875
0 0.9109375 0.26640625 0.046875 0.05
1 0.92421875 0.4203125 0.0484375 0.0546875
1 0.28359375 0.0953125 0.0421875 0.046875
1 0.71171875 0.81875 0.05625 0.06953125
0 0.92109375 0.4734375 0.04921875 0.0546875
1 0.925 0.58671875 0.05 0.06171875
1 0.63046875 0.26875 0.04609375 0.04921875
1 0.9359375 0.759375 0.0546875 0.0671875
1 0.76484375 0.27578125 0.04609375 0.0484375
1 0.821875 0.753125 0.05390625 0.065625
1 0.821875 0.525 0.0515625 0.05625
1 0.71875 0.275 0.0453125 0.04921875
0 0.8234375 0.88515625 0.05625 0.06796875
0 0.775 0.8171875 0.05546875 0.0671875
1 0.87578125 0.753125 0.05390625 0.0640625
0 0.8796875 0.82734375 0.05625 0.06796875
1 0.87578125 0.525 0.0515625 0.053125
0 0.93359375 0.8296875 0.0546875 0.06953125
1 0.828125 0.81953125 0.05390625 0.06640625
0 0.7140625 0.8875 0.05234375 0.06953125
0 0.4671875 0.1421875 0.04296875 0.046875
0 0.8625 0.14453125 0.04375 0.04375
0 0.7140625 0.1015625 0.04296875 0.0453125
0 0.7640625 0.9546875 0.05859375 0.071875