1 0.65078125 0.59140625 0.05234375 0.05703125
0 0.23203125 0.35234375 0.05078125 0.053125
1 0.709375 0.5546875 0.05234375 0.053125
0 0.2203125 0.29453125 0.05078125 0.053125
1 0.7140625 0.65703125 0.05234375 0.0546875
0 0.225 0.403125 0.0515625 0.05234375
1 0.59296875 0.65703125 0.05078125 0.05390625
1 0.5984375 0.51640625 0.05234375 0.05390625
1 0.759375 0.50078125 0.05234375 0.0546875
0 0.34296875 0.39765625 0.0515625 0.05078125
1 0.76875 0.6984375 0.05234375 0.0546875
0 0.16953125 0.190625 0.05 0.05078125
0 0.2265625 0.453125 0.05078125 0.0515625
0 0.5390625 0.35078125 0.05078125 0.053125
0 0.38203125 0.4390625 0.0515625 0.0515625
0 0.1703125 0.2421875 0.05078125 0.05234375
1 0.76640625 0.43984375 0.0515625 0.05234375
0 0.334375 0.559375 0.05 0.05078125
0 0.2734375 0.49765625 0.0515625 0.053125
0 0.5890625 0.3515625 0.05 0.0515625
0 0.59609375 0.23984375 0.05078125 0.05234375
0 0.48984375 0.40703125 0.05078125 0.05234375
1 0.45390625 0.49609375 0.05234375 0.05234375
0 0.65234375 0.2953125 0.05 0.05234375
0 0.284375 0.55234375 0.0515625 0.05234375
1 0.66015625 0.40390625 0.0515625 0.053125
1 0.8109375 0.39375 0.0515625 0.05390625
0 0.4921875 0.24453125 0.05 0.05
1 0.86640625 0.4453125 0.05234375 0.05390625
0 0.603125 0.29453125 0.05078125 0.05234375
1 0.60703125 0.4578125 0.0515625 0.053125
0 0.48046875 0.1875 0.0515625 0.05234375
0 0.2171875 0.1421875 0.05 0.053125
0 0.703125 0.2421875 0.04921875 0.05078125
0 0.440625 0.4453125 0.0515625 0.0515625
1 0.3953125 0.5421875 0.05234375 0.0515625
1 0.7640625 0.2453125 0.0515625 0.05234375
0 0.48203125 0.29609375 0.0515625 0.0546875
0 0.6 0.40625 0.05078125 0.0515625
1 0.11015625 0.5921875 0.05234375 0.05546875
1 0.91796875 0.609375 0.0515625 0.05546875
1 0.825 0.55859375 0.053125 0.05546875
0 0.43671875 0.3484375 0.0515625 0.05234375
1 0.11015625 0.51171875 0.05234375 0.0546875
0 0.1140625 0.13203125 0.05078125 0.05234375
1 0.2328125 0.55625 0.053125 0.05390625
1 0.27734375 0.603125 0.05234375 0.05234375
0 0.64921875 0.3546875 0.04921875 0.05234375
0 0.33359375 0.29921875 0.05 0.05234375
1 0.16484375 0.5953125 0.053125 0.0546875
1 0.54375 0.71015625 0.05 0.05234375
1 0.5078125 0.50390625 0.05234375 0.0515625
0 0.27734375 0.2328125 0.05 0.053125
0 0.6453125 0.2390625 0.05 0.0515625
0 0.2203125 0.50625 0.0515625 0.053125
1 0.17578125 0.40859375 0.05234375 0.05390625
1 0.87109375 0.55234375 0.0515625 0.0546875
0 0.59296875 0.128125 0.05 0.0546875
0 0.553125 0.4125 0.05 0.05
0 0.54375 0.13828125 0.05078125 0.0515625
0 0.328125 0.45625 0.05078125 0.0515625
1 0.87109375 0.2921875 0.0515625 0.0546875
0 0.75625 0.196875 0.05234375 0.0515625
1 0.171875 0.6546875 0.05078125 0.053125
0 0.38828125 0.653125 0.05078125 0.0515625
1 0.50546875 0.45390625 0.0515625 0.0515625
1 0.4546875 0.6109375 0.05234375 0.05234375
0 0.6421875 0.1859375 0.05078125 0.0515625
0 0.26796875 0.13828125 0.05234375 0.053125
1 0.55390625 0.4640625 0.05078125 0.0515625
1 0.3953125 0.60234375 0.05078125 0.0515625
1 0.8296875 0.24375 0.05078125 0.0546875
1 0.71015625 0.396875 0.05078125 0.05234375
0 0.38828125 0.4890625 0.0515625 0.0515625
0 0.38359375 0.228125 0.05 0.05234375
1 0.1796875 0.346875 0.05234375 0.0546875
0 0.44375 0.659375 0.05078125 0.0515625
1 0.0625 0.65 0.0515625 0.05390625
1 0.11171875 0.30625 0.0515625 0.05390625
1 0.70859375 0.2921875 0.05078125 0.04921875
1 0.109375 0.70703125 0.0515625 0.05625
1 0.8265625 0.7484375 0.05078125 0.05234375
1 0.12109375 0.46015625 0.0515625 0.05390625
0 0.690625 0.18671875 0.04921875 0.05234375
1 0.1671875 0.54453125 0.05234375 0.05390625
1 0.3328125 0.61015625 0.05234375 0.05234375
0 0.3703125 0.14453125 0.04921875 0.0515625
0 0.4234375 0.13671875 0.05078125 0.05
1 0.71015625 0.1375 0.05078125 0.053125
0 0.7125 0.7125 0.0515625 0.0515625
0 0.4796875 0.08515625 0.05078125 0.053125
1 0.91875 0.3921875 0.05234375 0.05625
1 0.1578125 0.29140625 0.05234375 0.0546875
0 0.1703125 0.0875 0.05078125 0.05234375
0 0.80703125 0.1890625 0.05078125 0.05234375
1 0.1125 0.2390625 0.05078125 0.05390625
0 0.528125 0.0859375 0.0484375 0.05078125
1 0.709375 0.3421875 0.0515625 0.05078125
0 0.65 0.66171875 0.05078125 0.0515625
1 0.49140625 0.65703125 0.05078125 0.053125
0 0.17734375 0.75859375 0.05078125 0.05234375
1 0.17109375 0.49296875 0.05234375 0.0546875
1 0.175 0.70625 0.0515625 0.05390625
0 0.06171875 0.0921875 0.05 0.0515625
0 0.590625 0.7125 0.04921875 0.0515625
1 0.8765625 0.70234375 0.0515625 0.0546875
0 0.1203125 0.759375 0.05 0.05234375
1 0.871875 0.19375 0.05078125 0.053125
1 0.646875 0.1328125 0.05078125 0.05234375
1 0.48359375 0.7078125 0.05 0.05234375
0 0.921875 0.75 0.05 0.0515625
0 0.271875 0.0859375 0.05078125 0.04921875
0 0.7671875 0.1359375 0.05234375 0.0515625
1 0.96953125 0.659375 0.05078125 0.053125
1 0.065625 0.76484375 0.05078125 0.05390625
1 0.284375 0.709375 0.05 0.05234375
0 0.76640625 0.75703125 0.05078125 0.05078125
1 0.07578125 0.19296875 0.0515625 0.05390625
1 0.340625 0.659375 0.05078125 0.0515625
1 0.5796875 0.07578125 0.05078125 0.053125
0 0.64765625 0.71328125 0.05 0.05
1 0.9234375 0.69921875 0.05078125 0.05546875
0 0.43203125 0.71171875 0.05078125 0.0515625
0 0.33203125 0.7109375 0.05078125 0.0515625
1 0.9203125 0.20234375 0.05078125 0.05390625
1 0.8734375 0.753125 0.05078125 0.0515625
1 0.815625 0.13671875 0.05 0.05234375
0 0.2359375 0.76796875 0.05078125 0.0515625
1 0.23671875 0.7140625 0.05 0.0515625
0 0.44921875 0.759375 0.0515625 0.05078125
0 0.28515625 0.76171875 0.05 0.0515625
1 0.63984375 0.0828125 0.05078125 0.05234375
1 0.765625 0.084375 0.05234375 0.053125
0 0.3828125 0.71171875 0.05078125 0.0515625
0 0.70234375 0.7671875 0.0515625 0.05078125
0 0.1234375 0.8140625 0.05 0.05078125
1 0.12109375 0.18671875 0.0515625 0.053125
1 0.8578125 0.0859375 0.05 0.05234375
0 0.11875 0.04296875 0.05078125 0.05390625
0 0.503125 0.753125 0.05 0.05078125
0 0.5515625 0.7625 0.05 0.0515625
0 0.17421875 0.8109375 0.05 0.05078125
0 0.975 0.7109375 0.05 0.053125
1 0.06328125 0.14453125 0.0515625 0.053125
0 0.815625 0.80546875 0.05078125 0.0515625
0 0.76796875 0.809375 0.05234375 0.0515625
0 0.07578125 0.81640625 0.05 0.0515625
0 0.97734375 0.759375 0.04453125 0.05078125
0 0.39921875 0.8140625 0.05 0.0515625
1 0.16953125 0.8640625 0.05078125 0.0515625
0 0.446875 0.8125 0.05078125 0.05
1 0.071875 0.86875 0.05 0.0515625
1 0.9234375 0.1328125 0.05078125 0.053125
0 0.878125 0.80390625 0.0515625 0.05
0 0.925 0.80546875 0.05 0.05078125
0 0.70625 0.82109375 0.05078125 0.05078125
0 0.64765625 0.76484375 0.05 0.05
0 0.55546875 0.8109375 0.05 0.04921875
0 0.6 0.7625 0.05 0.04921875
1 0.2265625 0.9109375 0.05 0.05
0 0.66015625 0.86640625 0.05078125 0.0515625
0 0.23359375 0.8546875 0.04921875 0.05078125
0 0.2875 0.8125 0.05078125 0.05078125
0 0.971875 0.81171875 0.05 0.0515625
0 0.503125 0.86640625 0.05078125 0.0515625
1 0.12734375 0.9140625 0.0515625 0.05234375
0 0.07109375 0.034375 0.05 0.05234375
1 0.6515625 0.03046875 0.05 0.04921875
0 0.33359375 0.86640625 0.04921875 0.05078125
0 0.48828125 0.03203125 0.05 0.05
1 0.54375 0.02578125 0.05078125 0.04765625
0 0.27890625 0.915625 0.04921875 0.05078125
0 0.621875 0.9125 0.05 0.05
1 0.121875 0.8640625 0.0515625 0.0515625
0 0.8234375 0.8546875 0.05078125 0.0515625
0 0.38203125 0.86015625 0.05 0.04921875
1 0.01640625 0.80390625 0.0328125 0.05078125
0 0.5578125 0.9265625 0.05 0.05
1 0.590625 0.0265625 0.04921875 0.04765625
0 0.76796875 0.86875 0.0515625 0.05078125
0 0.453125 0.871875 0.05078125 0.05
0 0.3875 0.915625 0.05078125 0.05078125
1 0.77890625 0.03515625 0.05 0.0484375
1 0.01875 0.0875 0.03671875 0.05
0 0.91484375 0.875 0.0515625 0.05078125
0 0.71171875 0.91484375 0.05078125 0.0515625
0 0.3359375 0.9171875 0.05078125 0.04921875
1 0.0234375 0.0390625 0.046875 0.05234375
1 0.01484375 0.13828125 0.0296875 0.0515625
1 0.1859375 0.965625 0.05 0.0515625
1 0.234375 0.97578125 0.05 0.0484375
0 0.28125 0.9671875 0.04921875 0.05
0 0.615625 0.9625 0.05 0.04921875
0 0.515625 0.9703125 0.05 0.04921875
0 0.975 0.9234375 0.04921875 0.05
0 0.396875 0.96875 0.05078125 0.04921875