1 0.3015625 0.5671875 0.0515625 0.04765625
0 0.6578125 0.9734375 0.0484375 0.04609375
0 0.75703125 0.9765625 0.04921875 0.0453125
0 0.60859375 0.978125 0.04921875 0.0421875
1 0.3421875 0.725 0.0515625 0.04765625
1 0.403125 0.728125 0.04921875 0.046875
1 0.2953125 0.66328125 0.05078125 0.04765625
1 0.19765625 0.6140625 0.0515625 0.05
1 0.40625 0.66640625 0.05234375 0.04921875
0 0.81484375 0.97734375 0.0484375 0.0453125
1 0.3453125 0.8265625 0.05078125 0.04921875
1 0.246875 0.5046875 0.05078125 0.04921875
1 0.35 0.4625 0.0515625 0.04921875
1 0.13359375 0.56484375 0.05234375 0.04921875
1 0.43515625 0.61953125 0.0515625 0.04921875
1 0.1859375 0.56796875 0.0515625 0.04921875
1 0.18984375 0.66328125 0.053125 0.0484375
1 0.65859375 0.496875 0.0515625 0.04921875
1 0.3859375 0.55390625 0.0515625 0.04921875
1 0.1953125 0.41640625 0.053125 0.05078125
1 0.259375 0.77421875 0.0515625 0.05
1 0.09375 0.4640625 0.053125 0.05078125
1 0.38671875 0.6078125 0.05 0.04921875
1 0.29921875 0.459375 0.05234375 0.05
0 0.9171875 0.97578125 0.05078125 0.046875
1 0.0453125 0.5390625 0.05234375 0.04921875
1 0.19921875 0.359375 0.0515625 0.04921875
0 0.865625 0.978125 0.053125 0.04375
0 0.56328125 0.9359375 0.05 0.0484375
1 0.23515625 0.71875 0.05234375 0.04921875
1 0.29921875 0.409375 0.0515625 0.04765625
0 0.6140625 0.9328125 0.05 0.04765625
1 0.090625 0.40390625 0.05234375 0.04921875
1 0.3046875 0.30546875 0.05234375 0.0515625
1 0.0921875 0.70234375 0.053125 0.04921875
1 0.096875 0.5140625 0.053125 0.0515625
1 0.7625 0.553125 0.05078125 0.0484375
1 0.140625 0.7734375 0.05234375 0.04921875
1 0.50078125 0.61015625 0.0515625 0.04921875
1 0.2515625 0.353125 0.05 0.05
1 0.30859375 0.36171875 0.05234375 0.05
1 0.3015625 0.25546875 0.0515625 0.04765625
1 0.3953125 0.50546875 0.0515625 0.046875
1 0.71015625 0.39375 0.0515625 0.05078125
1 0.15234375 0.290625 0.05234375 0.04921875
0 0.66640625 0.93125 0.05 0.04375
0 0.86484375 0.934375 0.05078125 0.04765625
1 0.19609375 0.51171875 0.05078125 0.04921875
1 0.24375 0.66953125 0.0515625 0.04921875
1 0.546875 0.4546875 0.04921875 0.04921875
1 0.24375 0.82578125 0.053125 0.04921875
1 0.13828125 0.72578125 0.0515625 0.04921875
1 0.70625 0.553125 0.05 0.0484375
1 0.58359375 0.6109375 0.0515625 0.04921875
1 0.6546875 0.3609375 0.04921875 0.0484375
1 0.81484375 0.5015625 0.05234375 0.0484375
1 0.54765625 0.56171875 0.04921875 0.04765625
0 0.715625 0.92734375 0.0515625 0.0484375
1 0.146875 0.50859375 0.05078125 0.04921875
1 0.775 0.39765625 0.0515625 0.05078125
1 0.3609375 0.3609375 0.0515625 0.04921875
1 0.5 0.51484375 0.0515625 0.0484375
1 0.60234375 0.81953125 0.0515625 0.0484375
1 0.6578125 0.6140625 0.05078125 0.0484375
1 0.7609375 0.62421875 0.05390625 0.05078125
1 0.178125 0.88046875 0.05234375 0.05
1 0.0375 0.4359375 0.0515625 0.0484375
1 0.1 0.65625 0.053125 0.05078125
1 0.0484375 0.66640625 0.0515625 0.05
1 0.203125 0.2546875 0.05234375 0.0484375
1 0.6453125 0.44296875 0.04765625 0.05
1 0.56875 0.77890625 0.05 0.04921875
1 0.50078125 0.775 0.0515625 0.0484375
1 0.5953125 0.71875 0.05 0.0484375
1 0.08828125 0.859375 0.053125 0.04921875
1 0.19140625 0.8140625 0.053125 0.05078125
1 0.75078125 0.50703125 0.05234375 0.05
1 0.71328125 0.3421875 0.0515625 0.05
1 0.65234375 0.70859375 0.05078125 0.0484375
1 0.54296875 0.71875 0.0484375 0.0484375
1 0.1921875 0.76640625 0.05078125 0.04921875
1 0.6078125 0.303125 0.04921875 0.04921875
1 0.49296875 0.72734375 0.05 0.0484375
1 0.53359375 0.82109375 0.05 0.04921875
1 0.5953125 0.44140625 0.0484375 0.05
1 0.76875 0.46484375 0.053125 0.04921875
1 0.090625 0.3484375 0.053125 0.05
1 0.55625 0.3046875 0.05078125 0.04921875
1 0.46796875 0.371875 0.05234375 0.05
0 0.96640625 0.9734375 0.05 0.04765625
1 0.496875 0.56171875 0.05078125 0.0484375
1 0.65703125 0.82578125 0.0515625 0.0484375
1 0.57109375 0.35625 0.05078125 0.04921875
1 0.6109375 0.884375 0.0515625 0.04921875
1 0.753125 0.71875 0.053125 0.05
1 0.103125 0.30234375 0.0515625 0.04921875
1 0.3015625 0.20390625 0.0515625 0.04921875
1 0.346875 0.915625 0.0515625 0.05
1 0.246875 0.87734375 0.0546875 0.0515625
1 0.296875 0.91640625 0.053125 0.05078125
0 0.86640625 0.8875 0.0515625 0.04765625
1 0.4828125 0.825 0.05078125 0.04921875
0 0.92734375 0.88515625 0.05078125 0.04765625
1 0.6546875 0.659375 0.05 0.04921875
1 0.4078125 0.88125 0.0515625 0.04921875
1 0.70703125 0.66484375 0.0515625 0.05078125
1 0.81875 0.6796875 0.05 0.04921875
1 0.5140625 0.40703125 0.04921875 0.04921875
1 0.61796875 0.3984375 0.05 0.0484375
1 0.6078125 0.25 0.05 0.04765625
1 0.465625 0.41875 0.05078125 0.04765625
0 0.81796875 0.86484375 0.05078125 0.046875
0 0.9734375 0.9265625 0.0484375 0.04921875
1 0.45859375 0.865625 0.0515625 0.05
1 0.709375 0.29375 0.0515625 0.04921875
1 0.5109375 0.875 0.0515625 0.05078125
1 0.0375 0.34765625 0.0515625 0.0484375
1 0.60546875 0.65234375 0.05 0.04765625
1 0.39609375 0.9265625 0.05234375 0.0484375
1 0.7125 0.78046875 0.053125 0.05
1 0.44765625 0.91640625 0.0515625 0.05
1 0.50546875 0.921875 0.053125 0.04921875
1 0.759375 0.81171875 0.05390625 0.05
0 0.7203125 0.87890625 0.05078125 0.0484375
1 0.70859375 0.82734375 0.05078125 0.05
1 0.76953125 0.86328125 0.0546875 0.05
1 0.2484375 0.20078125 0.05 0.04765625
1 0.19921875 0.20078125 0.04921875 0.04765625
1 0.5640625 0.40546875 0.05078125 0.0515625
0 0.96953125 0.88125 0.04921875 0.05
0 0.5578125 0.8890625 0.05078125 0.0484375
1 0.76484375 0.915625 0.05390625 0.04921875
1 0.24609375 0.92265625 0.053125 0.05078125
0 0.9203125 0.81875 0.05 0.0484375
0 0.66953125 0.88984375 0.0515625 0.0421875
0 0.81953125 0.81953125 0.05234375 0.05
0 0.9703125 0.8265625 0.04921875 0.04921875
1 0.76640625 0.6734375 0.05390625 0.0515625
0 0.76171875 0.76484375 0.05390625 0.04921875
0 0.7015625 0.71953125 0.05234375 0.0484375
0 0.91171875 0.715625 0.05 0.0484375
0 0.87265625 0.771875 0.0515625 0.04921875
1 0.50625 0.9734375 0.053125 0.04921875
0 0.975 0.7078125 0.05 0.05
0 0.9703125 0.76796875 0.05 0.05078125
0 0.5578125 0.659375 0.05 0.0484375
1 0.19140625 0.9671875 0.053125 0.04921875
0 0.65546875 0.775 0.05078125 0.04921875
0 0.50625 0.6640625 0.05234375 0.04921875
0 0.60078125 0.565625 0.053125 0.0484375
0 0.97578125 0.6609375 0.0484375 0.05
0 0.65703125 0.56171875 0.0515625 0.0484375
1 0.5546875 0.97890625 0.0515625 0.04140625
1 0.45546875 0.978125 0.05078125 0.04375
1 0.33984375 0.97890625 0.0515625 0.0421875
0 0.44375 0.559375 0.053125 0.05078125
0 0.9734375 0.61484375 0.0515625 0.05234375
1 0.03984375 0.97109375 0.053125 0.0484375
1 0.40546875 0.98125 0.0515625 0.0375
0 0.44609375 0.51015625 0.0546875 0.05234375
0 0.4984375 0.465625 0.0515625 0.05
0 0.97578125 0.46171875 0.0484375 0.0515625
0 0.403125 0.41171875 0.0546875 0.05234375
0 0.6 0.5125 0.05234375 0.04765625
0 0.196875 0.140625 0.053125 0.0515625
1 0.29296875 0.03984375 0.05078125 0.04921875
0 0.24765625 0.1375 0.05390625 0.0515625
0 0.1546875 0.1046875 0.0515625 0.05
0 0.97421875 0.0859375 0.0515625 0.05234375
0 0.97578125 0.14140625 0.0484375 0.05234375
0 0.0515625 0.3015625 0.0515625 0.04921875
0 0.05703125 0.10234375 0.053125 0.0515625
0 0.4515625 0.0359375 0.05078125 0.04765625
0 0.38984375 0.0375 0.05234375 0.0484375
0 0.2015625 0.090625 0.05234375 0.05
0 0.97421875 0.02578125 0.0515625 0.0515625
0 0.1046875 0.03359375 0.0515625 0.05
0 0.70859375 0.9734375 0.0515625 0.046875
0 0.5109375 0.14296875 0.05234375 0.0484375
0 0.76875 0.140625 0.05 0.05078125
0 0.81171875 0.7734375 0.05 0.046875
0 0.80625 0.7265625 0.0515625 0.04765625
0 0.85625 0.71484375 0.05 0.04921875
0 0.86484375 0.6578125 0.0515625 0.046875
0 0.81953125 0.6109375 0.053125 0.046875
0 0.871875 0.6109375 0.05 0.0484375
0 0.92265625 0.609375 0.04921875 0.05
0 0.81953125 0.55546875 0.05234375 0.04765625
0 0.8734375 0.5609375 0.05546875 0.046875
0 0.9734375 0.56484375 0.0515625 0.046875
0 0.96875 0.51796875 0.05078125 0.0484375
0 0.91875 0.5234375 0.05 0.04765625
0 0.8671875 0.51171875 0.05078125 0.04921875
0 0.44765625 0.46171875 0.0484375 0.046875
0 0.39921875 0.45859375 0.0484375 0.04609375
0 0.34921875 0.4078125 0.0515625 0.053125
0 0.41171875 0.36484375 0.05 0.0484375
0 0.51640625 0.3578125 0.05 0.04765625
0 0.3546875 0.31171875 0.0484375 0.05078125
0 0.40390625 0.31640625 0.0515625 0.05234375
0 0.4578125 0.3234375 0.05 0.05078125
0 0.50703125 0.31171875 0.05234375 0.0484375
0 0.35234375 0.25703125 0.0515625 0.05
0 0.50703125 0.26015625 0.053125 0.05234375
0 0.5578125 0.25546875 0.04765625 0.0515625
0 0.15546875 0.240625 0.04921875 0.04921875
0 0.1046875 0.25 0.053125 0.04921875
0 0.09921875 0.20078125 0.0515625 0.04921875
0 0.04453125 0.2015625 0.0515625 0.046875
0 0.15078125 0.1921875 0.0515625 0.04921875
0 0.0421875 0.15390625 0.0515625 0.0484375
0 0.10625 0.11953125 0.05 0.04921875
0 0.30078125 0.1453125 0.05 0.05078125
0 0.35234375 0.09296875 0.05 0.04921875
0 0.3515625 0.14296875 0.05 0.053125
0 0.40390625 0.09453125 0.0515625 0.053125
0 0.4015625 0.14453125 0.05078125 0.05
0 0.41171875 0.1984375 0.053125 0.04921875
0 0.3546875 0.19765625 0.053125 0.05
0 0.45625 0.1453125 0.0546875 0.0515625
0 0.515625 0.196875 0.05 0.05
0 0.56484375 0.2015625 0.05 0.0515625
0 0.61640625 0.20390625 0.0515625 0.046875
0 0.6046875 0.1546875 0.05078125 0.0484375
0 0.65703125 0.24453125 0.05 0.05
0 0.65859375 0.29921875 0.0515625 0.05
0 0.51796875 0.09140625 0.05234375 0.05
0 0.5546875 0.0375 0.05078125 0.0484375
0 0.60625 0.03984375 0.04921875 0.053125
0 0.65703125 0.05 0.0515625 0.04921875
0 0.66484375 0.09921875 0.05078125 0.05
0 0.70390625 0.03203125 0.05078125 0.05078125
0 0.7546875 0.034375 0.05078125 0.053125
0 0.71875 0.10078125 0.05234375 0.04921875
0 0.71875 0.15078125 0.05 0.04765625
0 0.71640625 0.1984375 0.04921875 0.046875
0 0.70859375 0.246875 0.05078125 0.0484375
0 0.7671875 0.1953125 0.0515625 0.05078125
0 0.759375 0.24453125 0.05 0.0484375
0 0.7609375 0.29375 0.04921875 0.05078125
0 0.765625 0.34609375 0.05234375 0.05078125
0 0.8109375 0.2921875 0.05 0.0484375
0 0.82578125 0.353125 0.04921875 0.05078125
0 0.88046875 0.45859375 0.053125 0.0515625
0 0.82421875 0.4546875 0.0546875 0.046875
0 0.825 0.40625 0.05234375 0.0515625
0 0.878125 0.40390625 0.0515625 0.053125
0 0.93046875 0.40390625 0.05234375 0.0515625
0 0.978125 0.4109375 0.04296875 0.046875
0 0.96953125 0.353125 0.053125 0.0515625
0 0.8765625 0.34296875 0.05078125 0.05
0 0.8609375 0.2953125 0.05 0.04921875
0 0.9125 0.30078125 0.05234375 0.053125
0 0.965625 0.29765625 0.053125 0.04921875
0 0.97578125 0.2515625 0.0484375 0.046875
0 0.8703125 0.24765625 0.0515625 0.04765625
0 0.9796875 0.203125 0.040625 0.05
0 0.93359375 0.20078125 0.05 0.0515625
0 0.88203125 0.20078125 0.05078125 0.04765625
0 0.82109375 0.19609375 0.05625 0.0515625
0 0.8625 0.14609375 0.0546875 0.05
0 0.8109375 0.096875 0.0515625 0.04921875
0 0.86953125 0.08828125 0.05390625 0.04921875
0 0.9234375 0.0921875 0.05390625 0.05234375
0 0.809375 0.04375 0.0546875 0.05234375
0 0.86171875 0.034375 0.05234375 0.05078125
0 0.9265625 0.0390625 0.05234375 0.0484375
0 0.8703125 0.83203125 0.04921875 0.0515625